Start
bipartite_low_5
10.753290171
1.292318403
1.91066946
10.859933337
1.173629937
0.114508627
12.44469466
1.255168558
0.102674574
14.615784576
1.56373223
1.998402157
14.173225382
1.540193964
2.078119336
15.580381263
1.340822684
0.12111514
15.599579581
1.192659756
0.120759802
17.284290377
1.395043587
0.100420699
18.35200171
1.211315655
0.114578056
20.097549159
1.539221026
2.614446767
61.395515481
4.416368628
9.244077511
67.669911031
4.333967516
7.777267781
76.251102769
4.76342439
0.116059008
87.980820696
5.204628629
7.882302078
86.231892095
4.859253054
0.120087417
99.336283044
5.558703136
0.121688521
106.51058409
4.981637776
0.125489514
113.803311203
5.139705844
0.124907458
121.135571407
5.968019727
0.132180079
124.562824013
5.348651551
8.464910448
