Start
filler
0.073932325
0.072718493
0.471815783
0.084805788
0.05917738
0.508406406
0.085506978
0.076990552
0.534148185
0.077603118
0.07413863
0.633424482
0.050643437
0.081034174
0.44086464
0.071835947
0.069318389
0.077876645
0.0865579
0.081050102
0.092770011
0.094402893
0.074535773
0.591653047
0.080981514
0.072369759
0.738195984
0.083880259
0.070093463
0.700315644
0.222792796
0.145791479
0.996144198
0.216232742
0.149180339
0.044277537
0.254240673
0.179348994
0.9643385
0.27354998
0.144819483
1.391307599
0.287912562
0.136185662
1.393325226
0.258672059
0.171515607
0.047043906
0.313802748
0.169923897
0.068370436
0.296720564
0.130751328
0.060141651
0.330716018
0.173009199
0.054592899
0.311253209
0.173976958
0.064314489
