Start
...
0.126458269
0.100919395
0.487754674
0.139472414
0.102694911
0.406420798
0.178296408
0.107630925
0.505155905
0.186134792
0.07816328
0.566657615
0.199678348
0.111733782
0.523424488
0.226178904
0.089847848
0.458516061
0.254604615
0.109535786
0.328407831
0.237667303
0.119441882
0.475056074
0.247999079
0.109707421
0.451995131
0.279587969
0.122641109
0.338274088
0.262191905
0.115268577
0.277590823
0.367671206
0.15498325
0.380762675
0.36788216
0.146036132
0.341983923
0.460284421
0.165898053
0.440553499
0.553857025
0.156650639
0.412973509
0.573204046
0.183961122
0.25204716
0.590217336
0.180275472
0.398354827
0.721374995
0.142967277
0.247327676
0.711677593
0.154022345
0.520674994
0.7710033
0.174610232
0.49845133
