Start
filler
3.444138059
0.591262959
0.115833321
4.541246166
0.56922581
0.096475334
5.863905412
0.652653335
0.098998668
6.41762169
0.782501246
4.900689822
4.268923498
0.614091927
4.864039595
8.321414345
0.782371142
4.988349391
7.930721424
0.745312606
5.62106637
7.275150802
0.624292848
0.086786043
7.72368445
0.667500335
5.311229872
10.24325313
0.738852251
5.09897219
4.769926133
0.646784656
5.391415667
19.469324731
1.742576527
0.072807749
28.600609265
2.105702841
0.075410441
33.791123625
1.948517566
0.060781626
30.627076119
2.037976185
0.083271633
38.747790941
2.518645556
8.939031235
27.386588395
1.584692248
0.128084371
48.593528692
2.673138042
9.161893316
59.20928367
2.623865737
0.087659338
23.712247217
1.351286231
0.072851522
