s (1,1) 3
s (2,1) 42
s (3,1) 63
s (4,1) 78
s (5,1) 93
s (6,1) 21
s (7,1) 100
s (8,1) 77
s (9,1) 83
s (10,1) 98
s (11,1) 25
s (12,1) 28
s (13,1) 49
s (14,1) 6
s (15,1) 61
s (16,1) 74
s (17,1) 66
s (18,1) 50
s (19,1) 51
s (20,1) 100
s (21,1) 16
s (22,1) 24
s (23,1) 58
s (24,1) 43
s (25,1) 32
s (26,1) 51
s (27,1) 49
s (28,1) 55
s (29,1) 24
s (30,1) 51
s (31,1) 67
s (32,1) 62
s (33,1) 50
s (34,1) 38
s (35,1) 53
s (36,1) 42
s (37,1) 23
s (38,1) 35
s (39,1) 33
s (40,1) 83
s (41,1) 53
s (42,1) 94
s (43,1) 11
s (44,1) 61
s (45,1) 17
s (46,1) 76
s (47,1) 92
s (48,1) 31
s (49,1) 21
s (50,1) 17
s (51,1) 38
s (52,1) 92
s (53,1) 61
s (54,1) 68
s (55,1) 75
s (56,1) 95
s (57,1) 14
s (58,1) 52
s (59,1) 73
s (60,1) 26
s (61,1) 25
s (62,1) 98
s (63,1) 58
s (64,1) 47
s (65,1) 30
s (66,1) 58
s (67,1) 38
s (68,1) 4
s (69,1) 32
s (70,1) 75
s (71,1) 14
s (72,1) 97
s (73,1) 16
s (74,1) 29
s (75,1) 34
s (76,1) 48
s (77,1) 55
s (78,1) 2
s (79,1) 44
s (80,1) 49
s (81,1) 38
s (82,1) 26
s (83,1) 51
s (84,1) 32
s (85,1) 41
s (86,1) 32
s (87,1) 25
s (88,1) 41
s (89,1) 8
s (90,1) 76
s (91,1) 96
s (92,1) 94
s (93,1) 20
s (94,1) 70
s (95,1) 8
s (96,1) 20
s (97,1) 53
s (98,1) 21
s (99,1) 35
s (100,1) 16
(1,1) (1,2) 78
(2,1) (2,2) 32
(3,1) (3,2) 19
(4,1) (4,2) 12
(5,1) (5,2) 93
(6,1) (6,2) 69
(7,1) (7,2) 78
(8,1) (8,2) 23
(9,1) (9,2) 30
(10,1) (10,2) 62
(11,1) (11,2) 4
(12,1) (12,2) 5
(13,1) (13,2) 85
(14,1) (14,2) 41
(15,1) (15,2) 9
(16,1) (16,2) 16
(17,1) (17,2) 46
(18,1) (18,2) 92
(19,1) (19,2) 78
(20,1) (20,2) 85
(21,1) (21,2) 56
(22,1) (22,2) 33
(23,1) (23,2) 5
(24,1) (24,2) 71
(25,1) (25,2) 79
(26,1) (26,2) 27
(27,1) (27,2) 33
(28,1) (28,2) 23
(29,1) (29,2) 5
(30,1) (30,2) 56
(31,1) (31,2) 56
(32,1) (32,2) 5
(33,1) (33,2) 69
(34,1) (34,2) 95
(35,1) (35,2) 52
(36,1) (36,2) 70
(37,1) (37,2) 14
(38,1) (38,2) 26
(39,1) (39,2) 33
(40,1) (40,2) 31
(41,1) (41,2) 54
(42,1) (42,2) 57
(43,1) (43,2) 54
(44,1) (44,2) 37
(45,1) (45,2) 50
(46,1) (46,2) 57
(47,1) (47,2) 4
(48,1) (48,2) 60
(49,1) (49,2) 63
(50,1) (50,2) 84
(51,1) (51,2) 8
(52,1) (52,2) 11
(53,1) (53,2) 83
(54,1) (54,2) 70
(55,1) (55,2) 92
(56,1) (56,2) 85
(57,1) (57,2) 18
(58,1) (58,2) 5
(59,1) (59,2) 44
(60,1) (60,2) 62
(61,1) (61,2) 81
(62,1) (62,2) 50
(63,1) (63,2) 51
(64,1) (64,2) 67
(65,1) (65,2) 56
(66,1) (66,2) 69
(67,1) (67,2) 5
(68,1) (68,2) 41
(69,1) (69,2) 44
(70,1) (70,2) 91
(71,1) (71,2) 89
(72,1) (72,2) 59
(73,1) (73,2) 80
(74,1) (74,2) 7
(75,1) (75,2) 28
(76,1) (76,2) 43
(77,1) (77,2) 29
(78,1) (78,2) 34
(79,1) (79,2) 13
(80,1) (80,2) 79
(81,1) (81,2) 46
(82,1) (82,2) 64
(83,1) (83,2) 72
(84,1) (84,2) 35
(85,1) (85,2) 18
(86,1) (86,2) 24
(87,1) (87,2) 26
(88,1) (88,2) 15
(89,1) (89,2) 84
(90,1) (90,2) 80
(91,1) (91,2) 38
(92,1) (92,2) 76
(93,1) (93,2) 16
(94,1) (94,2) 35
(95,1) (95,2) 10
(96,1) (96,2) 68
(97,1) (97,2) 32
(98,1) (98,2) 20
(99,1) (99,2) 45
(100,1) (100,2) 64
(1,2) (1,3) 64
(2,2) (2,3) 16
(3,2) (3,3) 13
(4,2) (4,3) 97
(5,2) (5,3) 40
(6,2) (6,3) 63
(7,2) (7,3) 55
(8,2) (8,3) 6
(9,2) (9,3) 91
(10,2) (10,3) 40
(11,2) (11,3) 83
(12,2) (12,3) 14
(13,2) (13,3) 31
(14,2) (14,3) 8
(15,2) (15,3) 34
(16,2) (16,3) 17
(17,2) (17,3) 3
(18,2) (18,3) 45
(19,2) (19,3) 61
(20,2) (20,3) 42
(21,2) (21,3) 10
(22,2) (22,3) 88
(23,2) (23,3) 79
(24,2) (24,3) 57
(25,2) (25,3) 28
(26,2) (26,3) 72
(27,2) (27,3) 76
(28,2) (28,3) 18
(29,2) (29,3) 76
(30,2) (30,3) 49
(31,2) (31,3) 46
(32,2) (32,3) 39
(33,2) (33,3) 100
(34,2) (34,3) 98
(35,2) (35,3) 78
(36,2) (36,3) 9
(37,2) (37,3) 61
(38,2) (38,3) 39
(39,2) (39,3) 11
(40,2) (40,3) 54
(41,2) (41,3) 26
(42,2) (42,3) 40
(43,2) (43,3) 30
(44,2) (44,3) 68
(45,2) (45,3) 47
(46,2) (46,3) 7
(47,2) (47,3) 41
(48,2) (48,3) 10
(49,2) (49,3) 7
(50,2) (50,3) 77
(51,2) (51,3) 19
(52,2) (52,3) 53
(53,2) (53,3) 47
(54,2) (54,3) 56
(55,2) (55,3) 47
(56,2) (56,3) 41
(57,2) (57,3) 100
(58,2) (58,3) 84
(59,2) (59,3) 53
(60,2) (60,3) 58
(61,2) (61,3) 61
(62,2) (62,3) 60
(63,2) (63,3) 94
(64,2) (64,3) 98
(65,2) (65,3) 81
(66,2) (66,3) 88
(67,2) (67,3) 31
(68,2) (68,3) 52
(69,2) (69,3) 27
(70,2) (70,3) 6
(71,2) (71,3) 7
(72,2) (72,3) 76
(73,2) (73,3) 43
(74,2) (74,3) 50
(75,2) (75,3) 70
(76,2) (76,3) 46
(77,2) (77,3) 54
(78,2) (78,3) 67
(79,2) (79,3) 43
(80,2) (80,3) 33
(81,2) (81,3) 75
(82,2) (82,3) 47
(83,2) (83,3) 60
(84,2) (84,3) 65
(85,2) (85,3) 12
(86,2) (86,3) 82
(87,2) (87,3) 33
(88,2) (88,3) 21
(89,2) (89,3) 80
(90,2) (90,3) 8
(91,2) (91,3) 94
(92,2) (92,3) 83
(93,2) (93,3) 71
(94,2) (94,3) 1
(95,2) (95,3) 5
(96,2) (96,3) 49
(97,2) (97,3) 36
(98,2) (98,3) 39
(99,2) (99,3) 40
(100,2) (100,3) 46
(1,3) (1,4) 75
(2,3) (2,4) 31
(3,3) (3,4) 13
(4,3) (4,4) 58
(5,3) (5,4) 55
(6,3) (6,4) 85
(7,3) (7,4) 68
(8,3) (8,4) 8
(9,3) (9,4) 43
(10,3) (10,4) 90
(11,3) (11,4) 78
(12,3) (12,4) 86
(13,3) (13,4) 33
(14,3) (14,4) 67
(15,3) (15,4) 22
(16,3) (16,4) 66
(17,3) (17,4) 73
(18,3) (18,4) 44
(19,3) (19,4) 54
(20,3) (20,4) 95
(21,3) (21,4) 16
(22,3) (22,4) 63
(23,3) (23,4) 33
(24,3) (24,4) 50
(25,3) (25,4) 52
(26,3) (26,4) 28
(27,3) (27,4) 53
(28,3) (28,4) 77
(29,3) (29,4) 63
(30,3) (30,4) 58
(31,3) (31,4) 57
(32,3) (32,4) 39
(33,3) (33,4) 65
(34,3) (34,4) 16
(35,3) (35,4) 91
(36,3) (36,4) 86
(37,3) (37,4) 40
(38,3) (38,4) 69
(39,3) (39,4) 59
(40,3) (40,4) 61
(41,3) (41,4) 15
(42,3) (42,4) 1
(43,3) (43,4) 35
(44,3) (44,4) 33
(45,3) (45,4) 71
(46,3) (46,4) 98
(47,3) (47,4) 87
(48,3) (48,4) 40
(49,3) (49,4) 41
(50,3) (50,4) 4
(51,3) (51,4) 10
(52,3) (52,4) 41
(53,3) (53,4) 56
(54,3) (54,4) 45
(55,3) (55,4) 41
(56,3) (56,4) 95
(57,3) (57,4) 99
(58,3) (58,4) 77
(59,3) (59,4) 60
(60,3) (60,4) 100
(61,3) (61,4) 44
(62,3) (62,4) 85
(63,3) (63,4) 39
(64,3) (64,4) 70
(65,3) (65,4) 4
(66,3) (66,4) 11
(67,3) (67,4) 66
(68,3) (68,4) 6
(69,3) (69,4) 67
(70,3) (70,4) 42
(71,3) (71,4) 35
(72,3) (72,4) 26
(73,3) (73,4) 57
(74,3) (74,4) 36
(75,3) (75,4) 42
(76,3) (76,4) 58
(77,3) (77,4) 3
(78,3) (78,4) 19
(79,3) (79,4) 43
(80,3) (80,4) 98
(81,3) (81,4) 4
(82,3) (82,4) 8
(83,3) (83,4) 9
(84,3) (84,4) 66
(85,3) (85,4) 39
(86,3) (86,4) 19
(87,3) (87,4) 19
(88,3) (88,4) 73
(89,3) (89,4) 66
(90,3) (90,4) 95
(91,3) (91,4) 95
(92,3) (92,4) 92
(93,3) (93,4) 81
(94,3) (94,4) 57
(95,3) (95,4) 44
(96,3) (96,4) 48
(97,3) (97,4) 97
(98,3) (98,4) 25
(99,3) (99,4) 37
(100,3) (100,4) 4
(1,4) (1,5) 33
(2,4) (2,5) 81
(3,4) (3,5) 65
(4,4) (4,5) 47
(5,4) (5,5) 10
(6,4) (6,5) 4
(7,4) (7,5) 74
(8,4) (8,5) 77
(9,4) (9,5) 83
(10,4) (10,5) 6
(11,4) (11,5) 92
(12,4) (12,5) 80
(13,4) (13,5) 19
(14,4) (14,5) 97
(15,4) (15,5) 39
(16,4) (16,5) 22
(17,4) (17,5) 51
(18,4) (18,5) 100
(19,4) (19,5) 29
(20,4) (20,5) 65
(21,4) (21,5) 1
(22,4) (22,5) 64
(23,4) (23,5) 54
(24,4) (24,5) 48
(25,4) (25,5) 24
(26,4) (26,5) 81
(27,4) (27,5) 35
(28,4) (28,5) 49
(29,4) (29,5) 79
(30,4) (30,5) 67
(31,4) (31,5) 30
(32,4) (32,5) 55
(33,4) (33,5) 12
(34,4) (34,5) 10
(35,4) (35,5) 88
(36,4) (36,5) 59
(37,4) (37,5) 33
(38,4) (38,5) 3
(39,4) (39,5) 56
(40,4) (40,5) 59
(41,4) (41,5) 97
(42,4) (42,5) 32
(43,4) (43,5) 76
(44,4) (44,5) 48
(45,4) (45,5) 86
(46,4) (46,5) 55
(47,4) (47,5) 3
(48,4) (48,5) 85
(49,4) (49,5) 67
(50,4) (50,5) 81
(51,4) (51,5) 58
(52,4) (52,5) 11
(53,4) (53,5) 85
(54,4) (54,5) 50
(55,4) (55,5) 21
(56,4) (56,5) 80
(57,4) (57,5) 72
(58,4) (58,5) 38
(59,4) (59,5) 49
(60,4) (60,5) 100
(61,4) (61,5) 51
(62,4) (62,5) 87
(63,4) (63,5) 63
(64,4) (64,5) 76
(65,4) (65,5) 78
(66,4) (66,5) 80
(67,4) (67,5) 56
(68,4) (68,5) 71
(69,4) (69,5) 95
(70,4) (70,5) 34
(71,4) (71,5) 12
(72,4) (72,5) 62
(73,4) (73,5) 91
(74,4) (74,5) 17
(75,4) (75,5) 98
(76,4) (76,5) 12
(77,4) (77,5) 88
(78,4) (78,5) 70
(79,4) (79,5) 10
(80,4) (80,5) 15
(81,4) (81,5) 59
(82,4) (82,5) 93
(83,4) (83,5) 66
(84,4) (84,5) 90
(85,4) (85,5) 70
(86,4) (86,5) 95
(87,4) (87,5) 75
(88,4) (88,5) 56
(89,4) (89,5) 24
(90,4) (90,5) 47
(91,4) (91,5) 48
(92,4) (92,5) 26
(93,4) (93,5) 24
(94,4) (94,5) 42
(95,4) (95,5) 77
(96,4) (96,5) 57
(97,4) (97,5) 25
(98,4) (98,5) 43
(99,4) (99,5) 81
(100,4) (100,5) 87
(1,5) (1,6) 39
(2,5) (2,6) 8
(3,5) (3,6) 6
(4,5) (4,6) 4
(5,5) (5,6) 40
(6,5) (6,6) 35
(7,5) (7,6) 42
(8,5) (8,6) 9
(9,5) (9,6) 17
(10,5) (10,6) 94
(11,5) (11,6) 24
(12,5) (12,6) 80
(13,5) (13,6) 91
(14,5) (14,6) 20
(15,5) (15,6) 70
(16,5) (16,6) 39
(17,5) (17,6) 63
(18,5) (18,6) 33
(19,5) (19,6) 38
(20,5) (20,6) 100
(21,5) (21,6) 90
(22,5) (22,6) 76
(23,5) (23,6) 63
(24,5) (24,6) 30
(25,5) (25,6) 83
(26,5) (26,6) 15
(27,5) (27,6) 40
(28,5) (28,6) 92
(29,5) (29,6) 75
(30,5) (30,6) 88
(31,5) (31,6) 80
(32,5) (32,6) 98
(33,5) (33,6) 94
(34,5) (34,6) 39
(35,5) (35,6) 66
(36,5) (36,6) 88
(37,5) (37,6) 59
(38,5) (38,6) 100
(39,5) (39,6) 57
(40,5) (40,6) 90
(41,5) (41,6) 66
(42,5) (42,6) 43
(43,5) (43,6) 49
(44,5) (44,6) 37
(45,5) (45,6) 32
(46,5) (46,6) 35
(47,5) (47,6) 56
(48,5) (48,6) 34
(49,5) (49,6) 93
(50,5) (50,6) 41
(51,5) (51,6) 40
(52,5) (52,6) 61
(53,5) (53,6) 61
(54,5) (54,6) 50
(55,5) (55,6) 70
(56,5) (56,6) 46
(57,5) (57,6) 3
(58,5) (58,6) 4
(59,5) (59,6) 63
(60,5) (60,6) 99
(61,5) (61,6) 78
(62,5) (62,6) 66
(63,5) (63,6) 4
(64,5) (64,6) 21
(65,5) (65,6) 31
(66,5) (66,6) 42
(67,5) (67,6) 59
(68,5) (68,6) 70
(69,5) (69,6) 38
(70,5) (70,6) 88
(71,5) (71,6) 30
(72,5) (72,6) 84
(73,5) (73,6) 43
(74,5) (74,6) 73
(75,5) (75,6) 16
(76,5) (76,6) 57
(77,5) (77,6) 12
(78,5) (78,6) 5
(79,5) (79,6) 42
(80,5) (80,6) 86
(81,5) (81,6) 47
(82,5) (82,6) 15
(83,5) (83,6) 5
(84,5) (84,6) 70
(85,5) (85,6) 32
(86,5) (86,6) 100
(87,5) (87,6) 69
(88,5) (88,6) 4
(89,5) (89,6) 33
(90,5) (90,6) 76
(91,5) (91,6) 100
(92,5) (92,6) 72
(93,5) (93,6) 88
(94,5) (94,6) 89
(95,5) (95,6) 29
(96,5) (96,6) 4
(97,5) (97,6) 63
(98,5) (98,6) 20
(99,5) (99,6) 67
(100,5) (100,6) 30
(1,6) (1,7) 24
(2,6) (2,7) 38
(3,6) (3,7) 81
(4,6) (4,7) 51
(5,6) (5,7) 55
(6,6) (6,7) 16
(7,6) (7,7) 71
(8,6) (8,7) 48
(9,6) (9,7) 24
(10,6) (10,7) 15
(11,6) (11,7) 48
(12,6) (12,7) 56
(13,6) (13,7) 49
(14,6) (14,7) 47
(15,6) (15,7) 39
(16,6) (16,7) 30
(17,6) (17,7) 93
(18,6) (18,7) 75
(19,6) (19,7) 1
(20,6) (20,7) 88
(21,6) (21,7) 85
(22,6) (22,7) 75
(23,6) (23,7) 97
(24,6) (24,7) 82
(25,6) (25,7) 96
(26,6) (26,7) 22
(27,6) (27,7) 84
(28,6) (28,7) 14
(29,6) (29,7) 82
(30,6) (30,7) 59
(31,6) (31,7) 72
(32,6) (32,7) 17
(33,6) (33,7) 97
(34,6) (34,7) 6
(35,6) (35,7) 99
(36,6) (36,7) 18
(37,6) (37,7) 35
(38,6) (38,7) 19
(39,6) (39,7) 16
(40,6) (40,7) 54
(41,6) (41,7) 96
(42,6) (42,7) 92
(43,6) (43,7) 37
(44,6) (44,7) 44
(45,6) (45,7) 1
(46,6) (46,7) 61
(47,6) (47,7) 88
(48,6) (48,7) 3
(49,6) (49,7) 15
(50,6) (50,7) 30
(51,6) (51,7) 49
(52,6) (52,7) 11
(53,6) (53,7) 42
(54,6) (54,7) 52
(55,6) (55,7) 27
(56,6) (56,7) 61
(57,6) (57,7) 97
(58,6) (58,7) 72
(59,6) (59,7) 87
(60,6) (60,7) 16
(61,6) (61,7) 87
(62,6) (62,7) 37
(63,6) (63,7) 18
(64,6) (64,7) 81
(65,6) (65,7) 52
(66,6) (66,7) 25
(67,6) (67,7) 78
(68,6) (68,7) 14
(69,6) (69,7) 18
(70,6) (70,7) 84
(71,6) (71,7) 23
(72,6) (72,7) 23
(73,6) (73,7) 88
(74,6) (74,7) 21
(75,6) (75,7) 100
(76,6) (76,7) 33
(77,6) (77,7) 72
(78,6) (78,7) 49
(79,6) (79,7) 54
(80,6) (80,7) 1
(81,6) (81,7) 6
(82,6) (82,7) 85
(83,6) (83,7) 34
(84,6) (84,7) 57
(85,6) (85,7) 68
(86,6) (86,7) 60
(87,6) (87,7) 82
(88,6) (88,7) 82
(89,6) (89,7) 33
(90,6) (90,7) 56
(91,6) (91,7) 12
(92,6) (92,7) 22
(93,6) (93,7) 66
(94,6) (94,7) 19
(95,6) (95,7) 59
(96,6) (96,7) 52
(97,6) (97,7) 19
(98,6) (98,7) 42
(99,6) (99,7) 64
(100,6) (100,7) 23
(1,7) (1,8) 5
(2,7) (2,8) 97
(3,7) (3,8) 86
(4,7) (4,8) 11
(5,7) (5,8) 24
(6,7) (6,8) 4
(7,7) (7,8) 16
(8,7) (8,8) 20
(9,7) (9,8) 60
(10,7) (10,8) 79
(11,7) (11,8) 22
(12,7) (12,8) 42
(13,7) (13,8) 70
(14,7) (14,8) 69
(15,7) (15,8) 7
(16,7) (16,8) 62
(17,7) (17,8) 36
(18,7) (18,8) 8
(19,7) (19,8) 41
(20,7) (20,8) 27
(21,7) (21,8) 99
(22,7) (22,8) 89
(23,7) (23,8) 23
(24,7) (24,8) 63
(25,7) (25,8) 12
(26,7) (26,8) 58
(27,7) (27,8) 65
(28,7) (28,8) 61
(29,7) (29,8) 21
(30,7) (30,8) 86
(31,7) (31,8) 9
(32,7) (32,8) 48
(33,7) (33,8) 99
(34,7) (34,8) 83
(35,7) (35,8) 39
(36,7) (36,8) 11
(37,7) (37,8) 41
(38,7) (38,8) 8
(39,7) (39,8) 10
(40,7) (40,8) 45
(41,7) (41,8) 25
(42,7) (42,8) 38
(43,7) (43,8) 19
(44,7) (44,8) 15
(45,7) (45,8) 66
(46,7) (46,8) 58
(47,7) (47,8) 19
(48,7) (48,8) 49
(49,7) (49,8) 18
(50,7) (50,8) 22
(51,7) (51,8) 61
(52,7) (52,8) 46
(53,7) (53,8) 62
(54,7) (54,8) 55
(55,7) (55,8) 74
(56,7) (56,8) 80
(57,7) (57,8) 73
(58,7) (58,8) 16
(59,7) (59,8) 65
(60,7) (60,8) 64
(61,7) (61,8) 46
(62,7) (62,8) 84
(63,7) (63,8) 63
(64,7) (64,8) 86
(65,7) (65,8) 13
(66,7) (66,8) 78
(67,7) (67,8) 76
(68,7) (68,8) 98
(69,7) (69,8) 13
(70,7) (70,8) 98
(71,7) (71,8) 76
(72,7) (72,8) 55
(73,7) (73,8) 71
(74,7) (74,8) 64
(75,7) (75,8) 100
(76,7) (76,8) 9
(77,7) (77,8) 96
(78,7) (78,8) 70
(79,7) (79,8) 53
(80,7) (80,8) 66
(81,7) (81,8) 25
(82,7) (82,8) 83
(83,7) (83,8) 14
(84,7) (84,8) 46
(85,7) (85,8) 92
(86,7) (86,8) 19
(87,7) (87,8) 59
(88,7) (88,8) 33
(89,7) (89,8) 16
(90,7) (90,8) 22
(91,7) (91,8) 71
(92,7) (92,8) 13
(93,7) (93,8) 46
(94,7) (94,8) 96
(95,7) (95,8) 40
(96,7) (96,8) 61
(97,7) (97,8) 46
(98,7) (98,8) 91
(99,7) (99,8) 83
(100,7) (100,8) 84
(1,8) (1,9) 25
(2,8) (2,9) 81
(3,8) (3,9) 9
(4,8) (4,9) 75
(5,8) (5,9) 84
(6,8) (6,9) 43
(7,8) (7,9) 76
(8,8) (8,9) 31
(9,8) (9,9) 27
(10,8) (10,9) 15
(11,8) (11,9) 66
(12,8) (12,9) 19
(13,8) (13,9) 25
(14,8) (14,9) 71
(15,8) (15,9) 32
(16,8) (16,9) 86
(17,8) (17,9) 20
(18,8) (18,9) 93
(19,8) (19,9) 42
(20,8) (20,9) 5
(21,8) (21,9) 9
(22,8) (22,9) 71
(23,8) (23,9) 55
(24,8) (24,9) 17
(25,8) (25,9) 41
(26,8) (26,9) 59
(27,8) (27,9) 15
(28,8) (28,9) 76
(29,8) (29,9) 51
(30,8) (30,9) 20
(31,8) (31,9) 20
(32,8) (32,9) 53
(33,8) (33,9) 38
(34,8) (34,9) 18
(35,8) (35,9) 45
(36,8) (36,9) 57
(37,8) (37,9) 27
(38,8) (38,9) 65
(39,8) (39,9) 96
(40,8) (40,9) 61
(41,8) (41,9) 87
(42,8) (42,9) 13
(43,8) (43,9) 60
(44,8) (44,9) 46
(45,8) (45,9) 55
(46,8) (46,9) 26
(47,8) (47,9) 79
(48,8) (48,9) 13
(49,8) (49,9) 38
(50,8) (50,9) 59
(51,8) (51,9) 89
(52,8) (52,9) 89
(53,8) (53,9) 21
(54,8) (54,9) 77
(55,8) (55,9) 72
(56,8) (56,9) 98
(57,8) (57,9) 75
(58,8) (58,9) 32
(59,8) (59,9) 45
(60,8) (60,9) 80
(61,8) (61,9) 47
(62,8) (62,9) 77
(63,8) (63,9) 77
(64,8) (64,9) 69
(65,8) (65,9) 10
(66,8) (66,9) 95
(67,8) (67,9) 13
(68,8) (68,9) 80
(69,8) (69,9) 38
(70,8) (70,9) 80
(71,8) (71,9) 96
(72,8) (72,9) 35
(73,8) (73,9) 60
(74,8) (74,9) 47
(75,8) (75,9) 2
(76,8) (76,9) 16
(77,8) (77,9) 59
(78,8) (78,9) 16
(79,8) (79,9) 74
(80,8) (80,9) 4
(81,8) (81,9) 86
(82,8) (82,9) 95
(83,8) (83,9) 74
(84,8) (84,9) 88
(85,8) (85,9) 84
(86,8) (86,9) 55
(87,8) (87,9) 55
(88,8) (88,9) 10
(89,8) (89,9) 96
(90,8) (90,9) 12
(91,8) (91,9) 73
(92,8) (92,9) 24
(93,8) (93,9) 39
(94,8) (94,9) 56
(95,8) (95,9) 92
(96,8) (96,9) 80
(97,8) (97,9) 78
(98,8) (98,9) 31
(99,8) (99,9) 40
(100,8) (100,9) 97
(1,9) (1,10) 29
(2,9) (2,10) 65
(3,9) (3,10) 43
(4,9) (4,10) 69
(5,9) (5,10) 54
(6,9) (6,10) 81
(7,9) (7,10) 21
(8,9) (8,10) 40
(9,9) (9,10) 76
(10,9) (10,10) 21
(11,9) (11,10) 15
(12,9) (12,10) 4
(13,9) (13,10) 32
(14,9) (14,10) 61
(15,9) (15,10) 80
(16,9) (16,10) 20
(17,9) (17,10) 81
(18,9) (18,10) 17
(19,9) (19,10) 76
(20,9) (20,10) 76
(21,9) (21,10) 60
(22,9) (22,10) 62
(23,9) (23,10) 11
(24,9) (24,10) 66
(25,9) (25,10) 75
(26,9) (26,10) 96
(27,9) (27,10) 90
(28,9) (28,10) 75
(29,9) (29,10) 79
(30,9) (30,10) 19
(31,9) (31,10) 34
(32,9) (32,10) 11
(33,9) (33,10) 53
(34,9) (34,10) 4
(35,9) (35,10) 19
(36,9) (36,10) 19
(37,9) (37,10) 45
(38,9) (38,10) 12
(39,9) (39,10) 75
(40,9) (40,10) 75
(41,9) (41,10) 47
(42,9) (42,10) 88
(43,9) (43,10) 80
(44,9) (44,10) 50
(45,9) (45,10) 92
(46,9) (46,10) 20
(47,9) (47,10) 3
(48,9) (48,10) 22
(49,9) (49,10) 45
(50,9) (50,10) 98
(51,9) (51,10) 39
(52,9) (52,10) 99
(53,9) (53,10) 47
(54,9) (54,10) 82
(55,9) (55,10) 43
(56,9) (56,10) 52
(57,9) (57,10) 14
(58,9) (58,10) 13
(59,9) (59,10) 19
(60,9) (60,10) 32
(61,9) (61,10) 27
(62,9) (62,10) 22
(63,9) (63,10) 44
(64,9) (64,10) 64
(65,9) (65,10) 54
(66,9) (66,10) 61
(67,9) (67,10) 86
(68,9) (68,10) 54
(69,9) (69,10) 26
(70,9) (70,10) 23
(71,9) (71,10) 18
(72,9) (72,10) 85
(73,9) (73,10) 27
(74,9) (74,10) 39
(75,9) (75,10) 89
(76,9) (76,10) 73
(77,9) (77,10) 34
(78,9) (78,10) 92
(79,9) (79,10) 52
(80,9) (80,10) 25
(81,9) (81,10) 27
(82,9) (82,10) 35
(83,9) (83,10) 44
(84,9) (84,10) 54
(85,9) (85,10) 65
(86,9) (86,10) 69
(87,9) (87,10) 17
(88,9) (88,10) 82
(89,9) (89,10) 40
(90,9) (90,10) 58
(91,9) (91,10) 31
(92,9) (92,10) 45
(93,9) (93,10) 96
(94,9) (94,10) 1
(95,9) (95,10) 69
(96,9) (96,10) 49
(97,9) (97,10) 47
(98,9) (98,10) 84
(99,9) (99,10) 1
(100,9) (100,10) 89
(1,1) (2,1) 11
(2,1) (1,1) 30
(2,1) (3,1) 1
(3,1) (2,1) 85
(3,1) (4,1) 65
(4,1) (3,1) 100
(4,1) (5,1) 56
(5,1) (4,1) 68
(5,1) (6,1) 74
(6,1) (5,1) 86
(6,1) (7,1) 98
(7,1) (6,1) 71
(7,1) (8,1) 84
(8,1) (7,1) 37
(8,1) (9,1) 82
(9,1) (8,1) 30
(9,1) (10,1) 50
(10,1) (9,1) 2
(10,1) (11,1) 18
(11,1) (10,1) 29
(11,1) (12,1) 14
(12,1) (11,1) 64
(12,1) (13,1) 49
(13,1) (12,1) 73
(13,1) (14,1) 100
(14,1) (13,1) 39
(14,1) (15,1) 37
(15,1) (14,1) 85
(15,1) (16,1) 32
(16,1) (15,1) 29
(16,1) (17,1) 8
(17,1) (16,1) 36
(17,1) (18,1) 49
(18,1) (17,1) 50
(18,1) (19,1) 69
(19,1) (18,1) 61
(19,1) (20,1) 37
(20,1) (19,1) 89
(20,1) (21,1) 19
(21,1) (20,1) 73
(21,1) (22,1) 12
(22,1) (21,1) 5
(22,1) (23,1) 13
(23,1) (22,1) 33
(23,1) (24,1) 28
(24,1) (23,1) 98
(24,1) (25,1) 2
(25,1) (24,1) 64
(25,1) (26,1) 11
(26,1) (25,1) 26
(26,1) (27,1) 89
(27,1) (26,1) 21
(27,1) (28,1) 84
(28,1) (27,1) 40
(28,1) (29,1) 54
(29,1) (28,1) 64
(29,1) (30,1) 77
(30,1) (29,1) 4
(30,1) (31,1) 80
(31,1) (30,1) 18
(31,1) (32,1) 74
(32,1) (31,1) 35
(32,1) (33,1) 18
(33,1) (32,1) 47
(33,1) (34,1) 52
(34,1) (33,1) 71
(34,1) (35,1) 97
(35,1) (34,1) 54
(35,1) (36,1) 89
(36,1) (35,1) 68
(36,1) (37,1) 91
(37,1) (36,1) 8
(37,1) (38,1) 64
(38,1) (37,1) 86
(38,1) (39,1) 70
(39,1) (38,1) 15
(39,1) (40,1) 49
(40,1) (39,1) 59
(40,1) (41,1) 8
(41,1) (40,1) 81
(41,1) (42,1) 74
(42,1) (41,1) 56
(42,1) (43,1) 31
(43,1) (42,1) 34
(43,1) (44,1) 45
(44,1) (43,1) 24
(44,1) (45,1) 66
(45,1) (44,1) 74
(45,1) (46,1) 21
(46,1) (45,1) 9
(46,1) (47,1) 42
(47,1) (46,1) 65
(47,1) (48,1) 37
(48,1) (47,1) 72
(48,1) (49,1) 33
(49,1) (48,1) 34
(49,1) (50,1) 12
(50,1) (49,1) 75
(50,1) (51,1) 17
(51,1) (50,1) 35
(51,1) (52,1) 64
(52,1) (51,1) 58
(52,1) (53,1) 32
(53,1) (52,1) 39
(53,1) (54,1) 58
(54,1) (53,1) 16
(54,1) (55,1) 15
(55,1) (54,1) 68
(55,1) (56,1) 6
(56,1) (55,1) 64
(56,1) (57,1) 64
(57,1) (56,1) 72
(57,1) (58,1) 16
(58,1) (57,1) 32
(58,1) (59,1) 31
(59,1) (58,1) 99
(59,1) (60,1) 42
(60,1) (59,1) 89
(60,1) (61,1) 37
(61,1) (60,1) 32
(61,1) (62,1) 74
(62,1) (61,1) 9
(62,1) (63,1) 8
(63,1) (62,1) 81
(63,1) (64,1) 72
(64,1) (63,1) 62
(64,1) (65,1) 3
(65,1) (64,1) 77
(65,1) (66,1) 58
(66,1) (65,1) 56
(66,1) (67,1) 85
(67,1) (66,1) 38
(67,1) (68,1) 4
(68,1) (67,1) 27
(68,1) (69,1) 74
(69,1) (68,1) 12
(69,1) (70,1) 62
(70,1) (69,1) 35
(70,1) (71,1) 74
(71,1) (70,1) 5
(71,1) (72,1) 77
(72,1) (71,1) 61
(72,1) (73,1) 45
(73,1) (72,1) 73
(73,1) (74,1) 1
(74,1) (73,1) 99
(74,1) (75,1) 52
(75,1) (74,1) 21
(75,1) (76,1) 26
(76,1) (75,1) 87
(76,1) (77,1) 59
(77,1) (76,1) 68
(77,1) (78,1) 63
(78,1) (77,1) 33
(78,1) (79,1) 94
(79,1) (78,1) 20
(79,1) (80,1) 52
(80,1) (79,1) 55
(80,1) (81,1) 24
(81,1) (80,1) 65
(81,1) (82,1) 76
(82,1) (81,1) 38
(82,1) (83,1) 94
(83,1) (82,1) 31
(83,1) (84,1) 37
(84,1) (83,1) 19
(84,1) (85,1) 96
(85,1) (84,1) 77
(85,1) (86,1) 52
(86,1) (85,1) 52
(86,1) (87,1) 63
(87,1) (86,1) 37
(87,1) (88,1) 30
(88,1) (87,1) 38
(88,1) (89,1) 61
(89,1) (88,1) 32
(89,1) (90,1) 58
(90,1) (89,1) 20
(90,1) (91,1) 45
(91,1) (90,1) 59
(91,1) (92,1) 6
(92,1) (91,1) 6
(92,1) (93,1) 59
(93,1) (92,1) 92
(93,1) (94,1) 31
(94,1) (93,1) 71
(94,1) (95,1) 82
(95,1) (94,1) 83
(95,1) (96,1) 28
(96,1) (95,1) 65
(96,1) (97,1) 66
(97,1) (96,1) 16
(97,1) (98,1) 91
(98,1) (97,1) 32
(98,1) (99,1) 14
(99,1) (98,1) 52
(99,1) (100,1) 28
(100,1) (99,1) 78
(1,2) (2,2) 83
(2,2) (1,2) 64
(2,2) (3,2) 13
(3,2) (2,2) 10
(3,2) (4,2) 32
(4,2) (3,2) 85
(4,2) (5,2) 22
(5,2) (4,2) 23
(5,2) (6,2) 86
(6,2) (5,2) 89
(6,2) (7,2) 1
(7,2) (6,2) 92
(7,2) (8,2) 67
(8,2) (7,2) 67
(8,2) (9,2) 97
(9,2) (8,2) 78
(9,2) (10,2) 22
(10,2) (9,2) 67
(10,2) (11,2) 48
(11,2) (10,2) 2
(11,2) (12,2) 46
(12,2) (11,2) 37
(12,2) (13,2) 25
(13,2) (12,2) 97
(13,2) (14,2) 100
(14,2) (13,2) 96
(14,2) (15,2) 12
(15,2) (14,2) 58
(15,2) (16,2) 48
(16,2) (15,2) 63
(16,2) (17,2) 21
(17,2) (16,2) 56
(17,2) (18,2) 27
(18,2) (17,2) 80
(18,2) (19,2) 43
(19,2) (18,2) 58
(19,2) (20,2) 87
(20,2) (19,2) 85
(20,2) (21,2) 49
(21,2) (20,2) 63
(21,2) (22,2) 32
(22,2) (21,2) 80
(22,2) (23,2) 47
(23,2) (22,2) 18
(23,2) (24,2) 68
(24,2) (23,2) 46
(24,2) (25,2) 28
(25,2) (24,2) 79
(25,2) (26,2) 52
(26,2) (25,2) 41
(26,2) (27,2) 37
(27,2) (26,2) 44
(27,2) (28,2) 97
(28,2) (27,2) 28
(28,2) (29,2) 54
(29,2) (28,2) 16
(29,2) (30,2) 5
(30,2) (29,2) 48
(30,2) (31,2) 5
(31,2) (30,2) 97
(31,2) (32,2) 93
(32,2) (31,2) 60
(32,2) (33,2) 63
(33,2) (32,2) 97
(33,2) (34,2) 36
(34,2) (33,2) 17
(34,2) (35,2) 83
(35,2) (34,2) 79
(35,2) (36,2) 59
(36,2) (35,2) 60
(36,2) (37,2) 22
(37,2) (36,2) 100
(37,2) (38,2) 5
(38,2) (37,2) 10
(38,2) (39,2) 41
(39,2) (38,2) 46
(39,2) (40,2) 59
(40,2) (39,2) 15
(40,2) (41,2) 78
(41,2) (40,2) 85
(41,2) (42,2) 1
(42,2) (41,2) 82
(42,2) (43,2) 26
(43,2) (42,2) 21
(43,2) (44,2) 71
(44,2) (43,2) 49
(44,2) (45,2) 12
(45,2) (44,2) 68
(45,2) (46,2) 14
(46,2) (45,2) 28
(46,2) (47,2) 67
(47,2) (46,2) 48
(47,2) (48,2) 79
(48,2) (47,2) 13
(48,2) (49,2) 70
(49,2) (48,2) 92
(49,2) (50,2) 74
(50,2) (49,2) 87
(50,2) (51,2) 1
(51,2) (50,2) 65
(51,2) (52,2) 37
(52,2) (51,2) 91
(52,2) (53,2) 9
(53,2) (52,2) 97
(53,2) (54,2) 51
(54,2) (53,2) 2
(54,2) (55,2) 5
(55,2) (54,2) 25
(55,2) (56,2) 53
(56,2) (55,2) 84
(56,2) (57,2) 40
(57,2) (56,2) 31
(57,2) (58,2) 4
(58,2) (57,2) 23
(58,2) (59,2) 99
(59,2) (58,2) 9
(59,2) (60,2) 9
(60,2) (59,2) 87
(60,2) (61,2) 66
(61,2) (60,2) 81
(61,2) (62,2) 3
(62,2) (61,2) 61
(62,2) (63,2) 79
(63,2) (62,2) 44
(63,2) (64,2) 73
(64,2) (63,2) 16
(64,2) (65,2) 27
(65,2) (64,2) 87
(65,2) (66,2) 52
(66,2) (65,2) 47
(66,2) (67,2) 34
(67,2) (66,2) 5
(67,2) (68,2) 15
(68,2) (67,2) 46
(68,2) (69,2) 4
(69,2) (68,2) 9
(69,2) (70,2) 68
(70,2) (69,2) 55
(70,2) (71,2) 1
(71,2) (70,2) 91
(71,2) (72,2) 100
(72,2) (71,2) 90
(72,2) (73,2) 1
(73,2) (72,2) 71
(73,2) (74,2) 10
(74,2) (73,2) 30
(74,2) (75,2) 91
(75,2) (74,2) 21
(75,2) (76,2) 1
(76,2) (75,2) 19
(76,2) (77,2) 9
(77,2) (76,2) 49
(77,2) (78,2) 3
(78,2) (77,2) 77
(78,2) (79,2) 27
(79,2) (78,2) 88
(79,2) (80,2) 35
(80,2) (79,2) 93
(80,2) (81,2) 30
(81,2) (80,2) 48
(81,2) (82,2) 55
(82,2) (81,2) 19
(82,2) (83,2) 68
(83,2) (82,2) 22
(83,2) (84,2) 79
(84,2) (83,2) 9
(84,2) (85,2) 80
(85,2) (84,2) 89
(85,2) (86,2) 62
(86,2) (85,2) 4
(86,2) (87,2) 71
(87,2) (86,2) 6
(87,2) (88,2) 22
(88,2) (87,2) 12
(88,2) (89,2) 50
(89,2) (88,2) 83
(89,2) (90,2) 87
(90,2) (89,2) 17
(90,2) (91,2) 36
(91,2) (90,2) 85
(91,2) (92,2) 90
(92,2) (91,2) 5
(92,2) (93,2) 45
(93,2) (92,2) 83
(93,2) (94,2) 19
(94,2) (93,2) 58
(94,2) (95,2) 73
(95,2) (94,2) 20
(95,2) (96,2) 62
(96,2) (95,2) 33
(96,2) (97,2) 90
(97,2) (96,2) 65
(97,2) (98,2) 75
(98,2) (97,2) 5
(98,2) (99,2) 60
(99,2) (98,2) 61
(99,2) (100,2) 53
(100,2) (99,2) 23
(1,3) (2,3) 63
(2,3) (1,3) 53
(2,3) (3,3) 57
(3,3) (2,3) 98
(3,3) (4,3) 53
(4,3) (3,3) 72
(4,3) (5,3) 66
(5,3) (4,3) 19
(5,3) (6,3) 59
(6,3) (5,3) 32
(6,3) (7,3) 63
(7,3) (6,3) 19
(7,3) (8,3) 81
(8,3) (7,3) 28
(8,3) (9,3) 33
(9,3) (8,3) 72
(9,3) (10,3) 65
(10,3) (9,3) 19
(10,3) (11,3) 80
(11,3) (10,3) 74
(11,3) (12,3) 99
(12,3) (11,3) 57
(12,3) (13,3) 25
(13,3) (12,3) 4
(13,3) (14,3) 12
(14,3) (13,3) 88
(14,3) (15,3) 80
(15,3) (14,3) 24
(15,3) (16,3) 35
(16,3) (15,3) 89
(16,3) (17,3) 11
(17,3) (16,3) 32
(17,3) (18,3) 21
(18,3) (17,3) 74
(18,3) (19,3) 51
(19,3) (18,3) 62
(19,3) (20,3) 53
(20,3) (19,3) 37
(20,3) (21,3) 85
(21,3) (20,3) 55
(21,3) (22,3) 31
(22,3) (21,3) 82
(22,3) (23,3) 42
(23,3) (22,3) 8
(23,3) (24,3) 74
(24,3) (23,3) 74
(24,3) (25,3) 84
(25,3) (24,3) 85
(25,3) (26,3) 85
(26,3) (25,3) 36
(26,3) (27,3) 7
(27,3) (26,3) 47
(27,3) (28,3) 43
(28,3) (27,3) 90
(28,3) (29,3) 88
(29,3) (28,3) 34
(29,3) (30,3) 75
(30,3) (29,3) 2
(30,3) (31,3) 17
(31,3) (30,3) 8
(31,3) (32,3) 39
(32,3) (31,3) 98
(32,3) (33,3) 91
(33,3) (32,3) 94
(33,3) (34,3) 57
(34,3) (33,3) 86
(34,3) (35,3) 62
(35,3) (34,3) 76
(35,3) (36,3) 45
(36,3) (35,3) 64
(36,3) (37,3) 2
(37,3) (36,3) 19
(37,3) (38,3) 94
(38,3) (37,3) 2
(38,3) (39,3) 59
(39,3) (38,3) 24
(39,3) (40,3) 35
(40,3) (39,3) 64
(40,3) (41,3) 62
(41,3) (40,3) 16
(41,3) (42,3) 90
(42,3) (41,3) 32
(42,3) (43,3) 59
(43,3) (42,3) 72
(43,3) (44,3) 4
(44,3) (43,3) 84
(44,3) (45,3) 87
(45,3) (44,3) 70
(45,3) (46,3) 72
(46,3) (45,3) 99
(46,3) (47,3) 91
(47,3) (46,3) 81
(47,3) (48,3) 70
(48,3) (47,3) 1
(48,3) (49,3) 88
(49,3) (48,3) 63
(49,3) (50,3) 96
(50,3) (49,3) 17
(50,3) (51,3) 3
(51,3) (50,3) 17
(51,3) (52,3) 51
(52,3) (51,3) 25
(52,3) (53,3) 5
(53,3) (52,3) 76
(53,3) (54,3) 81
(54,3) (53,3) 38
(54,3) (55,3) 63
(55,3) (54,3) 43
(55,3) (56,3) 52
(56,3) (55,3) 41
(56,3) (57,3) 3
(57,3) (56,3) 16
(57,3) (58,3) 28
(58,3) (57,3) 37
(58,3) (59,3) 27
(59,3) (58,3) 30
(59,3) (60,3) 49
(60,3) (59,3) 66
(60,3) (61,3) 79
(61,3) (60,3) 65
(61,3) (62,3) 66
(62,3) (61,3) 75
(62,3) (63,3) 46
(63,3) (62,3) 20
(63,3) (64,3) 6
(64,3) (63,3) 93
(64,3) (65,3) 3
(65,3) (64,3) 27
(65,3) (66,3) 5
(66,3) (65,3) 93
(66,3) (67,3) 30
(67,3) (66,3) 36
(67,3) (68,3) 21
(68,3) (67,3) 93
(68,3) (69,3) 6
(69,3) (68,3) 54
(69,3) (70,3) 28
(70,3) (69,3) 67
(70,3) (71,3) 34
(71,3) (70,3) 18
(71,3) (72,3) 1
(72,3) (71,3) 49
(72,3) (73,3) 4
(73,3) (72,3) 6
(73,3) (74,3) 54
(74,3) (73,3) 76
(74,3) (75,3) 86
(75,3) (74,3) 27
(75,3) (76,3) 36
(76,3) (75,3) 64
(76,3) (77,3) 43
(77,3) (76,3) 75
(77,3) (78,3) 6
(78,3) (77,3) 26
(78,3) (79,3) 78
(79,3) (78,3) 71
(79,3) (80,3) 65
(80,3) (79,3) 75
(80,3) (81,3) 50
(81,3) (80,3) 56
(81,3) (82,3) 21
(82,3) (81,3) 97
(82,3) (83,3) 51
(83,3) (82,3) 41
(83,3) (84,3) 98
(84,3) (83,3) 87
(84,3) (85,3) 2
(85,3) (84,3) 73
(85,3) (86,3) 50
(86,3) (85,3) 68
(86,3) (87,3) 72
(87,3) (86,3) 39
(87,3) (88,3) 50
(88,3) (87,3) 53
(88,3) (89,3) 47
(89,3) (88,3) 38
(89,3) (90,3) 96
(90,3) (89,3) 86
(90,3) (91,3) 37
(91,3) (90,3) 44
(91,3) (92,3) 76
(92,3) (91,3) 3
(92,3) (93,3) 63
(93,3) (92,3) 7
(93,3) (94,3) 51
(94,3) (93,3) 80
(94,3) (95,3) 63
(95,3) (94,3) 96
(95,3) (96,3) 61
(96,3) (95,3) 46
(96,3) (97,3) 95
(97,3) (96,3) 88
(97,3) (98,3) 100
(98,3) (97,3) 9
(98,3) (99,3) 77
(99,3) (98,3) 68
(99,3) (100,3) 58
(100,3) (99,3) 55
(1,4) (2,4) 32
(2,4) (1,4) 80
(2,4) (3,4) 35
(3,4) (2,4) 43
(3,4) (4,4) 84
(4,4) (3,4) 100
(4,4) (5,4) 75
(5,4) (4,4) 68
(5,4) (6,4) 2
(6,4) (5,4) 75
(6,4) (7,4) 59
(7,4) (6,4) 37
(7,4) (8,4) 72
(8,4) (7,4) 30
(8,4) (9,4) 28
(9,4) (8,4) 30
(9,4) (10,4) 20
(10,4) (9,4) 10
(10,4) (11,4) 6
(11,4) (10,4) 13
(11,4) (12,4) 92
(12,4) (11,4) 10
(12,4) (13,4) 92
(13,4) (12,4) 2
(13,4) (14,4) 94
(14,4) (13,4) 99
(14,4) (15,4) 36
(15,4) (14,4) 68
(15,4) (16,4) 97
(16,4) (15,4) 9
(16,4) (17,4) 48
(17,4) (16,4) 82
(17,4) (18,4) 48
(18,4) (17,4) 51
(18,4) (19,4) 73
(19,4) (18,4) 19
(19,4) (20,4) 31
(20,4) (19,4) 52
(20,4) (21,4) 24
(21,4) (20,4) 67
(21,4) (22,4) 25
(22,4) (21,4) 38
(22,4) (23,4) 95
(23,4) (22,4) 82
(23,4) (24,4) 42
(24,4) (23,4) 56
(24,4) (25,4) 90
(25,4) (24,4) 6
(25,4) (26,4) 57
(26,4) (25,4) 19
(26,4) (27,4) 31
(27,4) (26,4) 12
(27,4) (28,4) 58
(28,4) (27,4) 5
(28,4) (29,4) 81
(29,4) (28,4) 40
(29,4) (30,4) 81
(30,4) (29,4) 99
(30,4) (31,4) 92
(31,4) (30,4) 4
(31,4) (32,4) 23
(32,4) (31,4) 73
(32,4) (33,4) 26
(33,4) (32,4) 88
(33,4) (34,4) 86
(34,4) (33,4) 40
(34,4) (35,4) 37
(35,4) (34,4) 31
(35,4) (36,4) 34
(36,4) (35,4) 67
(36,4) (37,4) 38
(37,4) (36,4) 93
(37,4) (38,4) 35
(38,4) (37,4) 79
(38,4) (39,4) 11
(39,4) (38,4) 73
(39,4) (40,4) 57
(40,4) (39,4) 2
(40,4) (41,4) 89
(41,4) (40,4) 86
(41,4) (42,4) 38
(42,4) (41,4) 99
(42,4) (43,4) 85
(43,4) (42,4) 67
(43,4) (44,4) 21
(44,4) (43,4) 33
(44,4) (45,4) 79
(45,4) (44,4) 43
(45,4) (46,4) 62
(46,4) (45,4) 2
(46,4) (47,4) 46
(47,4) (46,4) 71
(47,4) (48,4) 47
(48,4) (47,4) 50
(48,4) (49,4) 91
(49,4) (48,4) 19
(49,4) (50,4) 31
(50,4) (49,4) 5
(50,4) (51,4) 17
(51,4) (50,4) 81
(51,4) (52,4) 78
(52,4) (51,4) 13
(52,4) (53,4) 59
(53,4) (52,4) 98
(53,4) (54,4) 16
(54,4) (53,4) 97
(54,4) (55,4) 16
(55,4) (54,4) 85
(55,4) (56,4) 59
(56,4) (55,4) 68
(56,4) (57,4) 93
(57,4) (56,4) 43
(57,4) (58,4) 3
(58,4) (57,4) 34
(58,4) (59,4) 8
(59,4) (58,4) 8
(59,4) (60,4) 21
(60,4) (59,4) 46
(60,4) (61,4) 48
(61,4) (60,4) 16
(61,4) (62,4) 36
(62,4) (61,4) 96
(62,4) (63,4) 70
(63,4) (62,4) 26
(63,4) (64,4) 60
(64,4) (63,4) 26
(64,4) (65,4) 3
(65,4) (64,4) 54
(65,4) (66,4) 6
(66,4) (65,4) 86
(66,4) (67,4) 1
(67,4) (66,4) 11
(67,4) (68,4) 34
(68,4) (67,4) 15
(68,4) (69,4) 12
(69,4) (68,4) 35
(69,4) (70,4) 80
(70,4) (69,4) 9
(70,4) (71,4) 77
(71,4) (70,4) 100
(71,4) (72,4) 69
(72,4) (71,4) 66
(72,4) (73,4) 34
(73,4) (72,4) 55
(73,4) (74,4) 65
(74,4) (73,4) 20
(74,4) (75,4) 97
(75,4) (74,4) 28
(75,4) (76,4) 42
(76,4) (75,4) 65
(76,4) (77,4) 87
(77,4) (76,4) 74
(77,4) (78,4) 35
(78,4) (77,4) 79
(78,4) (79,4) 5
(79,4) (78,4) 65
(79,4) (80,4) 8
(80,4) (79,4) 36
(80,4) (81,4) 22
(81,4) (80,4) 22
(81,4) (82,4) 35
(82,4) (81,4) 61
(82,4) (83,4) 45
(83,4) (82,4) 30
(83,4) (84,4) 76
(84,4) (83,4) 27
(84,4) (85,4) 69
(85,4) (84,4) 36
(85,4) (86,4) 87
(86,4) (85,4) 59
(86,4) (87,4) 71
(87,4) (86,4) 89
(87,4) (88,4) 26
(88,4) (87,4) 21
(88,4) (89,4) 15
(89,4) (88,4) 77
(89,4) (90,4) 35
(90,4) (89,4) 8
(90,4) (91,4) 60
(91,4) (90,4) 96
(91,4) (92,4) 15
(92,4) (91,4) 96
(92,4) (93,4) 40
(93,4) (92,4) 22
(93,4) (94,4) 40
(94,4) (93,4) 72
(94,4) (95,4) 75
(95,4) (94,4) 29
(95,4) (96,4) 89
(96,4) (95,4) 16
(96,4) (97,4) 52
(97,4) (96,4) 81
(97,4) (98,4) 43
(98,4) (97,4) 36
(98,4) (99,4) 59
(99,4) (98,4) 71
(99,4) (100,4) 61
(100,4) (99,4) 19
(1,5) (2,5) 79
(2,5) (1,5) 87
(2,5) (3,5) 14
(3,5) (2,5) 58
(3,5) (4,5) 69
(4,5) (3,5) 3
(4,5) (5,5) 8
(5,5) (4,5) 11
(5,5) (6,5) 58
(6,5) (5,5) 54
(6,5) (7,5) 61
(7,5) (6,5) 43
(7,5) (8,5) 48
(8,5) (7,5) 54
(8,5) (9,5) 69
(9,5) (8,5) 33
(9,5) (10,5) 6
(10,5) (9,5) 15
(10,5) (11,5) 14
(11,5) (10,5) 30
(11,5) (12,5) 91
(12,5) (11,5) 71
(12,5) (13,5) 32
(13,5) (12,5) 2
(13,5) (14,5) 28
(14,5) (13,5) 3
(14,5) (15,5) 77
(15,5) (14,5) 75
(15,5) (16,5) 82
(16,5) (15,5) 80
(16,5) (17,5) 17
(17,5) (16,5) 82
(17,5) (18,5) 84
(18,5) (17,5) 34
(18,5) (19,5) 4
(19,5) (18,5) 91
(19,5) (20,5) 76
(20,5) (19,5) 40
(20,5) (21,5) 1
(21,5) (20,5) 46
(21,5) (22,5) 78
(22,5) (21,5) 60
(22,5) (23,5) 80
(23,5) (22,5) 52
(23,5) (24,5) 49
(24,5) (23,5) 59
(24,5) (25,5) 64
(25,5) (24,5) 3
(25,5) (26,5) 23
(26,5) (25,5) 45
(26,5) (27,5) 65
(27,5) (26,5) 11
(27,5) (28,5) 58
(28,5) (27,5) 18
(28,5) (29,5) 88
(29,5) (28,5) 82
(29,5) (30,5) 56
(30,5) (29,5) 26
(30,5) (31,5) 57
(31,5) (30,5) 80
(31,5) (32,5) 92
(32,5) (31,5) 78
(32,5) (33,5) 80
(33,5) (32,5) 80
(33,5) (34,5) 57
(34,5) (33,5) 97
(34,5) (35,5) 49
(35,5) (34,5) 98
(35,5) (36,5) 40
(36,5) (35,5) 38
(36,5) (37,5) 90
(37,5) (36,5) 29
(37,5) (38,5) 43
(38,5) (37,5) 51
(38,5) (39,5) 82
(39,5) (38,5) 88
(39,5) (40,5) 89
(40,5) (39,5) 63
(40,5) (41,5) 31
(41,5) (40,5) 94
(41,5) (42,5) 14
(42,5) (41,5) 9
(42,5) (43,5) 70
(43,5) (42,5) 100
(43,5) (44,5) 11
(44,5) (43,5) 77
(44,5) (45,5) 59
(45,5) (44,5) 77
(45,5) (46,5) 35
(46,5) (45,5) 57
(46,5) (47,5) 8
(47,5) (46,5) 72
(47,5) (48,5) 53
(48,5) (47,5) 45
(48,5) (49,5) 98
(49,5) (48,5) 69
(49,5) (50,5) 75
(50,5) (49,5) 7
(50,5) (51,5) 66
(51,5) (50,5) 2
(51,5) (52,5) 48
(52,5) (51,5) 50
(52,5) (53,5) 55
(53,5) (52,5) 36
(53,5) (54,5) 21
(54,5) (53,5) 38
(54,5) (55,5) 5
(55,5) (54,5) 11
(55,5) (56,5) 85
(56,5) (55,5) 22
(56,5) (57,5) 56
(57,5) (56,5) 95
(57,5) (58,5) 35
(58,5) (57,5) 46
(58,5) (59,5) 83
(59,5) (58,5) 41
(59,5) (60,5) 54
(60,5) (59,5) 20
(60,5) (61,5) 35
(61,5) (60,5) 34
(61,5) (62,5) 85
(62,5) (61,5) 45
(62,5) (63,5) 20
(63,5) (62,5) 62
(63,5) (64,5) 14
(64,5) (63,5) 80
(64,5) (65,5) 26
(65,5) (64,5) 29
(65,5) (66,5) 48
(66,5) (65,5) 48
(66,5) (67,5) 94
(67,5) (66,5) 32
(67,5) (68,5) 88
(68,5) (67,5) 16
(68,5) (69,5) 92
(69,5) (68,5) 68
(69,5) (70,5) 96
(70,5) (69,5) 57
(70,5) (71,5) 29
(71,5) (70,5) 36
(71,5) (72,5) 91
(72,5) (71,5) 3
(72,5) (73,5) 93
(73,5) (72,5) 36
(73,5) (74,5) 2
(74,5) (73,5) 68
(74,5) (75,5) 54
(75,5) (74,5) 69
(75,5) (76,5) 41
(76,5) (75,5) 94
(76,5) (77,5) 25
(77,5) (76,5) 12
(77,5) (78,5) 15
(78,5) (77,5) 8
(78,5) (79,5) 31
(79,5) (78,5) 48
(79,5) (80,5) 38
(80,5) (79,5) 5
(80,5) (81,5) 53
(81,5) (80,5) 17
(81,5) (82,5) 5
(82,5) (81,5) 37
(82,5) (83,5) 85
(83,5) (82,5) 51
(83,5) (84,5) 65
(84,5) (83,5) 92
(84,5) (85,5) 32
(85,5) (84,5) 75
(85,5) (86,5) 88
(86,5) (85,5) 69
(86,5) (87,5) 44
(87,5) (86,5) 12
(87,5) (88,5) 51
(88,5) (87,5) 80
(88,5) (89,5) 43
(89,5) (88,5) 67
(89,5) (90,5) 35
(90,5) (89,5) 64
(90,5) (91,5) 35
(91,5) (90,5) 53
(91,5) (92,5) 81
(92,5) (91,5) 45
(92,5) (93,5) 5
(93,5) (92,5) 61
(93,5) (94,5) 95
(94,5) (93,5) 74
(94,5) (95,5) 97
(95,5) (94,5) 59
(95,5) (96,5) 26
(96,5) (95,5) 59
(96,5) (97,5) 47
(97,5) (96,5) 84
(97,5) (98,5) 35
(98,5) (97,5) 93
(98,5) (99,5) 28
(99,5) (98,5) 100
(99,5) (100,5) 71
(100,5) (99,5) 90
(1,6) (2,6) 32
(2,6) (1,6) 39
(2,6) (3,6) 86
(3,6) (2,6) 81
(3,6) (4,6) 32
(4,6) (3,6) 63
(4,6) (5,6) 28
(5,6) (4,6) 64
(5,6) (6,6) 6
(6,6) (5,6) 78
(6,6) (7,6) 98
(7,6) (6,6) 30
(7,6) (8,6) 84
(8,6) (7,6) 92
(8,6) (9,6) 25
(9,6) (8,6) 59
(9,6) (10,6) 30
(10,6) (9,6) 97
(10,6) (11,6) 6
(11,6) (10,6) 29
(11,6) (12,6) 28
(12,6) (11,6) 87
(12,6) (13,6) 22
(13,6) (12,6) 57
(13,6) (14,6) 100
(14,6) (13,6) 41
(14,6) (15,6) 100
(15,6) (14,6) 1
(15,6) (16,6) 6
(16,6) (15,6) 11
(16,6) (17,6) 1
(17,6) (16,6) 74
(17,6) (18,6) 24
(18,6) (17,6) 22
(18,6) (19,6) 76
(19,6) (18,6) 1
(19,6) (20,6) 69
(20,6) (19,6) 21
(20,6) (21,6) 87
(21,6) (20,6) 14
(21,6) (22,6) 89
(22,6) (21,6) 59
(22,6) (23,6) 19
(23,6) (22,6) 24
(23,6) (24,6) 67
(24,6) (23,6) 76
(24,6) (25,6) 39
(25,6) (24,6) 30
(25,6) (26,6) 2
(26,6) (25,6) 26
(26,6) (27,6) 64
(27,6) (26,6) 80
(27,6) (28,6) 70
(28,6) (27,6) 39
(28,6) (29,6) 89
(29,6) (28,6) 97
(29,6) (30,6) 47
(30,6) (29,6) 86
(30,6) (31,6) 54
(31,6) (30,6) 63
(31,6) (32,6) 39
(32,6) (31,6) 48
(32,6) (33,6) 39
(33,6) (32,6) 60
(33,6) (34,6) 84
(34,6) (33,6) 46
(34,6) (35,6) 51
(35,6) (34,6) 38
(35,6) (36,6) 33
(36,6) (35,6) 17
(36,6) (37,6) 76
(37,6) (36,6) 11
(37,6) (38,6) 9
(38,6) (37,6) 45
(38,6) (39,6) 18
(39,6) (38,6) 72
(39,6) (40,6) 68
(40,6) (39,6) 26
(40,6) (41,6) 31
(41,6) (40,6) 96
(41,6) (42,6) 23
(42,6) (41,6) 61
(42,6) (43,6) 5
(43,6) (42,6) 20
(43,6) (44,6) 94
(44,6) (43,6) 100
(44,6) (45,6) 72
(45,6) (44,6) 57
(45,6) (46,6) 53
(46,6) (45,6) 6
(46,6) (47,6) 56
(47,6) (46,6) 50
(47,6) (48,6) 3
(48,6) (47,6) 98
(48,6) (49,6) 46
(49,6) (48,6) 24
(49,6) (50,6) 55
(50,6) (49,6) 26
(50,6) (51,6) 51
(51,6) (50,6) 68
(51,6) (52,6) 90
(52,6) (51,6) 63
(52,6) (53,6) 93
(53,6) (52,6) 44
(53,6) (54,6) 79
(54,6) (53,6) 60
(54,6) (55,6) 51
(55,6) (54,6) 22
(55,6) (56,6) 69
(56,6) (55,6) 29
(56,6) (57,6) 70
(57,6) (56,6) 86
(57,6) (58,6) 6
(58,6) (57,6) 95
(58,6) (59,6) 41
(59,6) (58,6) 63
(59,6) (60,6) 37
(60,6) (59,6) 13
(60,6) (61,6) 2
(61,6) (60,6) 10
(61,6) (62,6) 10
(62,6) (61,6) 86
(62,6) (63,6) 25
(63,6) (62,6) 84
(63,6) (64,6) 10
(64,6) (63,6) 6
(64,6) (65,6) 34
(65,6) (64,6) 25
(65,6) (66,6) 83
(66,6) (65,6) 14
(66,6) (67,6) 28
(67,6) (66,6) 21
(67,6) (68,6) 83
(68,6) (67,6) 37
(68,6) (69,6) 53
(69,6) (68,6) 95
(69,6) (70,6) 52
(70,6) (69,6) 97
(70,6) (71,6) 22
(71,6) (70,6) 53
(71,6) (72,6) 64
(72,6) (71,6) 87
(72,6) (73,6) 23
(73,6) (72,6) 52
(73,6) (74,6) 42
(74,6) (73,6) 55
(74,6) (75,6) 57
(75,6) (74,6) 89
(75,6) (76,6) 45
(76,6) (75,6) 12
(76,6) (77,6) 19
(77,6) (76,6) 28
(77,6) (78,6) 86
(78,6) (77,6) 92
(78,6) (79,6) 35
(79,6) (78,6) 65
(79,6) (80,6) 81
(80,6) (79,6) 95
(80,6) (81,6) 22
(81,6) (80,6) 29
(81,6) (82,6) 78
(82,6) (81,6) 95
(82,6) (83,6) 19
(83,6) (82,6) 96
(83,6) (84,6) 4
(84,6) (83,6) 65
(84,6) (85,6) 2
(85,6) (84,6) 65
(85,6) (86,6) 95
(86,6) (85,6) 74
(86,6) (87,6) 43
(87,6) (86,6) 97
(87,6) (88,6) 32
(88,6) (87,6) 13
(88,6) (89,6) 87
(89,6) (88,6) 6
(89,6) (90,6) 57
(90,6) (89,6) 65
(90,6) (91,6) 87
(91,6) (90,6) 84
(91,6) (92,6) 72
(92,6) (91,6) 70
(92,6) (93,6) 33
(93,6) (92,6) 43
(93,6) (94,6) 76
(94,6) (93,6) 50
(94,6) (95,6) 44
(95,6) (94,6) 49
(95,6) (96,6) 96
(96,6) (95,6) 38
(96,6) (97,6) 31
(97,6) (96,6) 78
(97,6) (98,6) 21
(98,6) (97,6) 95
(98,6) (99,6) 70
(99,6) (98,6) 38
(99,6) (100,6) 10
(100,6) (99,6) 55
(1,7) (2,7) 12
(2,7) (1,7) 42
(2,7) (3,7) 71
(3,7) (2,7) 17
(3,7) (4,7) 39
(4,7) (3,7) 47
(4,7) (5,7) 41
(5,7) (4,7) 94
(5,7) (6,7) 94
(6,7) (5,7) 88
(6,7) (7,7) 29
(7,7) (6,7) 97
(7,7) (8,7) 12
(8,7) (7,7) 15
(8,7) (9,7) 81
(9,7) (8,7) 18
(9,7) (10,7) 65
(10,7) (9,7) 99
(10,7) (11,7) 26
(11,7) (10,7) 82
(11,7) (12,7) 62
(12,7) (11,7) 5
(12,7) (13,7) 41
(13,7) (12,7) 23
(13,7) (14,7) 84
(14,7) (13,7) 98
(14,7) (15,7) 91
(15,7) (14,7) 60
(15,7) (16,7) 70
(16,7) (15,7) 61
(16,7) (17,7) 20
(17,7) (16,7) 37
(17,7) (18,7) 84
(18,7) (17,7) 38
(18,7) (19,7) 99
(19,7) (18,7) 85
(19,7) (20,7) 72
(20,7) (19,7) 50
(20,7) (21,7) 20
(21,7) (20,7) 87
(21,7) (22,7) 75
(22,7) (21,7) 94
(22,7) (23,7) 87
(23,7) (22,7) 71
(23,7) (24,7) 88
(24,7) (23,7) 43
(24,7) (25,7) 45
(25,7) (24,7) 54
(25,7) (26,7) 34
(26,7) (25,7) 24
(26,7) (27,7) 82
(27,7) (26,7) 78
(27,7) (28,7) 32
(28,7) (27,7) 21
(28,7) (29,7) 78
(29,7) (28,7) 2
(29,7) (30,7) 70
(30,7) (29,7) 79
(30,7) (31,7) 14
(31,7) (30,7) 73
(31,7) (32,7) 48
(32,7) (31,7) 64
(32,7) (33,7) 30
(33,7) (32,7) 33
(33,7) (34,7) 54
(34,7) (33,7) 41
(34,7) (35,7) 32
(35,7) (34,7) 78
(35,7) (36,7) 87
(36,7) (35,7) 11
(36,7) (37,7) 4
(37,7) (36,7) 60
(37,7) (38,7) 10
(38,7) (37,7) 79
(38,7) (39,7) 43
(39,7) (38,7) 7
(39,7) (40,7) 12
(40,7) (39,7) 58
(40,7) (41,7) 59
(41,7) (40,7) 51
(41,7) (42,7) 33
(42,7) (41,7) 78
(42,7) (43,7) 41
(43,7) (42,7) 5
(43,7) (44,7) 90
(44,7) (43,7) 95
(44,7) (45,7) 10
(45,7) (44,7) 90
(45,7) (46,7) 48
(46,7) (45,7) 34
(46,7) (47,7) 4
(47,7) (46,7) 38
(47,7) (48,7) 18
(48,7) (47,7) 88
(48,7) (49,7) 80
(49,7) (48,7) 95
(49,7) (50,7) 13
(50,7) (49,7) 34
(50,7) (51,7) 46
(51,7) (50,7) 56
(51,7) (52,7) 68
(52,7) (51,7) 45
(52,7) (53,7) 1
(53,7) (52,7) 41
(53,7) (54,7) 24
(54,7) (53,7) 89
(54,7) (55,7) 33
(55,7) (54,7) 70
(55,7) (56,7) 2
(56,7) (55,7) 24
(56,7) (57,7) 51
(57,7) (56,7) 72
(57,7) (58,7) 57
(58,7) (57,7) 81
(58,7) (59,7) 58
(59,7) (58,7) 24
(59,7) (60,7) 59
(60,7) (59,7) 78
(60,7) (61,7) 61
(61,7) (60,7) 59
(61,7) (62,7) 27
(62,7) (61,7) 11
(62,7) (63,7) 86
(63,7) (62,7) 39
(63,7) (64,7) 1
(64,7) (63,7) 48
(64,7) (65,7) 99
(65,7) (64,7) 93
(65,7) (66,7) 85
(66,7) (65,7) 71
(66,7) (67,7) 48
(67,7) (66,7) 59
(67,7) (68,7) 40
(68,7) (67,7) 92
(68,7) (69,7) 31
(69,7) (68,7) 13
(69,7) (70,7) 73
(70,7) (69,7) 38
(70,7) (71,7) 48
(71,7) (70,7) 95
(71,7) (72,7) 8
(72,7) (71,7) 32
(72,7) (73,7) 41
(73,7) (72,7) 15
(73,7) (74,7) 91
(74,7) (73,7) 8
(74,7) (75,7) 7
(75,7) (74,7) 5
(75,7) (76,7) 61
(76,7) (75,7) 95
(76,7) (77,7) 80
(77,7) (76,7) 75
(77,7) (78,7) 26
(78,7) (77,7) 58
(78,7) (79,7) 76
(79,7) (78,7) 24
(79,7) (80,7) 26
(80,7) (79,7) 25
(80,7) (81,7) 58
(81,7) (80,7) 29
(81,7) (82,7) 87
(82,7) (81,7) 63
(82,7) (83,7) 75
(83,7) (82,7) 72
(83,7) (84,7) 21
(84,7) (83,7) 89
(84,7) (85,7) 91
(85,7) (84,7) 88
(85,7) (86,7) 64
(86,7) (85,7) 32
(86,7) (87,7) 81
(87,7) (86,7) 93
(87,7) (88,7) 28
(88,7) (87,7) 10
(88,7) (89,7) 62
(89,7) (88,7) 1
(89,7) (90,7) 26
(90,7) (89,7) 73
(90,7) (91,7) 2
(91,7) (90,7) 97
(91,7) (92,7) 19
(92,7) (91,7) 76
(92,7) (93,7) 17
(93,7) (92,7) 68
(93,7) (94,7) 62
(94,7) (93,7) 47
(94,7) (95,7) 61
(95,7) (94,7) 81
(95,7) (96,7) 15
(96,7) (95,7) 42
(96,7) (97,7) 49
(97,7) (96,7) 31
(97,7) (98,7) 15
(98,7) (97,7) 97
(98,7) (99,7) 32
(99,7) (98,7) 21
(99,7) (100,7) 8
(100,7) (99,7) 71
(1,8) (2,8) 76
(2,8) (1,8) 8
(2,8) (3,8) 37
(3,8) (2,8) 41
(3,8) (4,8) 52
(4,8) (3,8) 66
(4,8) (5,8) 12
(5,8) (4,8) 3
(5,8) (6,8) 85
(6,8) (5,8) 81
(6,8) (7,8) 96
(7,8) (6,8) 78
(7,8) (8,8) 72
(8,8) (7,8) 5
(8,8) (9,8) 57
(9,8) (8,8) 9
(9,8) (10,8) 15
(10,8) (9,8) 59
(10,8) (11,8) 78
(11,8) (10,8) 61
(11,8) (12,8) 19
(12,8) (11,8) 7
(12,8) (13,8) 18
(13,8) (12,8) 59
(13,8) (14,8) 17
(14,8) (13,8) 76
(14,8) (15,8) 68
(15,8) (14,8) 90
(15,8) (16,8) 8
(16,8) (15,8) 8
(16,8) (17,8) 98
(17,8) (16,8) 15
(17,8) (18,8) 6
(18,8) (17,8) 75
(18,8) (19,8) 74
(19,8) (18,8) 6
(19,8) (20,8) 65
(20,8) (19,8) 50
(20,8) (21,8) 22
(21,8) (20,8) 50
(21,8) (22,8) 82
(22,8) (21,8) 13
(22,8) (23,8) 33
(23,8) (22,8) 92
(23,8) (24,8) 1
(24,8) (23,8) 56
(24,8) (25,8) 75
(25,8) (24,8) 45
(25,8) (26,8) 95
(26,8) (25,8) 71
(26,8) (27,8) 79
(27,8) (26,8) 26
(27,8) (28,8) 12
(28,8) (27,8) 85
(28,8) (29,8) 97
(29,8) (28,8) 37
(29,8) (30,8) 61
(30,8) (29,8) 72
(30,8) (31,8) 79
(31,8) (30,8) 83
(31,8) (32,8) 34
(32,8) (31,8) 52
(32,8) (33,8) 89
(33,8) (32,8) 100
(33,8) (34,8) 78
(34,8) (33,8) 18
(34,8) (35,8) 48
(35,8) (34,8) 15
(35,8) (36,8) 23
(36,8) (35,8) 75
(36,8) (37,8) 68
(37,8) (36,8) 35
(37,8) (38,8) 70
(38,8) (37,8) 82
(38,8) (39,8) 26
(39,8) (38,8) 4
(39,8) (40,8) 48
(40,8) (39,8) 42
(40,8) (41,8) 41
(41,8) (40,8) 40
(41,8) (42,8) 15
(42,8) (41,8) 89
(42,8) (43,8) 25
(43,8) (42,8) 13
(43,8) (44,8) 45
(44,8) (43,8) 15
(44,8) (45,8) 78
(45,8) (44,8) 31
(45,8) (46,8) 65
(46,8) (45,8) 31
(46,8) (47,8) 95
(47,8) (46,8) 82
(47,8) (48,8) 69
(48,8) (47,8) 49
(48,8) (49,8) 7
(49,8) (48,8) 98
(49,8) (50,8) 39
(50,8) (49,8) 88
(50,8) (51,8) 86
(51,8) (50,8) 76
(51,8) (52,8) 88
(52,8) (51,8) 46
(52,8) (53,8) 60
(53,8) (52,8) 39
(53,8) (54,8) 19
(54,8) (53,8) 11
(54,8) (55,8) 47
(55,8) (54,8) 8
(55,8) (56,8) 71
(56,8) (55,8) 31
(56,8) (57,8) 15
(57,8) (56,8) 54
(57,8) (58,8) 90
(58,8) (57,8) 5
(58,8) (59,8) 79
(59,8) (58,8) 89
(59,8) (60,8) 29
(60,8) (59,8) 29
(60,8) (61,8) 63
(61,8) (60,8) 6
(61,8) (62,8) 25
(62,8) (61,8) 4
(62,8) (63,8) 77
(63,8) (62,8) 64
(63,8) (64,8) 88
(64,8) (63,8) 83
(64,8) (65,8) 70
(65,8) (64,8) 58
(65,8) (66,8) 89
(66,8) (65,8) 82
(66,8) (67,8) 37
(67,8) (66,8) 53
(67,8) (68,8) 98
(68,8) (67,8) 64
(68,8) (69,8) 4
(69,8) (68,8) 6
(69,8) (70,8) 16
(70,8) (69,8) 93
(70,8) (71,8) 11
(71,8) (70,8) 57
(71,8) (72,8) 52
(72,8) (71,8) 67
(72,8) (73,8) 13
(73,8) (72,8) 12
(73,8) (74,8) 96
(74,8) (73,8) 18
(74,8) (75,8) 13
(75,8) (74,8) 28
(75,8) (76,8) 58
(76,8) (75,8) 35
(76,8) (77,8) 42
(77,8) (76,8) 17
(77,8) (78,8) 54
(78,8) (77,8) 100
(78,8) (79,8) 68
(79,8) (78,8) 57
(79,8) (80,8) 84
(80,8) (79,8) 31
(80,8) (81,8) 48
(81,8) (80,8) 43
(81,8) (82,8) 88
(82,8) (81,8) 96
(82,8) (83,8) 28
(83,8) (82,8) 66
(83,8) (84,8) 34
(84,8) (83,8) 24
(84,8) (85,8) 19
(85,8) (84,8) 70
(85,8) (86,8) 18
(86,8) (85,8) 32
(86,8) (87,8) 66
(87,8) (86,8) 43
(87,8) (88,8) 20
(88,8) (87,8) 47
(88,8) (89,8) 67
(89,8) (88,8) 90
(89,8) (90,8) 30
(90,8) (89,8) 69
(90,8) (91,8) 57
(91,8) (90,8) 32
(91,8) (92,8) 54
(92,8) (91,8) 33
(92,8) (93,8) 62
(93,8) (92,8) 24
(93,8) (94,8) 91
(94,8) (93,8) 67
(94,8) (95,8) 5
(95,8) (94,8) 73
(95,8) (96,8) 65
(96,8) (95,8) 95
(96,8) (97,8) 99
(97,8) (96,8) 78
(97,8) (98,8) 65
(98,8) (97,8) 65
(98,8) (99,8) 25
(99,8) (98,8) 23
(99,8) (100,8) 27
(100,8) (99,8) 90
(1,9) (2,9) 32
(2,9) (1,9) 89
(2,9) (3,9) 75
(3,9) (2,9) 3
(3,9) (4,9) 85
(4,9) (3,9) 14
(4,9) (5,9) 63
(5,9) (4,9) 10
(5,9) (6,9) 45
(6,9) (5,9) 11
(6,9) (7,9) 74
(7,9) (6,9) 66
(7,9) (8,9) 64
(8,9) (7,9) 98
(8,9) (9,9) 22
(9,9) (8,9) 40
(9,9) (10,9) 63
(10,9) (9,9) 68
(10,9) (11,9) 52
(11,9) (10,9) 68
(11,9) (12,9) 59
(12,9) (11,9) 56
(12,9) (13,9) 6
(13,9) (12,9) 89
(13,9) (14,9) 61
(14,9) (13,9) 90
(14,9) (15,9) 3
(15,9) (14,9) 78
(15,9) (16,9) 100
(16,9) (15,9) 60
(16,9) (17,9) 23
(17,9) (16,9) 46
(17,9) (18,9) 5
(18,9) (17,9) 43
(18,9) (19,9) 1
(19,9) (18,9) 59
(19,9) (20,9) 60
(20,9) (19,9) 1
(20,9) (21,9) 100
(21,9) (20,9) 71
(21,9) (22,9) 27
(22,9) (21,9) 11
(22,9) (23,9) 78
(23,9) (22,9) 12
(23,9) (24,9) 32
(24,9) (23,9) 66
(24,9) (25,9) 66
(25,9) (24,9) 23
(25,9) (26,9) 72
(26,9) (25,9) 84
(26,9) (27,9) 58
(27,9) (26,9) 4
(27,9) (28,9) 75
(28,9) (27,9) 97
(28,9) (29,9) 41
(29,9) (28,9) 8
(29,9) (30,9) 24
(30,9) (29,9) 20
(30,9) (31,9) 6
(31,9) (30,9) 27
(31,9) (32,9) 50
(32,9) (31,9) 100
(32,9) (33,9) 56
(33,9) (32,9) 48
(33,9) (34,9) 93
(34,9) (33,9) 35
(34,9) (35,9) 35
(35,9) (34,9) 16
(35,9) (36,9) 86
(36,9) (35,9) 30
(36,9) (37,9) 100
(37,9) (36,9) 32
(37,9) (38,9) 9
(38,9) (37,9) 23
(38,9) (39,9) 34
(39,9) (38,9) 20
(39,9) (40,9) 17
(40,9) (39,9) 92
(40,9) (41,9) 17
(41,9) (40,9) 89
(41,9) (42,9) 91
(42,9) (41,9) 69
(42,9) (43,9) 64
(43,9) (42,9) 38
(43,9) (44,9) 25
(44,9) (43,9) 62
(44,9) (45,9) 84
(45,9) (44,9) 76
(45,9) (46,9) 90
(46,9) (45,9) 70
(46,9) (47,9) 31
(47,9) (46,9) 35
(47,9) (48,9) 86
(48,9) (47,9) 57
(48,9) (49,9) 99
(49,9) (48,9) 69
(49,9) (50,9) 24
(50,9) (49,9) 25
(50,9) (51,9) 86
(51,9) (50,9) 41
(51,9) (52,9) 8
(52,9) (51,9) 11
(52,9) (53,9) 87
(53,9) (52,9) 8
(53,9) (54,9) 51
(54,9) (53,9) 74
(54,9) (55,9) 37
(55,9) (54,9) 70
(55,9) (56,9) 14
(56,9) (55,9) 4
(56,9) (57,9) 89
(57,9) (56,9) 88
(57,9) (58,9) 7
(58,9) (57,9) 42
(58,9) (59,9) 34
(59,9) (58,9) 23
(59,9) (60,9) 76
(60,9) (59,9) 29
(60,9) (61,9) 24
(61,9) (60,9) 69
(61,9) (62,9) 78
(62,9) (61,9) 23
(62,9) (63,9) 32
(63,9) (62,9) 63
(63,9) (64,9) 45
(64,9) (63,9) 61
(64,9) (65,9) 96
(65,9) (64,9) 3
(65,9) (66,9) 5
(66,9) (65,9) 82
(66,9) (67,9) 36
(67,9) (66,9) 51
(67,9) (68,9) 97
(68,9) (67,9) 2
(68,9) (69,9) 5
(69,9) (68,9) 88
(69,9) (70,9) 29
(70,9) (69,9) 100
(70,9) (71,9) 79
(71,9) (70,9) 17
(71,9) (72,9) 92
(72,9) (71,9) 58
(72,9) (73,9) 56
(73,9) (72,9) 20
(73,9) (74,9) 52
(74,9) (73,9) 8
(74,9) (75,9) 40
(75,9) (74,9) 23
(75,9) (76,9) 20
(76,9) (75,9) 100
(76,9) (77,9) 88
(77,9) (76,9) 79
(77,9) (78,9) 7
(78,9) (77,9) 40
(78,9) (79,9) 51
(79,9) (78,9) 7
(79,9) (80,9) 7
(80,9) (79,9) 57
(80,9) (81,9) 54
(81,9) (80,9) 100
(81,9) (82,9) 86
(82,9) (81,9) 97
(82,9) (83,9) 100
(83,9) (82,9) 82
(83,9) (84,9) 98
(84,9) (83,9) 89
(84,9) (85,9) 86
(85,9) (84,9) 26
(85,9) (86,9) 72
(86,9) (85,9) 30
(86,9) (87,9) 20
(87,9) (86,9) 30
(87,9) (88,9) 66
(88,9) (87,9) 90
(88,9) (89,9) 7
(89,9) (88,9) 99
(89,9) (90,9) 33
(90,9) (89,9) 61
(90,9) (91,9) 71
(91,9) (90,9) 86
(91,9) (92,9) 58
(92,9) (91,9) 49
(92,9) (93,9) 10
(93,9) (92,9) 67
(93,9) (94,9) 95
(94,9) (93,9) 4
(94,9) (95,9) 4
(95,9) (94,9) 54
(95,9) (96,9) 91
(96,9) (95,9) 81
(96,9) (97,9) 34
(97,9) (96,9) 3
(97,9) (98,9) 2
(98,9) (97,9) 15
(98,9) (99,9) 90
(99,9) (98,9) 61
(99,9) (100,9) 54
(100,9) (99,9) 10
(1,10) (2,10) 33
(2,10) (1,10) 52
(2,10) (3,10) 86
(3,10) (2,10) 83
(3,10) (4,10) 64
(4,10) (3,10) 85
(4,10) (5,10) 9
(5,10) (4,10) 95
(5,10) (6,10) 41
(6,10) (5,10) 82
(6,10) (7,10) 52
(7,10) (6,10) 48
(7,10) (8,10) 14
(8,10) (7,10) 63
(8,10) (9,10) 2
(9,10) (8,10) 77
(9,10) (10,10) 32
(10,10) (9,10) 63
(10,10) (11,10) 5
(11,10) (10,10) 64
(11,10) (12,10) 2
(12,10) (11,10) 97
(12,10) (13,10) 17
(13,10) (12,10) 37
(13,10) (14,10) 96
(14,10) (13,10) 36
(14,10) (15,10) 85
(15,10) (14,10) 47
(15,10) (16,10) 67
(16,10) (15,10) 93
(16,10) (17,10) 98
(17,10) (16,10) 95
(17,10) (18,10) 7
(18,10) (17,10) 72
(18,10) (19,10) 44
(19,10) (18,10) 32
(19,10) (20,10) 40
(20,10) (19,10) 93
(20,10) (21,10) 80
(21,10) (20,10) 51
(21,10) (22,10) 96
(22,10) (21,10) 14
(22,10) (23,10) 100
(23,10) (22,10) 18
(23,10) (24,10) 41
(24,10) (23,10) 35
(24,10) (25,10) 83
(25,10) (24,10) 92
(25,10) (26,10) 23
(26,10) (25,10) 45
(26,10) (27,10) 25
(27,10) (26,10) 34
(27,10) (28,10) 52
(28,10) (27,10) 63
(28,10) (29,10) 22
(29,10) (28,10) 61
(29,10) (30,10) 24
(30,10) (29,10) 83
(30,10) (31,10) 51
(31,10) (30,10) 41
(31,10) (32,10) 26
(32,10) (31,10) 14
(32,10) (33,10) 77
(33,10) (32,10) 21
(33,10) (34,10) 68
(34,10) (33,10) 84
(34,10) (35,10) 51
(35,10) (34,10) 88
(35,10) (36,10) 47
(36,10) (35,10) 35
(36,10) (37,10) 36
(37,10) (36,10) 92
(37,10) (38,10) 18
(38,10) (37,10) 50
(38,10) (39,10) 93
(39,10) (38,10) 29
(39,10) (40,10) 85
(40,10) (39,10) 81
(40,10) (41,10) 73
(41,10) (40,10) 18
(41,10) (42,10) 63
(42,10) (41,10) 20
(42,10) (43,10) 46
(43,10) (42,10) 13
(43,10) (44,10) 65
(44,10) (43,10) 22
(44,10) (45,10) 70
(45,10) (44,10) 49
(45,10) (46,10) 90
(46,10) (45,10) 12
(46,10) (47,10) 44
(47,10) (46,10) 66
(47,10) (48,10) 47
(48,10) (47,10) 99
(48,10) (49,10) 84
(49,10) (48,10) 24
(49,10) (50,10) 12
(50,10) (49,10) 75
(50,10) (51,10) 45
(51,10) (50,10) 44
(51,10) (52,10) 58
(52,10) (51,10) 14
(52,10) (53,10) 80
(53,10) (52,10) 15
(53,10) (54,10) 64
(54,10) (53,10) 82
(54,10) (55,10) 43
(55,10) (54,10) 41
(55,10) (56,10) 41
(56,10) (55,10) 2
(56,10) (57,10) 22
(57,10) (56,10) 63
(57,10) (58,10) 44
(58,10) (57,10) 80
(58,10) (59,10) 26
(59,10) (58,10) 70
(59,10) (60,10) 42
(60,10) (59,10) 80
(60,10) (61,10) 44
(61,10) (60,10) 49
(61,10) (62,10) 73
(62,10) (61,10) 100
(62,10) (63,10) 16
(63,10) (62,10) 41
(63,10) (64,10) 90
(64,10) (63,10) 37
(64,10) (65,10) 47
(65,10) (64,10) 96
(65,10) (66,10) 91
(66,10) (65,10) 53
(66,10) (67,10) 15
(67,10) (66,10) 95
(67,10) (68,10) 31
(68,10) (67,10) 84
(68,10) (69,10) 29
(69,10) (68,10) 65
(69,10) (70,10) 10
(70,10) (69,10) 82
(70,10) (71,10) 94
(71,10) (70,10) 21
(71,10) (72,10) 33
(72,10) (71,10) 34
(72,10) (73,10) 43
(73,10) (72,10) 19
(73,10) (74,10) 49
(74,10) (73,10) 77
(74,10) (75,10) 32
(75,10) (74,10) 36
(75,10) (76,10) 37
(76,10) (75,10) 5
(76,10) (77,10) 45
(77,10) (76,10) 85
(77,10) (78,10) 15
(78,10) (77,10) 2
(78,10) (79,10) 63
(79,10) (78,10) 39
(79,10) (80,10) 4
(80,10) (79,10) 20
(80,10) (81,10) 84
(81,10) (80,10) 97
(81,10) (82,10) 64
(82,10) (81,10) 95
(82,10) (83,10) 54
(83,10) (82,10) 17
(83,10) (84,10) 36
(84,10) (83,10) 91
(84,10) (85,10) 71
(85,10) (84,10) 40
(85,10) (86,10) 8
(86,10) (85,10) 34
(86,10) (87,10) 70
(87,10) (86,10) 33
(87,10) (88,10) 97
(88,10) (87,10) 76
(88,10) (89,10) 79
(89,10) (88,10) 38
(89,10) (90,10) 39
(90,10) (89,10) 88
(90,10) (91,10) 92
(91,10) (90,10) 44
(91,10) (92,10) 77
(92,10) (91,10) 86
(92,10) (93,10) 72
(93,10) (92,10) 36
(93,10) (94,10) 2
(94,10) (93,10) 65
(94,10) (95,10) 1
(95,10) (94,10) 55
(95,10) (96,10) 16
(96,10) (95,10) 27
(96,10) (97,10) 58
(97,10) (96,10) 14
(97,10) (98,10) 16
(98,10) (97,10) 75
(98,10) (99,10) 36
(99,10) (98,10) 67
(99,10) (100,10) 32
(100,10) (99,10) 79
(1,10) t 45
(2,10) t 13
(3,10) t 33
(4,10) t 6
(5,10) t 27
(6,10) t 38
(7,10) t 78
(8,10) t 50
(9,10) t 7
(10,10) t 8
(11,10) t 66
(12,10) t 31
(13,10) t 22
(14,10) t 77
(15,10) t 34
(16,10) t 3
(17,10) t 42
(18,10) t 100
(19,10) t 18
(20,10) t 95
(21,10) t 38
(22,10) t 13
(23,10) t 14
(24,10) t 99
(25,10) t 23
(26,10) t 17
(27,10) t 35
(28,10) t 35
(29,10) t 63
(30,10) t 92
(31,10) t 64
(32,10) t 25
(33,10) t 7
(34,10) t 44
(35,10) t 70
(36,10) t 43
(37,10) t 57
(38,10) t 27
(39,10) t 47
(40,10) t 25
(41,10) t 74
(42,10) t 28
(43,10) t 54
(44,10) t 16
(45,10) t 38
(46,10) t 23
(47,10) t 29
(48,10) t 12
(49,10) t 22
(50,10) t 59
(51,10) t 21
(52,10) t 56
(53,10) t 86
(54,10) t 10
(55,10) t 39
(56,10) t 3
(57,10) t 75
(58,10) t 16
(59,10) t 36
(60,10) t 2
(61,10) t 5
(62,10) t 20
(63,10) t 11
(64,10) t 29
(65,10) t 18
(66,10) t 1
(67,10) t 75
(68,10) t 12
(69,10) t 21
(70,10) t 20
(71,10) t 20
(72,10) t 84
(73,10) t 85
(74,10) t 88
(75,10) t 43
(76,10) t 78
(77,10) t 76
(78,10) t 19
(79,10) t 89
(80,10) t 76
(81,10) t 25
(82,10) t 43
(83,10) t 49
(84,10) t 30
(85,10) t 37
(86,10) t 97
(87,10) t 62
(88,10) t 65
(89,10) t 52
(90,10) t 81
(91,10) t 53
(92,10) t 72
(93,10) t 92
(94,10) t 48
(95,10) t 97
(96,10) t 39
(97,10) t 74
(98,10) t 8
(99,10) t 36
(100,10) t 53
