s (1,1) 1
s (2,1) 1
s (3,1) 1
s (4,1) 1
s (5,1) 1
s (6,1) 1
s (7,1) 1
s (8,1) 1
s (9,1) 1
s (10,1) 1
s (11,1) 1
s (12,1) 1
s (13,1) 1
s (14,1) 1
s (15,1) 1
s (16,1) 1
s (17,1) 1
s (18,1) 1
s (19,1) 1
s (20,1) 1
s (21,1) 1
s (22,1) 1
s (23,1) 1
s (24,1) 1
s (25,1) 1
s (26,1) 1
s (27,1) 1
s (28,1) 1
s (29,1) 1
s (30,1) 1
s (31,1) 1
s (32,1) 1
s (33,1) 1
s (34,1) 1
s (35,1) 1
s (36,1) 1
s (37,1) 1
s (38,1) 1
s (39,1) 1
s (40,1) 1
s (41,1) 1
s (42,1) 1
s (43,1) 1
s (44,1) 1
s (45,1) 1
s (46,1) 1
s (47,1) 1
s (48,1) 1
s (49,1) 1
s (50,1) 1
s (51,1) 1
s (52,1) 1
s (53,1) 1
s (54,1) 1
s (55,1) 1
s (56,1) 1
s (57,1) 1
s (58,1) 1
s (59,1) 1
s (60,1) 1
s (61,1) 1
s (62,1) 1
s (63,1) 1
s (64,1) 1
s (65,1) 1
s (66,1) 1
s (67,1) 1
s (68,1) 1
s (69,1) 1
s (70,1) 1
s (71,1) 1
s (72,1) 1
s (73,1) 1
s (74,1) 1
s (75,1) 1
s (76,1) 1
s (77,1) 1
s (78,1) 1
s (79,1) 1
s (80,1) 1
s (81,1) 1
s (82,1) 1
s (83,1) 1
s (84,1) 1
s (85,1) 1
s (86,1) 1
s (87,1) 1
s (88,1) 1
s (89,1) 1
s (90,1) 1
s (91,1) 1
s (92,1) 1
s (93,1) 1
s (94,1) 1
s (95,1) 1
s (96,1) 1
s (97,1) 1
s (98,1) 1
s (99,1) 1
s (100,1) 1
(1,1) (1,2) 1
(2,1) (2,2) 1
(3,1) (3,2) 1
(4,1) (4,2) 1
(5,1) (5,2) 1
(6,1) (6,2) 1
(7,1) (7,2) 1
(8,1) (8,2) 1
(9,1) (9,2) 1
(10,1) (10,2) 1
(11,1) (11,2) 1
(12,1) (12,2) 1
(13,1) (13,2) 1
(14,1) (14,2) 1
(15,1) (15,2) 1
(16,1) (16,2) 1
(17,1) (17,2) 1
(18,1) (18,2) 1
(19,1) (19,2) 1
(20,1) (20,2) 1
(21,1) (21,2) 1
(22,1) (22,2) 1
(23,1) (23,2) 1
(24,1) (24,2) 1
(25,1) (25,2) 1
(26,1) (26,2) 1
(27,1) (27,2) 1
(28,1) (28,2) 1
(29,1) (29,2) 1
(30,1) (30,2) 1
(31,1) (31,2) 1
(32,1) (32,2) 1
(33,1) (33,2) 1
(34,1) (34,2) 1
(35,1) (35,2) 1
(36,1) (36,2) 1
(37,1) (37,2) 1
(38,1) (38,2) 1
(39,1) (39,2) 1
(40,1) (40,2) 1
(41,1) (41,2) 1
(42,1) (42,2) 1
(43,1) (43,2) 1
(44,1) (44,2) 1
(45,1) (45,2) 1
(46,1) (46,2) 1
(47,1) (47,2) 1
(48,1) (48,2) 1
(49,1) (49,2) 1
(50,1) (50,2) 1
(51,1) (51,2) 1
(52,1) (52,2) 1
(53,1) (53,2) 1
(54,1) (54,2) 1
(55,1) (55,2) 1
(56,1) (56,2) 1
(57,1) (57,2) 1
(58,1) (58,2) 1
(59,1) (59,2) 1
(60,1) (60,2) 1
(61,1) (61,2) 1
(62,1) (62,2) 1
(63,1) (63,2) 1
(64,1) (64,2) 1
(65,1) (65,2) 1
(66,1) (66,2) 1
(67,1) (67,2) 1
(68,1) (68,2) 1
(69,1) (69,2) 1
(70,1) (70,2) 1
(71,1) (71,2) 1
(72,1) (72,2) 1
(73,1) (73,2) 1
(74,1) (74,2) 1
(75,1) (75,2) 1
(76,1) (76,2) 1
(77,1) (77,2) 1
(78,1) (78,2) 1
(79,1) (79,2) 1
(80,1) (80,2) 1
(81,1) (81,2) 1
(82,1) (82,2) 1
(83,1) (83,2) 1
(84,1) (84,2) 1
(85,1) (85,2) 1
(86,1) (86,2) 1
(87,1) (87,2) 1
(88,1) (88,2) 1
(89,1) (89,2) 1
(90,1) (90,2) 1
(91,1) (91,2) 1
(92,1) (92,2) 1
(93,1) (93,2) 1
(94,1) (94,2) 1
(95,1) (95,2) 1
(96,1) (96,2) 1
(97,1) (97,2) 1
(98,1) (98,2) 1
(99,1) (99,2) 1
(100,1) (100,2) 1
(1,2) (1,3) 1
(2,2) (2,3) 1
(3,2) (3,3) 1
(4,2) (4,3) 1
(5,2) (5,3) 1
(6,2) (6,3) 1
(7,2) (7,3) 1
(8,2) (8,3) 1
(9,2) (9,3) 1
(10,2) (10,3) 1
(11,2) (11,3) 1
(12,2) (12,3) 1
(13,2) (13,3) 1
(14,2) (14,3) 1
(15,2) (15,3) 1
(16,2) (16,3) 1
(17,2) (17,3) 1
(18,2) (18,3) 1
(19,2) (19,3) 1
(20,2) (20,3) 1
(21,2) (21,3) 1
(22,2) (22,3) 1
(23,2) (23,3) 1
(24,2) (24,3) 1
(25,2) (25,3) 1
(26,2) (26,3) 1
(27,2) (27,3) 1
(28,2) (28,3) 1
(29,2) (29,3) 1
(30,2) (30,3) 1
(31,2) (31,3) 1
(32,2) (32,3) 1
(33,2) (33,3) 1
(34,2) (34,3) 1
(35,2) (35,3) 1
(36,2) (36,3) 1
(37,2) (37,3) 1
(38,2) (38,3) 1
(39,2) (39,3) 1
(40,2) (40,3) 1
(41,2) (41,3) 1
(42,2) (42,3) 1
(43,2) (43,3) 1
(44,2) (44,3) 1
(45,2) (45,3) 1
(46,2) (46,3) 1
(47,2) (47,3) 1
(48,2) (48,3) 1
(49,2) (49,3) 1
(50,2) (50,3) 1
(51,2) (51,3) 1
(52,2) (52,3) 1
(53,2) (53,3) 1
(54,2) (54,3) 1
(55,2) (55,3) 1
(56,2) (56,3) 1
(57,2) (57,3) 1
(58,2) (58,3) 1
(59,2) (59,3) 1
(60,2) (60,3) 1
(61,2) (61,3) 1
(62,2) (62,3) 1
(63,2) (63,3) 1
(64,2) (64,3) 1
(65,2) (65,3) 1
(66,2) (66,3) 1
(67,2) (67,3) 1
(68,2) (68,3) 1
(69,2) (69,3) 1
(70,2) (70,3) 1
(71,2) (71,3) 1
(72,2) (72,3) 1
(73,2) (73,3) 1
(74,2) (74,3) 1
(75,2) (75,3) 1
(76,2) (76,3) 1
(77,2) (77,3) 1
(78,2) (78,3) 1
(79,2) (79,3) 1
(80,2) (80,3) 1
(81,2) (81,3) 1
(82,2) (82,3) 1
(83,2) (83,3) 1
(84,2) (84,3) 1
(85,2) (85,3) 1
(86,2) (86,3) 1
(87,2) (87,3) 1
(88,2) (88,3) 1
(89,2) (89,3) 1
(90,2) (90,3) 1
(91,2) (91,3) 1
(92,2) (92,3) 1
(93,2) (93,3) 1
(94,2) (94,3) 1
(95,2) (95,3) 1
(96,2) (96,3) 1
(97,2) (97,3) 1
(98,2) (98,3) 1
(99,2) (99,3) 1
(100,2) (100,3) 1
(1,3) (1,4) 1
(2,3) (2,4) 1
(3,3) (3,4) 1
(4,3) (4,4) 1
(5,3) (5,4) 1
(6,3) (6,4) 1
(7,3) (7,4) 1
(8,3) (8,4) 1
(9,3) (9,4) 1
(10,3) (10,4) 1
(11,3) (11,4) 1
(12,3) (12,4) 1
(13,3) (13,4) 1
(14,3) (14,4) 1
(15,3) (15,4) 1
(16,3) (16,4) 1
(17,3) (17,4) 1
(18,3) (18,4) 1
(19,3) (19,4) 1
(20,3) (20,4) 1
(21,3) (21,4) 1
(22,3) (22,4) 1
(23,3) (23,4) 1
(24,3) (24,4) 1
(25,3) (25,4) 1
(26,3) (26,4) 1
(27,3) (27,4) 1
(28,3) (28,4) 1
(29,3) (29,4) 1
(30,3) (30,4) 1
(31,3) (31,4) 1
(32,3) (32,4) 1
(33,3) (33,4) 1
(34,3) (34,4) 1
(35,3) (35,4) 1
(36,3) (36,4) 1
(37,3) (37,4) 1
(38,3) (38,4) 1
(39,3) (39,4) 1
(40,3) (40,4) 1
(41,3) (41,4) 1
(42,3) (42,4) 1
(43,3) (43,4) 1
(44,3) (44,4) 1
(45,3) (45,4) 1
(46,3) (46,4) 1
(47,3) (47,4) 1
(48,3) (48,4) 1
(49,3) (49,4) 1
(50,3) (50,4) 1
(51,3) (51,4) 1
(52,3) (52,4) 1
(53,3) (53,4) 1
(54,3) (54,4) 1
(55,3) (55,4) 1
(56,3) (56,4) 1
(57,3) (57,4) 1
(58,3) (58,4) 1
(59,3) (59,4) 1
(60,3) (60,4) 1
(61,3) (61,4) 1
(62,3) (62,4) 1
(63,3) (63,4) 1
(64,3) (64,4) 1
(65,3) (65,4) 1
(66,3) (66,4) 1
(67,3) (67,4) 1
(68,3) (68,4) 1
(69,3) (69,4) 1
(70,3) (70,4) 1
(71,3) (71,4) 1
(72,3) (72,4) 1
(73,3) (73,4) 1
(74,3) (74,4) 1
(75,3) (75,4) 1
(76,3) (76,4) 1
(77,3) (77,4) 1
(78,3) (78,4) 1
(79,3) (79,4) 1
(80,3) (80,4) 1
(81,3) (81,4) 1
(82,3) (82,4) 1
(83,3) (83,4) 1
(84,3) (84,4) 1
(85,3) (85,4) 1
(86,3) (86,4) 1
(87,3) (87,4) 1
(88,3) (88,4) 1
(89,3) (89,4) 1
(90,3) (90,4) 1
(91,3) (91,4) 1
(92,3) (92,4) 1
(93,3) (93,4) 1
(94,3) (94,4) 1
(95,3) (95,4) 1
(96,3) (96,4) 1
(97,3) (97,4) 1
(98,3) (98,4) 1
(99,3) (99,4) 1
(100,3) (100,4) 1
(1,4) (1,5) 1
(2,4) (2,5) 1
(3,4) (3,5) 1
(4,4) (4,5) 1
(5,4) (5,5) 1
(6,4) (6,5) 1
(7,4) (7,5) 1
(8,4) (8,5) 1
(9,4) (9,5) 1
(10,4) (10,5) 1
(11,4) (11,5) 1
(12,4) (12,5) 1
(13,4) (13,5) 1
(14,4) (14,5) 1
(15,4) (15,5) 1
(16,4) (16,5) 1
(17,4) (17,5) 1
(18,4) (18,5) 1
(19,4) (19,5) 1
(20,4) (20,5) 1
(21,4) (21,5) 1
(22,4) (22,5) 1
(23,4) (23,5) 1
(24,4) (24,5) 1
(25,4) (25,5) 1
(26,4) (26,5) 1
(27,4) (27,5) 1
(28,4) (28,5) 1
(29,4) (29,5) 1
(30,4) (30,5) 1
(31,4) (31,5) 1
(32,4) (32,5) 1
(33,4) (33,5) 1
(34,4) (34,5) 1
(35,4) (35,5) 1
(36,4) (36,5) 1
(37,4) (37,5) 1
(38,4) (38,5) 1
(39,4) (39,5) 1
(40,4) (40,5) 1
(41,4) (41,5) 1
(42,4) (42,5) 1
(43,4) (43,5) 1
(44,4) (44,5) 1
(45,4) (45,5) 1
(46,4) (46,5) 1
(47,4) (47,5) 1
(48,4) (48,5) 1
(49,4) (49,5) 1
(50,4) (50,5) 1
(51,4) (51,5) 1
(52,4) (52,5) 1
(53,4) (53,5) 1
(54,4) (54,5) 1
(55,4) (55,5) 1
(56,4) (56,5) 1
(57,4) (57,5) 1
(58,4) (58,5) 1
(59,4) (59,5) 1
(60,4) (60,5) 1
(61,4) (61,5) 1
(62,4) (62,5) 1
(63,4) (63,5) 1
(64,4) (64,5) 1
(65,4) (65,5) 1
(66,4) (66,5) 1
(67,4) (67,5) 1
(68,4) (68,5) 1
(69,4) (69,5) 1
(70,4) (70,5) 1
(71,4) (71,5) 1
(72,4) (72,5) 1
(73,4) (73,5) 1
(74,4) (74,5) 1
(75,4) (75,5) 1
(76,4) (76,5) 1
(77,4) (77,5) 1
(78,4) (78,5) 1
(79,4) (79,5) 1
(80,4) (80,5) 1
(81,4) (81,5) 1
(82,4) (82,5) 1
(83,4) (83,5) 1
(84,4) (84,5) 1
(85,4) (85,5) 1
(86,4) (86,5) 1
(87,4) (87,5) 1
(88,4) (88,5) 1
(89,4) (89,5) 1
(90,4) (90,5) 1
(91,4) (91,5) 1
(92,4) (92,5) 1
(93,4) (93,5) 1
(94,4) (94,5) 1
(95,4) (95,5) 1
(96,4) (96,5) 1
(97,4) (97,5) 1
(98,4) (98,5) 1
(99,4) (99,5) 1
(100,4) (100,5) 1
(1,5) (1,6) 1
(2,5) (2,6) 1
(3,5) (3,6) 1
(4,5) (4,6) 1
(5,5) (5,6) 1
(6,5) (6,6) 1
(7,5) (7,6) 1
(8,5) (8,6) 1
(9,5) (9,6) 1
(10,5) (10,6) 1
(11,5) (11,6) 1
(12,5) (12,6) 1
(13,5) (13,6) 1
(14,5) (14,6) 1
(15,5) (15,6) 1
(16,5) (16,6) 1
(17,5) (17,6) 1
(18,5) (18,6) 1
(19,5) (19,6) 1
(20,5) (20,6) 1
(21,5) (21,6) 1
(22,5) (22,6) 1
(23,5) (23,6) 1
(24,5) (24,6) 1
(25,5) (25,6) 1
(26,5) (26,6) 1
(27,5) (27,6) 1
(28,5) (28,6) 1
(29,5) (29,6) 1
(30,5) (30,6) 1
(31,5) (31,6) 1
(32,5) (32,6) 1
(33,5) (33,6) 1
(34,5) (34,6) 1
(35,5) (35,6) 1
(36,5) (36,6) 1
(37,5) (37,6) 1
(38,5) (38,6) 1
(39,5) (39,6) 1
(40,5) (40,6) 1
(41,5) (41,6) 1
(42,5) (42,6) 1
(43,5) (43,6) 1
(44,5) (44,6) 1
(45,5) (45,6) 1
(46,5) (46,6) 1
(47,5) (47,6) 1
(48,5) (48,6) 1
(49,5) (49,6) 1
(50,5) (50,6) 1
(51,5) (51,6) 1
(52,5) (52,6) 1
(53,5) (53,6) 1
(54,5) (54,6) 1
(55,5) (55,6) 1
(56,5) (56,6) 1
(57,5) (57,6) 1
(58,5) (58,6) 1
(59,5) (59,6) 1
(60,5) (60,6) 1
(61,5) (61,6) 1
(62,5) (62,6) 1
(63,5) (63,6) 1
(64,5) (64,6) 1
(65,5) (65,6) 1
(66,5) (66,6) 1
(67,5) (67,6) 1
(68,5) (68,6) 1
(69,5) (69,6) 1
(70,5) (70,6) 1
(71,5) (71,6) 1
(72,5) (72,6) 1
(73,5) (73,6) 1
(74,5) (74,6) 1
(75,5) (75,6) 1
(76,5) (76,6) 1
(77,5) (77,6) 1
(78,5) (78,6) 1
(79,5) (79,6) 1
(80,5) (80,6) 1
(81,5) (81,6) 1
(82,5) (82,6) 1
(83,5) (83,6) 1
(84,5) (84,6) 1
(85,5) (85,6) 1
(86,5) (86,6) 1
(87,5) (87,6) 1
(88,5) (88,6) 1
(89,5) (89,6) 1
(90,5) (90,6) 1
(91,5) (91,6) 1
(92,5) (92,6) 1
(93,5) (93,6) 1
(94,5) (94,6) 1
(95,5) (95,6) 1
(96,5) (96,6) 1
(97,5) (97,6) 1
(98,5) (98,6) 1
(99,5) (99,6) 1
(100,5) (100,6) 1
(1,6) (1,7) 1
(2,6) (2,7) 1
(3,6) (3,7) 1
(4,6) (4,7) 1
(5,6) (5,7) 1
(6,6) (6,7) 1
(7,6) (7,7) 1
(8,6) (8,7) 1
(9,6) (9,7) 1
(10,6) (10,7) 1
(11,6) (11,7) 1
(12,6) (12,7) 1
(13,6) (13,7) 1
(14,6) (14,7) 1
(15,6) (15,7) 1
(16,6) (16,7) 1
(17,6) (17,7) 1
(18,6) (18,7) 1
(19,6) (19,7) 1
(20,6) (20,7) 1
(21,6) (21,7) 1
(22,6) (22,7) 1
(23,6) (23,7) 1
(24,6) (24,7) 1
(25,6) (25,7) 1
(26,6) (26,7) 1
(27,6) (27,7) 1
(28,6) (28,7) 1
(29,6) (29,7) 1
(30,6) (30,7) 1
(31,6) (31,7) 1
(32,6) (32,7) 1
(33,6) (33,7) 1
(34,6) (34,7) 1
(35,6) (35,7) 1
(36,6) (36,7) 1
(37,6) (37,7) 1
(38,6) (38,7) 1
(39,6) (39,7) 1
(40,6) (40,7) 1
(41,6) (41,7) 1
(42,6) (42,7) 1
(43,6) (43,7) 1
(44,6) (44,7) 1
(45,6) (45,7) 1
(46,6) (46,7) 1
(47,6) (47,7) 1
(48,6) (48,7) 1
(49,6) (49,7) 1
(50,6) (50,7) 1
(51,6) (51,7) 1
(52,6) (52,7) 1
(53,6) (53,7) 1
(54,6) (54,7) 1
(55,6) (55,7) 1
(56,6) (56,7) 1
(57,6) (57,7) 1
(58,6) (58,7) 1
(59,6) (59,7) 1
(60,6) (60,7) 1
(61,6) (61,7) 1
(62,6) (62,7) 1
(63,6) (63,7) 1
(64,6) (64,7) 1
(65,6) (65,7) 1
(66,6) (66,7) 1
(67,6) (67,7) 1
(68,6) (68,7) 1
(69,6) (69,7) 1
(70,6) (70,7) 1
(71,6) (71,7) 1
(72,6) (72,7) 1
(73,6) (73,7) 1
(74,6) (74,7) 1
(75,6) (75,7) 1
(76,6) (76,7) 1
(77,6) (77,7) 1
(78,6) (78,7) 1
(79,6) (79,7) 1
(80,6) (80,7) 1
(81,6) (81,7) 1
(82,6) (82,7) 1
(83,6) (83,7) 1
(84,6) (84,7) 1
(85,6) (85,7) 1
(86,6) (86,7) 1
(87,6) (87,7) 1
(88,6) (88,7) 1
(89,6) (89,7) 1
(90,6) (90,7) 1
(91,6) (91,7) 1
(92,6) (92,7) 1
(93,6) (93,7) 1
(94,6) (94,7) 1
(95,6) (95,7) 1
(96,6) (96,7) 1
(97,6) (97,7) 1
(98,6) (98,7) 1
(99,6) (99,7) 1
(100,6) (100,7) 1
(1,7) (1,8) 1
(2,7) (2,8) 1
(3,7) (3,8) 1
(4,7) (4,8) 1
(5,7) (5,8) 1
(6,7) (6,8) 1
(7,7) (7,8) 1
(8,7) (8,8) 1
(9,7) (9,8) 1
(10,7) (10,8) 1
(11,7) (11,8) 1
(12,7) (12,8) 1
(13,7) (13,8) 1
(14,7) (14,8) 1
(15,7) (15,8) 1
(16,7) (16,8) 1
(17,7) (17,8) 1
(18,7) (18,8) 1
(19,7) (19,8) 1
(20,7) (20,8) 1
(21,7) (21,8) 1
(22,7) (22,8) 1
(23,7) (23,8) 1
(24,7) (24,8) 1
(25,7) (25,8) 1
(26,7) (26,8) 1
(27,7) (27,8) 1
(28,7) (28,8) 1
(29,7) (29,8) 1
(30,7) (30,8) 1
(31,7) (31,8) 1
(32,7) (32,8) 1
(33,7) (33,8) 1
(34,7) (34,8) 1
(35,7) (35,8) 1
(36,7) (36,8) 1
(37,7) (37,8) 1
(38,7) (38,8) 1
(39,7) (39,8) 1
(40,7) (40,8) 1
(41,7) (41,8) 1
(42,7) (42,8) 1
(43,7) (43,8) 1
(44,7) (44,8) 1
(45,7) (45,8) 1
(46,7) (46,8) 1
(47,7) (47,8) 1
(48,7) (48,8) 1
(49,7) (49,8) 1
(50,7) (50,8) 1
(51,7) (51,8) 1
(52,7) (52,8) 1
(53,7) (53,8) 1
(54,7) (54,8) 1
(55,7) (55,8) 1
(56,7) (56,8) 1
(57,7) (57,8) 1
(58,7) (58,8) 1
(59,7) (59,8) 1
(60,7) (60,8) 1
(61,7) (61,8) 1
(62,7) (62,8) 1
(63,7) (63,8) 1
(64,7) (64,8) 1
(65,7) (65,8) 1
(66,7) (66,8) 1
(67,7) (67,8) 1
(68,7) (68,8) 1
(69,7) (69,8) 1
(70,7) (70,8) 1
(71,7) (71,8) 1
(72,7) (72,8) 1
(73,7) (73,8) 1
(74,7) (74,8) 1
(75,7) (75,8) 1
(76,7) (76,8) 1
(77,7) (77,8) 1
(78,7) (78,8) 1
(79,7) (79,8) 1
(80,7) (80,8) 1
(81,7) (81,8) 1
(82,7) (82,8) 1
(83,7) (83,8) 1
(84,7) (84,8) 1
(85,7) (85,8) 1
(86,7) (86,8) 1
(87,7) (87,8) 1
(88,7) (88,8) 1
(89,7) (89,8) 1
(90,7) (90,8) 1
(91,7) (91,8) 1
(92,7) (92,8) 1
(93,7) (93,8) 1
(94,7) (94,8) 1
(95,7) (95,8) 1
(96,7) (96,8) 1
(97,7) (97,8) 1
(98,7) (98,8) 1
(99,7) (99,8) 1
(100,7) (100,8) 1
(1,8) (1,9) 1
(2,8) (2,9) 1
(3,8) (3,9) 1
(4,8) (4,9) 1
(5,8) (5,9) 1
(6,8) (6,9) 1
(7,8) (7,9) 1
(8,8) (8,9) 1
(9,8) (9,9) 1
(10,8) (10,9) 1
(11,8) (11,9) 1
(12,8) (12,9) 1
(13,8) (13,9) 1
(14,8) (14,9) 1
(15,8) (15,9) 1
(16,8) (16,9) 1
(17,8) (17,9) 1
(18,8) (18,9) 1
(19,8) (19,9) 1
(20,8) (20,9) 1
(21,8) (21,9) 1
(22,8) (22,9) 1
(23,8) (23,9) 1
(24,8) (24,9) 1
(25,8) (25,9) 1
(26,8) (26,9) 1
(27,8) (27,9) 1
(28,8) (28,9) 1
(29,8) (29,9) 1
(30,8) (30,9) 1
(31,8) (31,9) 1
(32,8) (32,9) 1
(33,8) (33,9) 1
(34,8) (34,9) 1
(35,8) (35,9) 1
(36,8) (36,9) 1
(37,8) (37,9) 1
(38,8) (38,9) 1
(39,8) (39,9) 1
(40,8) (40,9) 1
(41,8) (41,9) 1
(42,8) (42,9) 1
(43,8) (43,9) 1
(44,8) (44,9) 1
(45,8) (45,9) 1
(46,8) (46,9) 1
(47,8) (47,9) 1
(48,8) (48,9) 1
(49,8) (49,9) 1
(50,8) (50,9) 1
(51,8) (51,9) 1
(52,8) (52,9) 1
(53,8) (53,9) 1
(54,8) (54,9) 1
(55,8) (55,9) 1
(56,8) (56,9) 1
(57,8) (57,9) 1
(58,8) (58,9) 1
(59,8) (59,9) 1
(60,8) (60,9) 1
(61,8) (61,9) 1
(62,8) (62,9) 1
(63,8) (63,9) 1
(64,8) (64,9) 1
(65,8) (65,9) 1
(66,8) (66,9) 1
(67,8) (67,9) 1
(68,8) (68,9) 1
(69,8) (69,9) 1
(70,8) (70,9) 1
(71,8) (71,9) 1
(72,8) (72,9) 1
(73,8) (73,9) 1
(74,8) (74,9) 1
(75,8) (75,9) 1
(76,8) (76,9) 1
(77,8) (77,9) 1
(78,8) (78,9) 1
(79,8) (79,9) 1
(80,8) (80,9) 1
(81,8) (81,9) 1
(82,8) (82,9) 1
(83,8) (83,9) 1
(84,8) (84,9) 1
(85,8) (85,9) 1
(86,8) (86,9) 1
(87,8) (87,9) 1
(88,8) (88,9) 1
(89,8) (89,9) 1
(90,8) (90,9) 1
(91,8) (91,9) 1
(92,8) (92,9) 1
(93,8) (93,9) 1
(94,8) (94,9) 1
(95,8) (95,9) 1
(96,8) (96,9) 1
(97,8) (97,9) 1
(98,8) (98,9) 1
(99,8) (99,9) 1
(100,8) (100,9) 1
(1,9) (1,10) 1
(2,9) (2,10) 1
(3,9) (3,10) 1
(4,9) (4,10) 1
(5,9) (5,10) 1
(6,9) (6,10) 1
(7,9) (7,10) 1
(8,9) (8,10) 1
(9,9) (9,10) 1
(10,9) (10,10) 1
(11,9) (11,10) 1
(12,9) (12,10) 1
(13,9) (13,10) 1
(14,9) (14,10) 1
(15,9) (15,10) 1
(16,9) (16,10) 1
(17,9) (17,10) 1
(18,9) (18,10) 1
(19,9) (19,10) 1
(20,9) (20,10) 1
(21,9) (21,10) 1
(22,9) (22,10) 1
(23,9) (23,10) 1
(24,9) (24,10) 1
(25,9) (25,10) 1
(26,9) (26,10) 1
(27,9) (27,10) 1
(28,9) (28,10) 1
(29,9) (29,10) 1
(30,9) (30,10) 1
(31,9) (31,10) 1
(32,9) (32,10) 1
(33,9) (33,10) 1
(34,9) (34,10) 1
(35,9) (35,10) 1
(36,9) (36,10) 1
(37,9) (37,10) 1
(38,9) (38,10) 1
(39,9) (39,10) 1
(40,9) (40,10) 1
(41,9) (41,10) 1
(42,9) (42,10) 1
(43,9) (43,10) 1
(44,9) (44,10) 1
(45,9) (45,10) 1
(46,9) (46,10) 1
(47,9) (47,10) 1
(48,9) (48,10) 1
(49,9) (49,10) 1
(50,9) (50,10) 1
(51,9) (51,10) 1
(52,9) (52,10) 1
(53,9) (53,10) 1
(54,9) (54,10) 1
(55,9) (55,10) 1
(56,9) (56,10) 1
(57,9) (57,10) 1
(58,9) (58,10) 1
(59,9) (59,10) 1
(60,9) (60,10) 1
(61,9) (61,10) 1
(62,9) (62,10) 1
(63,9) (63,10) 1
(64,9) (64,10) 1
(65,9) (65,10) 1
(66,9) (66,10) 1
(67,9) (67,10) 1
(68,9) (68,10) 1
(69,9) (69,10) 1
(70,9) (70,10) 1
(71,9) (71,10) 1
(72,9) (72,10) 1
(73,9) (73,10) 1
(74,9) (74,10) 1
(75,9) (75,10) 1
(76,9) (76,10) 1
(77,9) (77,10) 1
(78,9) (78,10) 1
(79,9) (79,10) 1
(80,9) (80,10) 1
(81,9) (81,10) 1
(82,9) (82,10) 1
(83,9) (83,10) 1
(84,9) (84,10) 1
(85,9) (85,10) 1
(86,9) (86,10) 1
(87,9) (87,10) 1
(88,9) (88,10) 1
(89,9) (89,10) 1
(90,9) (90,10) 1
(91,9) (91,10) 1
(92,9) (92,10) 1
(93,9) (93,10) 1
(94,9) (94,10) 1
(95,9) (95,10) 1
(96,9) (96,10) 1
(97,9) (97,10) 1
(98,9) (98,10) 1
(99,9) (99,10) 1
(100,9) (100,10) 1
(1,1) (2,1) 1
(2,1) (1,1) 1
(2,1) (3,1) 1
(3,1) (2,1) 1
(3,1) (4,1) 1
(4,1) (3,1) 1
(4,1) (5,1) 1
(5,1) (4,1) 1
(5,1) (6,1) 1
(6,1) (5,1) 1
(6,1) (7,1) 1
(7,1) (6,1) 1
(7,1) (8,1) 1
(8,1) (7,1) 1
(8,1) (9,1) 1
(9,1) (8,1) 1
(9,1) (10,1) 1
(10,1) (9,1) 1
(10,1) (11,1) 1
(11,1) (10,1) 1
(11,1) (12,1) 1
(12,1) (11,1) 1
(12,1) (13,1) 1
(13,1) (12,1) 1
(13,1) (14,1) 1
(14,1) (13,1) 1
(14,1) (15,1) 1
(15,1) (14,1) 1
(15,1) (16,1) 1
(16,1) (15,1) 1
(16,1) (17,1) 1
(17,1) (16,1) 1
(17,1) (18,1) 1
(18,1) (17,1) 1
(18,1) (19,1) 1
(19,1) (18,1) 1
(19,1) (20,1) 1
(20,1) (19,1) 1
(20,1) (21,1) 1
(21,1) (20,1) 1
(21,1) (22,1) 1
(22,1) (21,1) 1
(22,1) (23,1) 1
(23,1) (22,1) 1
(23,1) (24,1) 1
(24,1) (23,1) 1
(24,1) (25,1) 1
(25,1) (24,1) 1
(25,1) (26,1) 1
(26,1) (25,1) 1
(26,1) (27,1) 1
(27,1) (26,1) 1
(27,1) (28,1) 1
(28,1) (27,1) 1
(28,1) (29,1) 1
(29,1) (28,1) 1
(29,1) (30,1) 1
(30,1) (29,1) 1
(30,1) (31,1) 1
(31,1) (30,1) 1
(31,1) (32,1) 1
(32,1) (31,1) 1
(32,1) (33,1) 1
(33,1) (32,1) 1
(33,1) (34,1) 1
(34,1) (33,1) 1
(34,1) (35,1) 1
(35,1) (34,1) 1
(35,1) (36,1) 1
(36,1) (35,1) 1
(36,1) (37,1) 1
(37,1) (36,1) 1
(37,1) (38,1) 1
(38,1) (37,1) 1
(38,1) (39,1) 1
(39,1) (38,1) 1
(39,1) (40,1) 1
(40,1) (39,1) 1
(40,1) (41,1) 1
(41,1) (40,1) 1
(41,1) (42,1) 1
(42,1) (41,1) 1
(42,1) (43,1) 1
(43,1) (42,1) 1
(43,1) (44,1) 1
(44,1) (43,1) 1
(44,1) (45,1) 1
(45,1) (44,1) 1
(45,1) (46,1) 1
(46,1) (45,1) 1
(46,1) (47,1) 1
(47,1) (46,1) 1
(47,1) (48,1) 1
(48,1) (47,1) 1
(48,1) (49,1) 1
(49,1) (48,1) 1
(49,1) (50,1) 1
(50,1) (49,1) 1
(50,1) (51,1) 1
(51,1) (50,1) 1
(51,1) (52,1) 1
(52,1) (51,1) 1
(52,1) (53,1) 1
(53,1) (52,1) 1
(53,1) (54,1) 1
(54,1) (53,1) 1
(54,1) (55,1) 1
(55,1) (54,1) 1
(55,1) (56,1) 1
(56,1) (55,1) 1
(56,1) (57,1) 1
(57,1) (56,1) 1
(57,1) (58,1) 1
(58,1) (57,1) 1
(58,1) (59,1) 1
(59,1) (58,1) 1
(59,1) (60,1) 1
(60,1) (59,1) 1
(60,1) (61,1) 1
(61,1) (60,1) 1
(61,1) (62,1) 1
(62,1) (61,1) 1
(62,1) (63,1) 1
(63,1) (62,1) 1
(63,1) (64,1) 1
(64,1) (63,1) 1
(64,1) (65,1) 1
(65,1) (64,1) 1
(65,1) (66,1) 1
(66,1) (65,1) 1
(66,1) (67,1) 1
(67,1) (66,1) 1
(67,1) (68,1) 1
(68,1) (67,1) 1
(68,1) (69,1) 1
(69,1) (68,1) 1
(69,1) (70,1) 1
(70,1) (69,1) 1
(70,1) (71,1) 1
(71,1) (70,1) 1
(71,1) (72,1) 1
(72,1) (71,1) 1
(72,1) (73,1) 1
(73,1) (72,1) 1
(73,1) (74,1) 1
(74,1) (73,1) 1
(74,1) (75,1) 1
(75,1) (74,1) 1
(75,1) (76,1) 1
(76,1) (75,1) 1
(76,1) (77,1) 1
(77,1) (76,1) 1
(77,1) (78,1) 1
(78,1) (77,1) 1
(78,1) (79,1) 1
(79,1) (78,1) 1
(79,1) (80,1) 1
(80,1) (79,1) 1
(80,1) (81,1) 1
(81,1) (80,1) 1
(81,1) (82,1) 1
(82,1) (81,1) 1
(82,1) (83,1) 1
(83,1) (82,1) 1
(83,1) (84,1) 1
(84,1) (83,1) 1
(84,1) (85,1) 1
(85,1) (84,1) 1
(85,1) (86,1) 1
(86,1) (85,1) 1
(86,1) (87,1) 1
(87,1) (86,1) 1
(87,1) (88,1) 1
(88,1) (87,1) 1
(88,1) (89,1) 1
(89,1) (88,1) 1
(89,1) (90,1) 1
(90,1) (89,1) 1
(90,1) (91,1) 1
(91,1) (90,1) 1
(91,1) (92,1) 1
(92,1) (91,1) 1
(92,1) (93,1) 1
(93,1) (92,1) 1
(93,1) (94,1) 1
(94,1) (93,1) 1
(94,1) (95,1) 1
(95,1) (94,1) 1
(95,1) (96,1) 1
(96,1) (95,1) 1
(96,1) (97,1) 1
(97,1) (96,1) 1
(97,1) (98,1) 1
(98,1) (97,1) 1
(98,1) (99,1) 1
(99,1) (98,1) 1
(99,1) (100,1) 1
(100,1) (99,1) 1
(1,2) (2,2) 1
(2,2) (1,2) 1
(2,2) (3,2) 1
(3,2) (2,2) 1
(3,2) (4,2) 1
(4,2) (3,2) 1
(4,2) (5,2) 1
(5,2) (4,2) 1
(5,2) (6,2) 1
(6,2) (5,2) 1
(6,2) (7,2) 1
(7,2) (6,2) 1
(7,2) (8,2) 1
(8,2) (7,2) 1
(8,2) (9,2) 1
(9,2) (8,2) 1
(9,2) (10,2) 1
(10,2) (9,2) 1
(10,2) (11,2) 1
(11,2) (10,2) 1
(11,2) (12,2) 1
(12,2) (11,2) 1
(12,2) (13,2) 1
(13,2) (12,2) 1
(13,2) (14,2) 1
(14,2) (13,2) 1
(14,2) (15,2) 1
(15,2) (14,2) 1
(15,2) (16,2) 1
(16,2) (15,2) 1
(16,2) (17,2) 1
(17,2) (16,2) 1
(17,2) (18,2) 1
(18,2) (17,2) 1
(18,2) (19,2) 1
(19,2) (18,2) 1
(19,2) (20,2) 1
(20,2) (19,2) 1
(20,2) (21,2) 1
(21,2) (20,2) 1
(21,2) (22,2) 1
(22,2) (21,2) 1
(22,2) (23,2) 1
(23,2) (22,2) 1
(23,2) (24,2) 1
(24,2) (23,2) 1
(24,2) (25,2) 1
(25,2) (24,2) 1
(25,2) (26,2) 1
(26,2) (25,2) 1
(26,2) (27,2) 1
(27,2) (26,2) 1
(27,2) (28,2) 1
(28,2) (27,2) 1
(28,2) (29,2) 1
(29,2) (28,2) 1
(29,2) (30,2) 1
(30,2) (29,2) 1
(30,2) (31,2) 1
(31,2) (30,2) 1
(31,2) (32,2) 1
(32,2) (31,2) 1
(32,2) (33,2) 1
(33,2) (32,2) 1
(33,2) (34,2) 1
(34,2) (33,2) 1
(34,2) (35,2) 1
(35,2) (34,2) 1
(35,2) (36,2) 1
(36,2) (35,2) 1
(36,2) (37,2) 1
(37,2) (36,2) 1
(37,2) (38,2) 1
(38,2) (37,2) 1
(38,2) (39,2) 1
(39,2) (38,2) 1
(39,2) (40,2) 1
(40,2) (39,2) 1
(40,2) (41,2) 1
(41,2) (40,2) 1
(41,2) (42,2) 1
(42,2) (41,2) 1
(42,2) (43,2) 1
(43,2) (42,2) 1
(43,2) (44,2) 1
(44,2) (43,2) 1
(44,2) (45,2) 1
(45,2) (44,2) 1
(45,2) (46,2) 1
(46,2) (45,2) 1
(46,2) (47,2) 1
(47,2) (46,2) 1
(47,2) (48,2) 1
(48,2) (47,2) 1
(48,2) (49,2) 1
(49,2) (48,2) 1
(49,2) (50,2) 1
(50,2) (49,2) 1
(50,2) (51,2) 1
(51,2) (50,2) 1
(51,2) (52,2) 1
(52,2) (51,2) 1
(52,2) (53,2) 1
(53,2) (52,2) 1
(53,2) (54,2) 1
(54,2) (53,2) 1
(54,2) (55,2) 1
(55,2) (54,2) 1
(55,2) (56,2) 1
(56,2) (55,2) 1
(56,2) (57,2) 1
(57,2) (56,2) 1
(57,2) (58,2) 1
(58,2) (57,2) 1
(58,2) (59,2) 1
(59,2) (58,2) 1
(59,2) (60,2) 1
(60,2) (59,2) 1
(60,2) (61,2) 1
(61,2) (60,2) 1
(61,2) (62,2) 1
(62,2) (61,2) 1
(62,2) (63,2) 1
(63,2) (62,2) 1
(63,2) (64,2) 1
(64,2) (63,2) 1
(64,2) (65,2) 1
(65,2) (64,2) 1
(65,2) (66,2) 1
(66,2) (65,2) 1
(66,2) (67,2) 1
(67,2) (66,2) 1
(67,2) (68,2) 1
(68,2) (67,2) 1
(68,2) (69,2) 1
(69,2) (68,2) 1
(69,2) (70,2) 1
(70,2) (69,2) 1
(70,2) (71,2) 1
(71,2) (70,2) 1
(71,2) (72,2) 1
(72,2) (71,2) 1
(72,2) (73,2) 1
(73,2) (72,2) 1
(73,2) (74,2) 1
(74,2) (73,2) 1
(74,2) (75,2) 1
(75,2) (74,2) 1
(75,2) (76,2) 1
(76,2) (75,2) 1
(76,2) (77,2) 1
(77,2) (76,2) 1
(77,2) (78,2) 1
(78,2) (77,2) 1
(78,2) (79,2) 1
(79,2) (78,2) 1
(79,2) (80,2) 1
(80,2) (79,2) 1
(80,2) (81,2) 1
(81,2) (80,2) 1
(81,2) (82,2) 1
(82,2) (81,2) 1
(82,2) (83,2) 1
(83,2) (82,2) 1
(83,2) (84,2) 1
(84,2) (83,2) 1
(84,2) (85,2) 1
(85,2) (84,2) 1
(85,2) (86,2) 1
(86,2) (85,2) 1
(86,2) (87,2) 1
(87,2) (86,2) 1
(87,2) (88,2) 1
(88,2) (87,2) 1
(88,2) (89,2) 1
(89,2) (88,2) 1
(89,2) (90,2) 1
(90,2) (89,2) 1
(90,2) (91,2) 1
(91,2) (90,2) 1
(91,2) (92,2) 1
(92,2) (91,2) 1
(92,2) (93,2) 1
(93,2) (92,2) 1
(93,2) (94,2) 1
(94,2) (93,2) 1
(94,2) (95,2) 1
(95,2) (94,2) 1
(95,2) (96,2) 1
(96,2) (95,2) 1
(96,2) (97,2) 1
(97,2) (96,2) 1
(97,2) (98,2) 1
(98,2) (97,2) 1
(98,2) (99,2) 1
(99,2) (98,2) 1
(99,2) (100,2) 1
(100,2) (99,2) 1
(1,3) (2,3) 1
(2,3) (1,3) 1
(2,3) (3,3) 1
(3,3) (2,3) 1
(3,3) (4,3) 1
(4,3) (3,3) 1
(4,3) (5,3) 1
(5,3) (4,3) 1
(5,3) (6,3) 1
(6,3) (5,3) 1
(6,3) (7,3) 1
(7,3) (6,3) 1
(7,3) (8,3) 1
(8,3) (7,3) 1
(8,3) (9,3) 1
(9,3) (8,3) 1
(9,3) (10,3) 1
(10,3) (9,3) 1
(10,3) (11,3) 1
(11,3) (10,3) 1
(11,3) (12,3) 1
(12,3) (11,3) 1
(12,3) (13,3) 1
(13,3) (12,3) 1
(13,3) (14,3) 1
(14,3) (13,3) 1
(14,3) (15,3) 1
(15,3) (14,3) 1
(15,3) (16,3) 1
(16,3) (15,3) 1
(16,3) (17,3) 1
(17,3) (16,3) 1
(17,3) (18,3) 1
(18,3) (17,3) 1
(18,3) (19,3) 1
(19,3) (18,3) 1
(19,3) (20,3) 1
(20,3) (19,3) 1
(20,3) (21,3) 1
(21,3) (20,3) 1
(21,3) (22,3) 1
(22,3) (21,3) 1
(22,3) (23,3) 1
(23,3) (22,3) 1
(23,3) (24,3) 1
(24,3) (23,3) 1
(24,3) (25,3) 1
(25,3) (24,3) 1
(25,3) (26,3) 1
(26,3) (25,3) 1
(26,3) (27,3) 1
(27,3) (26,3) 1
(27,3) (28,3) 1
(28,3) (27,3) 1
(28,3) (29,3) 1
(29,3) (28,3) 1
(29,3) (30,3) 1
(30,3) (29,3) 1
(30,3) (31,3) 1
(31,3) (30,3) 1
(31,3) (32,3) 1
(32,3) (31,3) 1
(32,3) (33,3) 1
(33,3) (32,3) 1
(33,3) (34,3) 1
(34,3) (33,3) 1
(34,3) (35,3) 1
(35,3) (34,3) 1
(35,3) (36,3) 1
(36,3) (35,3) 1
(36,3) (37,3) 1
(37,3) (36,3) 1
(37,3) (38,3) 1
(38,3) (37,3) 1
(38,3) (39,3) 1
(39,3) (38,3) 1
(39,3) (40,3) 1
(40,3) (39,3) 1
(40,3) (41,3) 1
(41,3) (40,3) 1
(41,3) (42,3) 1
(42,3) (41,3) 1
(42,3) (43,3) 1
(43,3) (42,3) 1
(43,3) (44,3) 1
(44,3) (43,3) 1
(44,3) (45,3) 1
(45,3) (44,3) 1
(45,3) (46,3) 1
(46,3) (45,3) 1
(46,3) (47,3) 1
(47,3) (46,3) 1
(47,3) (48,3) 1
(48,3) (47,3) 1
(48,3) (49,3) 1
(49,3) (48,3) 1
(49,3) (50,3) 1
(50,3) (49,3) 1
(50,3) (51,3) 1
(51,3) (50,3) 1
(51,3) (52,3) 1
(52,3) (51,3) 1
(52,3) (53,3) 1
(53,3) (52,3) 1
(53,3) (54,3) 1
(54,3) (53,3) 1
(54,3) (55,3) 1
(55,3) (54,3) 1
(55,3) (56,3) 1
(56,3) (55,3) 1
(56,3) (57,3) 1
(57,3) (56,3) 1
(57,3) (58,3) 1
(58,3) (57,3) 1
(58,3) (59,3) 1
(59,3) (58,3) 1
(59,3) (60,3) 1
(60,3) (59,3) 1
(60,3) (61,3) 1
(61,3) (60,3) 1
(61,3) (62,3) 1
(62,3) (61,3) 1
(62,3) (63,3) 1
(63,3) (62,3) 1
(63,3) (64,3) 1
(64,3) (63,3) 1
(64,3) (65,3) 1
(65,3) (64,3) 1
(65,3) (66,3) 1
(66,3) (65,3) 1
(66,3) (67,3) 1
(67,3) (66,3) 1
(67,3) (68,3) 1
(68,3) (67,3) 1
(68,3) (69,3) 1
(69,3) (68,3) 1
(69,3) (70,3) 1
(70,3) (69,3) 1
(70,3) (71,3) 1
(71,3) (70,3) 1
(71,3) (72,3) 1
(72,3) (71,3) 1
(72,3) (73,3) 1
(73,3) (72,3) 1
(73,3) (74,3) 1
(74,3) (73,3) 1
(74,3) (75,3) 1
(75,3) (74,3) 1
(75,3) (76,3) 1
(76,3) (75,3) 1
(76,3) (77,3) 1
(77,3) (76,3) 1
(77,3) (78,3) 1
(78,3) (77,3) 1
(78,3) (79,3) 1
(79,3) (78,3) 1
(79,3) (80,3) 1
(80,3) (79,3) 1
(80,3) (81,3) 1
(81,3) (80,3) 1
(81,3) (82,3) 1
(82,3) (81,3) 1
(82,3) (83,3) 1
(83,3) (82,3) 1
(83,3) (84,3) 1
(84,3) (83,3) 1
(84,3) (85,3) 1
(85,3) (84,3) 1
(85,3) (86,3) 1
(86,3) (85,3) 1
(86,3) (87,3) 1
(87,3) (86,3) 1
(87,3) (88,3) 1
(88,3) (87,3) 1
(88,3) (89,3) 1
(89,3) (88,3) 1
(89,3) (90,3) 1
(90,3) (89,3) 1
(90,3) (91,3) 1
(91,3) (90,3) 1
(91,3) (92,3) 1
(92,3) (91,3) 1
(92,3) (93,3) 1
(93,3) (92,3) 1
(93,3) (94,3) 1
(94,3) (93,3) 1
(94,3) (95,3) 1
(95,3) (94,3) 1
(95,3) (96,3) 1
(96,3) (95,3) 1
(96,3) (97,3) 1
(97,3) (96,3) 1
(97,3) (98,3) 1
(98,3) (97,3) 1
(98,3) (99,3) 1
(99,3) (98,3) 1
(99,3) (100,3) 1
(100,3) (99,3) 1
(1,4) (2,4) 1
(2,4) (1,4) 1
(2,4) (3,4) 1
(3,4) (2,4) 1
(3,4) (4,4) 1
(4,4) (3,4) 1
(4,4) (5,4) 1
(5,4) (4,4) 1
(5,4) (6,4) 1
(6,4) (5,4) 1
(6,4) (7,4) 1
(7,4) (6,4) 1
(7,4) (8,4) 1
(8,4) (7,4) 1
(8,4) (9,4) 1
(9,4) (8,4) 1
(9,4) (10,4) 1
(10,4) (9,4) 1
(10,4) (11,4) 1
(11,4) (10,4) 1
(11,4) (12,4) 1
(12,4) (11,4) 1
(12,4) (13,4) 1
(13,4) (12,4) 1
(13,4) (14,4) 1
(14,4) (13,4) 1
(14,4) (15,4) 1
(15,4) (14,4) 1
(15,4) (16,4) 1
(16,4) (15,4) 1
(16,4) (17,4) 1
(17,4) (16,4) 1
(17,4) (18,4) 1
(18,4) (17,4) 1
(18,4) (19,4) 1
(19,4) (18,4) 1
(19,4) (20,4) 1
(20,4) (19,4) 1
(20,4) (21,4) 1
(21,4) (20,4) 1
(21,4) (22,4) 1
(22,4) (21,4) 1
(22,4) (23,4) 1
(23,4) (22,4) 1
(23,4) (24,4) 1
(24,4) (23,4) 1
(24,4) (25,4) 1
(25,4) (24,4) 1
(25,4) (26,4) 1
(26,4) (25,4) 1
(26,4) (27,4) 1
(27,4) (26,4) 1
(27,4) (28,4) 1
(28,4) (27,4) 1
(28,4) (29,4) 1
(29,4) (28,4) 1
(29,4) (30,4) 1
(30,4) (29,4) 1
(30,4) (31,4) 1
(31,4) (30,4) 1
(31,4) (32,4) 1
(32,4) (31,4) 1
(32,4) (33,4) 1
(33,4) (32,4) 1
(33,4) (34,4) 1
(34,4) (33,4) 1
(34,4) (35,4) 1
(35,4) (34,4) 1
(35,4) (36,4) 1
(36,4) (35,4) 1
(36,4) (37,4) 1
(37,4) (36,4) 1
(37,4) (38,4) 1
(38,4) (37,4) 1
(38,4) (39,4) 1
(39,4) (38,4) 1
(39,4) (40,4) 1
(40,4) (39,4) 1
(40,4) (41,4) 1
(41,4) (40,4) 1
(41,4) (42,4) 1
(42,4) (41,4) 1
(42,4) (43,4) 1
(43,4) (42,4) 1
(43,4) (44,4) 1
(44,4) (43,4) 1
(44,4) (45,4) 1
(45,4) (44,4) 1
(45,4) (46,4) 1
(46,4) (45,4) 1
(46,4) (47,4) 1
(47,4) (46,4) 1
(47,4) (48,4) 1
(48,4) (47,4) 1
(48,4) (49,4) 1
(49,4) (48,4) 1
(49,4) (50,4) 1
(50,4) (49,4) 1
(50,4) (51,4) 1
(51,4) (50,4) 1
(51,4) (52,4) 1
(52,4) (51,4) 1
(52,4) (53,4) 1
(53,4) (52,4) 1
(53,4) (54,4) 1
(54,4) (53,4) 1
(54,4) (55,4) 1
(55,4) (54,4) 1
(55,4) (56,4) 1
(56,4) (55,4) 1
(56,4) (57,4) 1
(57,4) (56,4) 1
(57,4) (58,4) 1
(58,4) (57,4) 1
(58,4) (59,4) 1
(59,4) (58,4) 1
(59,4) (60,4) 1
(60,4) (59,4) 1
(60,4) (61,4) 1
(61,4) (60,4) 1
(61,4) (62,4) 1
(62,4) (61,4) 1
(62,4) (63,4) 1
(63,4) (62,4) 1
(63,4) (64,4) 1
(64,4) (63,4) 1
(64,4) (65,4) 1
(65,4) (64,4) 1
(65,4) (66,4) 1
(66,4) (65,4) 1
(66,4) (67,4) 1
(67,4) (66,4) 1
(67,4) (68,4) 1
(68,4) (67,4) 1
(68,4) (69,4) 1
(69,4) (68,4) 1
(69,4) (70,4) 1
(70,4) (69,4) 1
(70,4) (71,4) 1
(71,4) (70,4) 1
(71,4) (72,4) 1
(72,4) (71,4) 1
(72,4) (73,4) 1
(73,4) (72,4) 1
(73,4) (74,4) 1
(74,4) (73,4) 1
(74,4) (75,4) 1
(75,4) (74,4) 1
(75,4) (76,4) 1
(76,4) (75,4) 1
(76,4) (77,4) 1
(77,4) (76,4) 1
(77,4) (78,4) 1
(78,4) (77,4) 1
(78,4) (79,4) 1
(79,4) (78,4) 1
(79,4) (80,4) 1
(80,4) (79,4) 1
(80,4) (81,4) 1
(81,4) (80,4) 1
(81,4) (82,4) 1
(82,4) (81,4) 1
(82,4) (83,4) 1
(83,4) (82,4) 1
(83,4) (84,4) 1
(84,4) (83,4) 1
(84,4) (85,4) 1
(85,4) (84,4) 1
(85,4) (86,4) 1
(86,4) (85,4) 1
(86,4) (87,4) 1
(87,4) (86,4) 1
(87,4) (88,4) 1
(88,4) (87,4) 1
(88,4) (89,4) 1
(89,4) (88,4) 1
(89,4) (90,4) 1
(90,4) (89,4) 1
(90,4) (91,4) 1
(91,4) (90,4) 1
(91,4) (92,4) 1
(92,4) (91,4) 1
(92,4) (93,4) 1
(93,4) (92,4) 1
(93,4) (94,4) 1
(94,4) (93,4) 1
(94,4) (95,4) 1
(95,4) (94,4) 1
(95,4) (96,4) 1
(96,4) (95,4) 1
(96,4) (97,4) 1
(97,4) (96,4) 1
(97,4) (98,4) 1
(98,4) (97,4) 1
(98,4) (99,4) 1
(99,4) (98,4) 1
(99,4) (100,4) 1
(100,4) (99,4) 1
(1,5) (2,5) 1
(2,5) (1,5) 1
(2,5) (3,5) 1
(3,5) (2,5) 1
(3,5) (4,5) 1
(4,5) (3,5) 1
(4,5) (5,5) 1
(5,5) (4,5) 1
(5,5) (6,5) 1
(6,5) (5,5) 1
(6,5) (7,5) 1
(7,5) (6,5) 1
(7,5) (8,5) 1
(8,5) (7,5) 1
(8,5) (9,5) 1
(9,5) (8,5) 1
(9,5) (10,5) 1
(10,5) (9,5) 1
(10,5) (11,5) 1
(11,5) (10,5) 1
(11,5) (12,5) 1
(12,5) (11,5) 1
(12,5) (13,5) 1
(13,5) (12,5) 1
(13,5) (14,5) 1
(14,5) (13,5) 1
(14,5) (15,5) 1
(15,5) (14,5) 1
(15,5) (16,5) 1
(16,5) (15,5) 1
(16,5) (17,5) 1
(17,5) (16,5) 1
(17,5) (18,5) 1
(18,5) (17,5) 1
(18,5) (19,5) 1
(19,5) (18,5) 1
(19,5) (20,5) 1
(20,5) (19,5) 1
(20,5) (21,5) 1
(21,5) (20,5) 1
(21,5) (22,5) 1
(22,5) (21,5) 1
(22,5) (23,5) 1
(23,5) (22,5) 1
(23,5) (24,5) 1
(24,5) (23,5) 1
(24,5) (25,5) 1
(25,5) (24,5) 1
(25,5) (26,5) 1
(26,5) (25,5) 1
(26,5) (27,5) 1
(27,5) (26,5) 1
(27,5) (28,5) 1
(28,5) (27,5) 1
(28,5) (29,5) 1
(29,5) (28,5) 1
(29,5) (30,5) 1
(30,5) (29,5) 1
(30,5) (31,5) 1
(31,5) (30,5) 1
(31,5) (32,5) 1
(32,5) (31,5) 1
(32,5) (33,5) 1
(33,5) (32,5) 1
(33,5) (34,5) 1
(34,5) (33,5) 1
(34,5) (35,5) 1
(35,5) (34,5) 1
(35,5) (36,5) 1
(36,5) (35,5) 1
(36,5) (37,5) 1
(37,5) (36,5) 1
(37,5) (38,5) 1
(38,5) (37,5) 1
(38,5) (39,5) 1
(39,5) (38,5) 1
(39,5) (40,5) 1
(40,5) (39,5) 1
(40,5) (41,5) 1
(41,5) (40,5) 1
(41,5) (42,5) 1
(42,5) (41,5) 1
(42,5) (43,5) 1
(43,5) (42,5) 1
(43,5) (44,5) 1
(44,5) (43,5) 1
(44,5) (45,5) 1
(45,5) (44,5) 1
(45,5) (46,5) 1
(46,5) (45,5) 1
(46,5) (47,5) 1
(47,5) (46,5) 1
(47,5) (48,5) 1
(48,5) (47,5) 1
(48,5) (49,5) 1
(49,5) (48,5) 1
(49,5) (50,5) 1
(50,5) (49,5) 1
(50,5) (51,5) 1
(51,5) (50,5) 1
(51,5) (52,5) 1
(52,5) (51,5) 1
(52,5) (53,5) 1
(53,5) (52,5) 1
(53,5) (54,5) 1
(54,5) (53,5) 1
(54,5) (55,5) 1
(55,5) (54,5) 1
(55,5) (56,5) 1
(56,5) (55,5) 1
(56,5) (57,5) 1
(57,5) (56,5) 1
(57,5) (58,5) 1
(58,5) (57,5) 1
(58,5) (59,5) 1
(59,5) (58,5) 1
(59,5) (60,5) 1
(60,5) (59,5) 1
(60,5) (61,5) 1
(61,5) (60,5) 1
(61,5) (62,5) 1
(62,5) (61,5) 1
(62,5) (63,5) 1
(63,5) (62,5) 1
(63,5) (64,5) 1
(64,5) (63,5) 1
(64,5) (65,5) 1
(65,5) (64,5) 1
(65,5) (66,5) 1
(66,5) (65,5) 1
(66,5) (67,5) 1
(67,5) (66,5) 1
(67,5) (68,5) 1
(68,5) (67,5) 1
(68,5) (69,5) 1
(69,5) (68,5) 1
(69,5) (70,5) 1
(70,5) (69,5) 1
(70,5) (71,5) 1
(71,5) (70,5) 1
(71,5) (72,5) 1
(72,5) (71,5) 1
(72,5) (73,5) 1
(73,5) (72,5) 1
(73,5) (74,5) 1
(74,5) (73,5) 1
(74,5) (75,5) 1
(75,5) (74,5) 1
(75,5) (76,5) 1
(76,5) (75,5) 1
(76,5) (77,5) 1
(77,5) (76,5) 1
(77,5) (78,5) 1
(78,5) (77,5) 1
(78,5) (79,5) 1
(79,5) (78,5) 1
(79,5) (80,5) 1
(80,5) (79,5) 1
(80,5) (81,5) 1
(81,5) (80,5) 1
(81,5) (82,5) 1
(82,5) (81,5) 1
(82,5) (83,5) 1
(83,5) (82,5) 1
(83,5) (84,5) 1
(84,5) (83,5) 1
(84,5) (85,5) 1
(85,5) (84,5) 1
(85,5) (86,5) 1
(86,5) (85,5) 1
(86,5) (87,5) 1
(87,5) (86,5) 1
(87,5) (88,5) 1
(88,5) (87,5) 1
(88,5) (89,5) 1
(89,5) (88,5) 1
(89,5) (90,5) 1
(90,5) (89,5) 1
(90,5) (91,5) 1
(91,5) (90,5) 1
(91,5) (92,5) 1
(92,5) (91,5) 1
(92,5) (93,5) 1
(93,5) (92,5) 1
(93,5) (94,5) 1
(94,5) (93,5) 1
(94,5) (95,5) 1
(95,5) (94,5) 1
(95,5) (96,5) 1
(96,5) (95,5) 1
(96,5) (97,5) 1
(97,5) (96,5) 1
(97,5) (98,5) 1
(98,5) (97,5) 1
(98,5) (99,5) 1
(99,5) (98,5) 1
(99,5) (100,5) 1
(100,5) (99,5) 1
(1,6) (2,6) 1
(2,6) (1,6) 1
(2,6) (3,6) 1
(3,6) (2,6) 1
(3,6) (4,6) 1
(4,6) (3,6) 1
(4,6) (5,6) 1
(5,6) (4,6) 1
(5,6) (6,6) 1
(6,6) (5,6) 1
(6,6) (7,6) 1
(7,6) (6,6) 1
(7,6) (8,6) 1
(8,6) (7,6) 1
(8,6) (9,6) 1
(9,6) (8,6) 1
(9,6) (10,6) 1
(10,6) (9,6) 1
(10,6) (11,6) 1
(11,6) (10,6) 1
(11,6) (12,6) 1
(12,6) (11,6) 1
(12,6) (13,6) 1
(13,6) (12,6) 1
(13,6) (14,6) 1
(14,6) (13,6) 1
(14,6) (15,6) 1
(15,6) (14,6) 1
(15,6) (16,6) 1
(16,6) (15,6) 1
(16,6) (17,6) 1
(17,6) (16,6) 1
(17,6) (18,6) 1
(18,6) (17,6) 1
(18,6) (19,6) 1
(19,6) (18,6) 1
(19,6) (20,6) 1
(20,6) (19,6) 1
(20,6) (21,6) 1
(21,6) (20,6) 1
(21,6) (22,6) 1
(22,6) (21,6) 1
(22,6) (23,6) 1
(23,6) (22,6) 1
(23,6) (24,6) 1
(24,6) (23,6) 1
(24,6) (25,6) 1
(25,6) (24,6) 1
(25,6) (26,6) 1
(26,6) (25,6) 1
(26,6) (27,6) 1
(27,6) (26,6) 1
(27,6) (28,6) 1
(28,6) (27,6) 1
(28,6) (29,6) 1
(29,6) (28,6) 1
(29,6) (30,6) 1
(30,6) (29,6) 1
(30,6) (31,6) 1
(31,6) (30,6) 1
(31,6) (32,6) 1
(32,6) (31,6) 1
(32,6) (33,6) 1
(33,6) (32,6) 1
(33,6) (34,6) 1
(34,6) (33,6) 1
(34,6) (35,6) 1
(35,6) (34,6) 1
(35,6) (36,6) 1
(36,6) (35,6) 1
(36,6) (37,6) 1
(37,6) (36,6) 1
(37,6) (38,6) 1
(38,6) (37,6) 1
(38,6) (39,6) 1
(39,6) (38,6) 1
(39,6) (40,6) 1
(40,6) (39,6) 1
(40,6) (41,6) 1
(41,6) (40,6) 1
(41,6) (42,6) 1
(42,6) (41,6) 1
(42,6) (43,6) 1
(43,6) (42,6) 1
(43,6) (44,6) 1
(44,6) (43,6) 1
(44,6) (45,6) 1
(45,6) (44,6) 1
(45,6) (46,6) 1
(46,6) (45,6) 1
(46,6) (47,6) 1
(47,6) (46,6) 1
(47,6) (48,6) 1
(48,6) (47,6) 1
(48,6) (49,6) 1
(49,6) (48,6) 1
(49,6) (50,6) 1
(50,6) (49,6) 1
(50,6) (51,6) 1
(51,6) (50,6) 1
(51,6) (52,6) 1
(52,6) (51,6) 1
(52,6) (53,6) 1
(53,6) (52,6) 1
(53,6) (54,6) 1
(54,6) (53,6) 1
(54,6) (55,6) 1
(55,6) (54,6) 1
(55,6) (56,6) 1
(56,6) (55,6) 1
(56,6) (57,6) 1
(57,6) (56,6) 1
(57,6) (58,6) 1
(58,6) (57,6) 1
(58,6) (59,6) 1
(59,6) (58,6) 1
(59,6) (60,6) 1
(60,6) (59,6) 1
(60,6) (61,6) 1
(61,6) (60,6) 1
(61,6) (62,6) 1
(62,6) (61,6) 1
(62,6) (63,6) 1
(63,6) (62,6) 1
(63,6) (64,6) 1
(64,6) (63,6) 1
(64,6) (65,6) 1
(65,6) (64,6) 1
(65,6) (66,6) 1
(66,6) (65,6) 1
(66,6) (67,6) 1
(67,6) (66,6) 1
(67,6) (68,6) 1
(68,6) (67,6) 1
(68,6) (69,6) 1
(69,6) (68,6) 1
(69,6) (70,6) 1
(70,6) (69,6) 1
(70,6) (71,6) 1
(71,6) (70,6) 1
(71,6) (72,6) 1
(72,6) (71,6) 1
(72,6) (73,6) 1
(73,6) (72,6) 1
(73,6) (74,6) 1
(74,6) (73,6) 1
(74,6) (75,6) 1
(75,6) (74,6) 1
(75,6) (76,6) 1
(76,6) (75,6) 1
(76,6) (77,6) 1
(77,6) (76,6) 1
(77,6) (78,6) 1
(78,6) (77,6) 1
(78,6) (79,6) 1
(79,6) (78,6) 1
(79,6) (80,6) 1
(80,6) (79,6) 1
(80,6) (81,6) 1
(81,6) (80,6) 1
(81,6) (82,6) 1
(82,6) (81,6) 1
(82,6) (83,6) 1
(83,6) (82,6) 1
(83,6) (84,6) 1
(84,6) (83,6) 1
(84,6) (85,6) 1
(85,6) (84,6) 1
(85,6) (86,6) 1
(86,6) (85,6) 1
(86,6) (87,6) 1
(87,6) (86,6) 1
(87,6) (88,6) 1
(88,6) (87,6) 1
(88,6) (89,6) 1
(89,6) (88,6) 1
(89,6) (90,6) 1
(90,6) (89,6) 1
(90,6) (91,6) 1
(91,6) (90,6) 1
(91,6) (92,6) 1
(92,6) (91,6) 1
(92,6) (93,6) 1
(93,6) (92,6) 1
(93,6) (94,6) 1
(94,6) (93,6) 1
(94,6) (95,6) 1
(95,6) (94,6) 1
(95,6) (96,6) 1
(96,6) (95,6) 1
(96,6) (97,6) 1
(97,6) (96,6) 1
(97,6) (98,6) 1
(98,6) (97,6) 1
(98,6) (99,6) 1
(99,6) (98,6) 1
(99,6) (100,6) 1
(100,6) (99,6) 1
(1,7) (2,7) 1
(2,7) (1,7) 1
(2,7) (3,7) 1
(3,7) (2,7) 1
(3,7) (4,7) 1
(4,7) (3,7) 1
(4,7) (5,7) 1
(5,7) (4,7) 1
(5,7) (6,7) 1
(6,7) (5,7) 1
(6,7) (7,7) 1
(7,7) (6,7) 1
(7,7) (8,7) 1
(8,7) (7,7) 1
(8,7) (9,7) 1
(9,7) (8,7) 1
(9,7) (10,7) 1
(10,7) (9,7) 1
(10,7) (11,7) 1
(11,7) (10,7) 1
(11,7) (12,7) 1
(12,7) (11,7) 1
(12,7) (13,7) 1
(13,7) (12,7) 1
(13,7) (14,7) 1
(14,7) (13,7) 1
(14,7) (15,7) 1
(15,7) (14,7) 1
(15,7) (16,7) 1
(16,7) (15,7) 1
(16,7) (17,7) 1
(17,7) (16,7) 1
(17,7) (18,7) 1
(18,7) (17,7) 1
(18,7) (19,7) 1
(19,7) (18,7) 1
(19,7) (20,7) 1
(20,7) (19,7) 1
(20,7) (21,7) 1
(21,7) (20,7) 1
(21,7) (22,7) 1
(22,7) (21,7) 1
(22,7) (23,7) 1
(23,7) (22,7) 1
(23,7) (24,7) 1
(24,7) (23,7) 1
(24,7) (25,7) 1
(25,7) (24,7) 1
(25,7) (26,7) 1
(26,7) (25,7) 1
(26,7) (27,7) 1
(27,7) (26,7) 1
(27,7) (28,7) 1
(28,7) (27,7) 1
(28,7) (29,7) 1
(29,7) (28,7) 1
(29,7) (30,7) 1
(30,7) (29,7) 1
(30,7) (31,7) 1
(31,7) (30,7) 1
(31,7) (32,7) 1
(32,7) (31,7) 1
(32,7) (33,7) 1
(33,7) (32,7) 1
(33,7) (34,7) 1
(34,7) (33,7) 1
(34,7) (35,7) 1
(35,7) (34,7) 1
(35,7) (36,7) 1
(36,7) (35,7) 1
(36,7) (37,7) 1
(37,7) (36,7) 1
(37,7) (38,7) 1
(38,7) (37,7) 1
(38,7) (39,7) 1
(39,7) (38,7) 1
(39,7) (40,7) 1
(40,7) (39,7) 1
(40,7) (41,7) 1
(41,7) (40,7) 1
(41,7) (42,7) 1
(42,7) (41,7) 1
(42,7) (43,7) 1
(43,7) (42,7) 1
(43,7) (44,7) 1
(44,7) (43,7) 1
(44,7) (45,7) 1
(45,7) (44,7) 1
(45,7) (46,7) 1
(46,7) (45,7) 1
(46,7) (47,7) 1
(47,7) (46,7) 1
(47,7) (48,7) 1
(48,7) (47,7) 1
(48,7) (49,7) 1
(49,7) (48,7) 1
(49,7) (50,7) 1
(50,7) (49,7) 1
(50,7) (51,7) 1
(51,7) (50,7) 1
(51,7) (52,7) 1
(52,7) (51,7) 1
(52,7) (53,7) 1
(53,7) (52,7) 1
(53,7) (54,7) 1
(54,7) (53,7) 1
(54,7) (55,7) 1
(55,7) (54,7) 1
(55,7) (56,7) 1
(56,7) (55,7) 1
(56,7) (57,7) 1
(57,7) (56,7) 1
(57,7) (58,7) 1
(58,7) (57,7) 1
(58,7) (59,7) 1
(59,7) (58,7) 1
(59,7) (60,7) 1
(60,7) (59,7) 1
(60,7) (61,7) 1
(61,7) (60,7) 1
(61,7) (62,7) 1
(62,7) (61,7) 1
(62,7) (63,7) 1
(63,7) (62,7) 1
(63,7) (64,7) 1
(64,7) (63,7) 1
(64,7) (65,7) 1
(65,7) (64,7) 1
(65,7) (66,7) 1
(66,7) (65,7) 1
(66,7) (67,7) 1
(67,7) (66,7) 1
(67,7) (68,7) 1
(68,7) (67,7) 1
(68,7) (69,7) 1
(69,7) (68,7) 1
(69,7) (70,7) 1
(70,7) (69,7) 1
(70,7) (71,7) 1
(71,7) (70,7) 1
(71,7) (72,7) 1
(72,7) (71,7) 1
(72,7) (73,7) 1
(73,7) (72,7) 1
(73,7) (74,7) 1
(74,7) (73,7) 1
(74,7) (75,7) 1
(75,7) (74,7) 1
(75,7) (76,7) 1
(76,7) (75,7) 1
(76,7) (77,7) 1
(77,7) (76,7) 1
(77,7) (78,7) 1
(78,7) (77,7) 1
(78,7) (79,7) 1
(79,7) (78,7) 1
(79,7) (80,7) 1
(80,7) (79,7) 1
(80,7) (81,7) 1
(81,7) (80,7) 1
(81,7) (82,7) 1
(82,7) (81,7) 1
(82,7) (83,7) 1
(83,7) (82,7) 1
(83,7) (84,7) 1
(84,7) (83,7) 1
(84,7) (85,7) 1
(85,7) (84,7) 1
(85,7) (86,7) 1
(86,7) (85,7) 1
(86,7) (87,7) 1
(87,7) (86,7) 1
(87,7) (88,7) 1
(88,7) (87,7) 1
(88,7) (89,7) 1
(89,7) (88,7) 1
(89,7) (90,7) 1
(90,7) (89,7) 1
(90,7) (91,7) 1
(91,7) (90,7) 1
(91,7) (92,7) 1
(92,7) (91,7) 1
(92,7) (93,7) 1
(93,7) (92,7) 1
(93,7) (94,7) 1
(94,7) (93,7) 1
(94,7) (95,7) 1
(95,7) (94,7) 1
(95,7) (96,7) 1
(96,7) (95,7) 1
(96,7) (97,7) 1
(97,7) (96,7) 1
(97,7) (98,7) 1
(98,7) (97,7) 1
(98,7) (99,7) 1
(99,7) (98,7) 1
(99,7) (100,7) 1
(100,7) (99,7) 1
(1,8) (2,8) 1
(2,8) (1,8) 1
(2,8) (3,8) 1
(3,8) (2,8) 1
(3,8) (4,8) 1
(4,8) (3,8) 1
(4,8) (5,8) 1
(5,8) (4,8) 1
(5,8) (6,8) 1
(6,8) (5,8) 1
(6,8) (7,8) 1
(7,8) (6,8) 1
(7,8) (8,8) 1
(8,8) (7,8) 1
(8,8) (9,8) 1
(9,8) (8,8) 1
(9,8) (10,8) 1
(10,8) (9,8) 1
(10,8) (11,8) 1
(11,8) (10,8) 1
(11,8) (12,8) 1
(12,8) (11,8) 1
(12,8) (13,8) 1
(13,8) (12,8) 1
(13,8) (14,8) 1
(14,8) (13,8) 1
(14,8) (15,8) 1
(15,8) (14,8) 1
(15,8) (16,8) 1
(16,8) (15,8) 1
(16,8) (17,8) 1
(17,8) (16,8) 1
(17,8) (18,8) 1
(18,8) (17,8) 1
(18,8) (19,8) 1
(19,8) (18,8) 1
(19,8) (20,8) 1
(20,8) (19,8) 1
(20,8) (21,8) 1
(21,8) (20,8) 1
(21,8) (22,8) 1
(22,8) (21,8) 1
(22,8) (23,8) 1
(23,8) (22,8) 1
(23,8) (24,8) 1
(24,8) (23,8) 1
(24,8) (25,8) 1
(25,8) (24,8) 1
(25,8) (26,8) 1
(26,8) (25,8) 1
(26,8) (27,8) 1
(27,8) (26,8) 1
(27,8) (28,8) 1
(28,8) (27,8) 1
(28,8) (29,8) 1
(29,8) (28,8) 1
(29,8) (30,8) 1
(30,8) (29,8) 1
(30,8) (31,8) 1
(31,8) (30,8) 1
(31,8) (32,8) 1
(32,8) (31,8) 1
(32,8) (33,8) 1
(33,8) (32,8) 1
(33,8) (34,8) 1
(34,8) (33,8) 1
(34,8) (35,8) 1
(35,8) (34,8) 1
(35,8) (36,8) 1
(36,8) (35,8) 1
(36,8) (37,8) 1
(37,8) (36,8) 1
(37,8) (38,8) 1
(38,8) (37,8) 1
(38,8) (39,8) 1
(39,8) (38,8) 1
(39,8) (40,8) 1
(40,8) (39,8) 1
(40,8) (41,8) 1
(41,8) (40,8) 1
(41,8) (42,8) 1
(42,8) (41,8) 1
(42,8) (43,8) 1
(43,8) (42,8) 1
(43,8) (44,8) 1
(44,8) (43,8) 1
(44,8) (45,8) 1
(45,8) (44,8) 1
(45,8) (46,8) 1
(46,8) (45,8) 1
(46,8) (47,8) 1
(47,8) (46,8) 1
(47,8) (48,8) 1
(48,8) (47,8) 1
(48,8) (49,8) 1
(49,8) (48,8) 1
(49,8) (50,8) 1
(50,8) (49,8) 1
(50,8) (51,8) 1
(51,8) (50,8) 1
(51,8) (52,8) 1
(52,8) (51,8) 1
(52,8) (53,8) 1
(53,8) (52,8) 1
(53,8) (54,8) 1
(54,8) (53,8) 1
(54,8) (55,8) 1
(55,8) (54,8) 1
(55,8) (56,8) 1
(56,8) (55,8) 1
(56,8) (57,8) 1
(57,8) (56,8) 1
(57,8) (58,8) 1
(58,8) (57,8) 1
(58,8) (59,8) 1
(59,8) (58,8) 1
(59,8) (60,8) 1
(60,8) (59,8) 1
(60,8) (61,8) 1
(61,8) (60,8) 1
(61,8) (62,8) 1
(62,8) (61,8) 1
(62,8) (63,8) 1
(63,8) (62,8) 1
(63,8) (64,8) 1
(64,8) (63,8) 1
(64,8) (65,8) 1
(65,8) (64,8) 1
(65,8) (66,8) 1
(66,8) (65,8) 1
(66,8) (67,8) 1
(67,8) (66,8) 1
(67,8) (68,8) 1
(68,8) (67,8) 1
(68,8) (69,8) 1
(69,8) (68,8) 1
(69,8) (70,8) 1
(70,8) (69,8) 1
(70,8) (71,8) 1
(71,8) (70,8) 1
(71,8) (72,8) 1
(72,8) (71,8) 1
(72,8) (73,8) 1
(73,8) (72,8) 1
(73,8) (74,8) 1
(74,8) (73,8) 1
(74,8) (75,8) 1
(75,8) (74,8) 1
(75,8) (76,8) 1
(76,8) (75,8) 1
(76,8) (77,8) 1
(77,8) (76,8) 1
(77,8) (78,8) 1
(78,8) (77,8) 1
(78,8) (79,8) 1
(79,8) (78,8) 1
(79,8) (80,8) 1
(80,8) (79,8) 1
(80,8) (81,8) 1
(81,8) (80,8) 1
(81,8) (82,8) 1
(82,8) (81,8) 1
(82,8) (83,8) 1
(83,8) (82,8) 1
(83,8) (84,8) 1
(84,8) (83,8) 1
(84,8) (85,8) 1
(85,8) (84,8) 1
(85,8) (86,8) 1
(86,8) (85,8) 1
(86,8) (87,8) 1
(87,8) (86,8) 1
(87,8) (88,8) 1
(88,8) (87,8) 1
(88,8) (89,8) 1
(89,8) (88,8) 1
(89,8) (90,8) 1
(90,8) (89,8) 1
(90,8) (91,8) 1
(91,8) (90,8) 1
(91,8) (92,8) 1
(92,8) (91,8) 1
(92,8) (93,8) 1
(93,8) (92,8) 1
(93,8) (94,8) 1
(94,8) (93,8) 1
(94,8) (95,8) 1
(95,8) (94,8) 1
(95,8) (96,8) 1
(96,8) (95,8) 1
(96,8) (97,8) 1
(97,8) (96,8) 1
(97,8) (98,8) 1
(98,8) (97,8) 1
(98,8) (99,8) 1
(99,8) (98,8) 1
(99,8) (100,8) 1
(100,8) (99,8) 1
(1,9) (2,9) 1
(2,9) (1,9) 1
(2,9) (3,9) 1
(3,9) (2,9) 1
(3,9) (4,9) 1
(4,9) (3,9) 1
(4,9) (5,9) 1
(5,9) (4,9) 1
(5,9) (6,9) 1
(6,9) (5,9) 1
(6,9) (7,9) 1
(7,9) (6,9) 1
(7,9) (8,9) 1
(8,9) (7,9) 1
(8,9) (9,9) 1
(9,9) (8,9) 1
(9,9) (10,9) 1
(10,9) (9,9) 1
(10,9) (11,9) 1
(11,9) (10,9) 1
(11,9) (12,9) 1
(12,9) (11,9) 1
(12,9) (13,9) 1
(13,9) (12,9) 1
(13,9) (14,9) 1
(14,9) (13,9) 1
(14,9) (15,9) 1
(15,9) (14,9) 1
(15,9) (16,9) 1
(16,9) (15,9) 1
(16,9) (17,9) 1
(17,9) (16,9) 1
(17,9) (18,9) 1
(18,9) (17,9) 1
(18,9) (19,9) 1
(19,9) (18,9) 1
(19,9) (20,9) 1
(20,9) (19,9) 1
(20,9) (21,9) 1
(21,9) (20,9) 1
(21,9) (22,9) 1
(22,9) (21,9) 1
(22,9) (23,9) 1
(23,9) (22,9) 1
(23,9) (24,9) 1
(24,9) (23,9) 1
(24,9) (25,9) 1
(25,9) (24,9) 1
(25,9) (26,9) 1
(26,9) (25,9) 1
(26,9) (27,9) 1
(27,9) (26,9) 1
(27,9) (28,9) 1
(28,9) (27,9) 1
(28,9) (29,9) 1
(29,9) (28,9) 1
(29,9) (30,9) 1
(30,9) (29,9) 1
(30,9) (31,9) 1
(31,9) (30,9) 1
(31,9) (32,9) 1
(32,9) (31,9) 1
(32,9) (33,9) 1
(33,9) (32,9) 1
(33,9) (34,9) 1
(34,9) (33,9) 1
(34,9) (35,9) 1
(35,9) (34,9) 1
(35,9) (36,9) 1
(36,9) (35,9) 1
(36,9) (37,9) 1
(37,9) (36,9) 1
(37,9) (38,9) 1
(38,9) (37,9) 1
(38,9) (39,9) 1
(39,9) (38,9) 1
(39,9) (40,9) 1
(40,9) (39,9) 1
(40,9) (41,9) 1
(41,9) (40,9) 1
(41,9) (42,9) 1
(42,9) (41,9) 1
(42,9) (43,9) 1
(43,9) (42,9) 1
(43,9) (44,9) 1
(44,9) (43,9) 1
(44,9) (45,9) 1
(45,9) (44,9) 1
(45,9) (46,9) 1
(46,9) (45,9) 1
(46,9) (47,9) 1
(47,9) (46,9) 1
(47,9) (48,9) 1
(48,9) (47,9) 1
(48,9) (49,9) 1
(49,9) (48,9) 1
(49,9) (50,9) 1
(50,9) (49,9) 1
(50,9) (51,9) 1
(51,9) (50,9) 1
(51,9) (52,9) 1
(52,9) (51,9) 1
(52,9) (53,9) 1
(53,9) (52,9) 1
(53,9) (54,9) 1
(54,9) (53,9) 1
(54,9) (55,9) 1
(55,9) (54,9) 1
(55,9) (56,9) 1
(56,9) (55,9) 1
(56,9) (57,9) 1
(57,9) (56,9) 1
(57,9) (58,9) 1
(58,9) (57,9) 1
(58,9) (59,9) 1
(59,9) (58,9) 1
(59,9) (60,9) 1
(60,9) (59,9) 1
(60,9) (61,9) 1
(61,9) (60,9) 1
(61,9) (62,9) 1
(62,9) (61,9) 1
(62,9) (63,9) 1
(63,9) (62,9) 1
(63,9) (64,9) 1
(64,9) (63,9) 1
(64,9) (65,9) 1
(65,9) (64,9) 1
(65,9) (66,9) 1
(66,9) (65,9) 1
(66,9) (67,9) 1
(67,9) (66,9) 1
(67,9) (68,9) 1
(68,9) (67,9) 1
(68,9) (69,9) 1
(69,9) (68,9) 1
(69,9) (70,9) 1
(70,9) (69,9) 1
(70,9) (71,9) 1
(71,9) (70,9) 1
(71,9) (72,9) 1
(72,9) (71,9) 1
(72,9) (73,9) 1
(73,9) (72,9) 1
(73,9) (74,9) 1
(74,9) (73,9) 1
(74,9) (75,9) 1
(75,9) (74,9) 1
(75,9) (76,9) 1
(76,9) (75,9) 1
(76,9) (77,9) 1
(77,9) (76,9) 1
(77,9) (78,9) 1
(78,9) (77,9) 1
(78,9) (79,9) 1
(79,9) (78,9) 1
(79,9) (80,9) 1
(80,9) (79,9) 1
(80,9) (81,9) 1
(81,9) (80,9) 1
(81,9) (82,9) 1
(82,9) (81,9) 1
(82,9) (83,9) 1
(83,9) (82,9) 1
(83,9) (84,9) 1
(84,9) (83,9) 1
(84,9) (85,9) 1
(85,9) (84,9) 1
(85,9) (86,9) 1
(86,9) (85,9) 1
(86,9) (87,9) 1
(87,9) (86,9) 1
(87,9) (88,9) 1
(88,9) (87,9) 1
(88,9) (89,9) 1
(89,9) (88,9) 1
(89,9) (90,9) 1
(90,9) (89,9) 1
(90,9) (91,9) 1
(91,9) (90,9) 1
(91,9) (92,9) 1
(92,9) (91,9) 1
(92,9) (93,9) 1
(93,9) (92,9) 1
(93,9) (94,9) 1
(94,9) (93,9) 1
(94,9) (95,9) 1
(95,9) (94,9) 1
(95,9) (96,9) 1
(96,9) (95,9) 1
(96,9) (97,9) 1
(97,9) (96,9) 1
(97,9) (98,9) 1
(98,9) (97,9) 1
(98,9) (99,9) 1
(99,9) (98,9) 1
(99,9) (100,9) 1
(100,9) (99,9) 1
(1,10) (2,10) 1
(2,10) (1,10) 1
(2,10) (3,10) 1
(3,10) (2,10) 1
(3,10) (4,10) 1
(4,10) (3,10) 1
(4,10) (5,10) 1
(5,10) (4,10) 1
(5,10) (6,10) 1
(6,10) (5,10) 1
(6,10) (7,10) 1
(7,10) (6,10) 1
(7,10) (8,10) 1
(8,10) (7,10) 1
(8,10) (9,10) 1
(9,10) (8,10) 1
(9,10) (10,10) 1
(10,10) (9,10) 1
(10,10) (11,10) 1
(11,10) (10,10) 1
(11,10) (12,10) 1
(12,10) (11,10) 1
(12,10) (13,10) 1
(13,10) (12,10) 1
(13,10) (14,10) 1
(14,10) (13,10) 1
(14,10) (15,10) 1
(15,10) (14,10) 1
(15,10) (16,10) 1
(16,10) (15,10) 1
(16,10) (17,10) 1
(17,10) (16,10) 1
(17,10) (18,10) 1
(18,10) (17,10) 1
(18,10) (19,10) 1
(19,10) (18,10) 1
(19,10) (20,10) 1
(20,10) (19,10) 1
(20,10) (21,10) 1
(21,10) (20,10) 1
(21,10) (22,10) 1
(22,10) (21,10) 1
(22,10) (23,10) 1
(23,10) (22,10) 1
(23,10) (24,10) 1
(24,10) (23,10) 1
(24,10) (25,10) 1
(25,10) (24,10) 1
(25,10) (26,10) 1
(26,10) (25,10) 1
(26,10) (27,10) 1
(27,10) (26,10) 1
(27,10) (28,10) 1
(28,10) (27,10) 1
(28,10) (29,10) 1
(29,10) (28,10) 1
(29,10) (30,10) 1
(30,10) (29,10) 1
(30,10) (31,10) 1
(31,10) (30,10) 1
(31,10) (32,10) 1
(32,10) (31,10) 1
(32,10) (33,10) 1
(33,10) (32,10) 1
(33,10) (34,10) 1
(34,10) (33,10) 1
(34,10) (35,10) 1
(35,10) (34,10) 1
(35,10) (36,10) 1
(36,10) (35,10) 1
(36,10) (37,10) 1
(37,10) (36,10) 1
(37,10) (38,10) 1
(38,10) (37,10) 1
(38,10) (39,10) 1
(39,10) (38,10) 1
(39,10) (40,10) 1
(40,10) (39,10) 1
(40,10) (41,10) 1
(41,10) (40,10) 1
(41,10) (42,10) 1
(42,10) (41,10) 1
(42,10) (43,10) 1
(43,10) (42,10) 1
(43,10) (44,10) 1
(44,10) (43,10) 1
(44,10) (45,10) 1
(45,10) (44,10) 1
(45,10) (46,10) 1
(46,10) (45,10) 1
(46,10) (47,10) 1
(47,10) (46,10) 1
(47,10) (48,10) 1
(48,10) (47,10) 1
(48,10) (49,10) 1
(49,10) (48,10) 1
(49,10) (50,10) 1
(50,10) (49,10) 1
(50,10) (51,10) 1
(51,10) (50,10) 1
(51,10) (52,10) 1
(52,10) (51,10) 1
(52,10) (53,10) 1
(53,10) (52,10) 1
(53,10) (54,10) 1
(54,10) (53,10) 1
(54,10) (55,10) 1
(55,10) (54,10) 1
(55,10) (56,10) 1
(56,10) (55,10) 1
(56,10) (57,10) 1
(57,10) (56,10) 1
(57,10) (58,10) 1
(58,10) (57,10) 1
(58,10) (59,10) 1
(59,10) (58,10) 1
(59,10) (60,10) 1
(60,10) (59,10) 1
(60,10) (61,10) 1
(61,10) (60,10) 1
(61,10) (62,10) 1
(62,10) (61,10) 1
(62,10) (63,10) 1
(63,10) (62,10) 1
(63,10) (64,10) 1
(64,10) (63,10) 1
(64,10) (65,10) 1
(65,10) (64,10) 1
(65,10) (66,10) 1
(66,10) (65,10) 1
(66,10) (67,10) 1
(67,10) (66,10) 1
(67,10) (68,10) 1
(68,10) (67,10) 1
(68,10) (69,10) 1
(69,10) (68,10) 1
(69,10) (70,10) 1
(70,10) (69,10) 1
(70,10) (71,10) 1
(71,10) (70,10) 1
(71,10) (72,10) 1
(72,10) (71,10) 1
(72,10) (73,10) 1
(73,10) (72,10) 1
(73,10) (74,10) 1
(74,10) (73,10) 1
(74,10) (75,10) 1
(75,10) (74,10) 1
(75,10) (76,10) 1
(76,10) (75,10) 1
(76,10) (77,10) 1
(77,10) (76,10) 1
(77,10) (78,10) 1
(78,10) (77,10) 1
(78,10) (79,10) 1
(79,10) (78,10) 1
(79,10) (80,10) 1
(80,10) (79,10) 1
(80,10) (81,10) 1
(81,10) (80,10) 1
(81,10) (82,10) 1
(82,10) (81,10) 1
(82,10) (83,10) 1
(83,10) (82,10) 1
(83,10) (84,10) 1
(84,10) (83,10) 1
(84,10) (85,10) 1
(85,10) (84,10) 1
(85,10) (86,10) 1
(86,10) (85,10) 1
(86,10) (87,10) 1
(87,10) (86,10) 1
(87,10) (88,10) 1
(88,10) (87,10) 1
(88,10) (89,10) 1
(89,10) (88,10) 1
(89,10) (90,10) 1
(90,10) (89,10) 1
(90,10) (91,10) 1
(91,10) (90,10) 1
(91,10) (92,10) 1
(92,10) (91,10) 1
(92,10) (93,10) 1
(93,10) (92,10) 1
(93,10) (94,10) 1
(94,10) (93,10) 1
(94,10) (95,10) 1
(95,10) (94,10) 1
(95,10) (96,10) 1
(96,10) (95,10) 1
(96,10) (97,10) 1
(97,10) (96,10) 1
(97,10) (98,10) 1
(98,10) (97,10) 1
(98,10) (99,10) 1
(99,10) (98,10) 1
(99,10) (100,10) 1
(100,10) (99,10) 1
(1,10) t 1
(2,10) t 1
(3,10) t 1
(4,10) t 1
(5,10) t 1
(6,10) t 1
(7,10) t 1
(8,10) t 1
(9,10) t 1
(10,10) t 1
(11,10) t 1
(12,10) t 1
(13,10) t 1
(14,10) t 1
(15,10) t 1
(16,10) t 1
(17,10) t 1
(18,10) t 1
(19,10) t 1
(20,10) t 1
(21,10) t 1
(22,10) t 1
(23,10) t 1
(24,10) t 1
(25,10) t 1
(26,10) t 1
(27,10) t 1
(28,10) t 1
(29,10) t 1
(30,10) t 1
(31,10) t 1
(32,10) t 1
(33,10) t 1
(34,10) t 1
(35,10) t 1
(36,10) t 1
(37,10) t 1
(38,10) t 1
(39,10) t 1
(40,10) t 1
(41,10) t 1
(42,10) t 1
(43,10) t 1
(44,10) t 1
(45,10) t 1
(46,10) t 1
(47,10) t 1
(48,10) t 1
(49,10) t 1
(50,10) t 1
(51,10) t 1
(52,10) t 1
(53,10) t 1
(54,10) t 1
(55,10) t 1
(56,10) t 1
(57,10) t 1
(58,10) t 1
(59,10) t 1
(60,10) t 1
(61,10) t 1
(62,10) t 1
(63,10) t 1
(64,10) t 1
(65,10) t 1
(66,10) t 1
(67,10) t 1
(68,10) t 1
(69,10) t 1
(70,10) t 1
(71,10) t 1
(72,10) t 1
(73,10) t 1
(74,10) t 1
(75,10) t 1
(76,10) t 1
(77,10) t 1
(78,10) t 1
(79,10) t 1
(80,10) t 1
(81,10) t 1
(82,10) t 1
(83,10) t 1
(84,10) t 1
(85,10) t 1
(86,10) t 1
(87,10) t 1
(88,10) t 1
(89,10) t 1
(90,10) t 1
(91,10) t 1
(92,10) t 1
(93,10) t 1
(94,10) t 1
(95,10) t 1
(96,10) t 1
(97,10) t 1
(98,10) t 1
(99,10) t 1
(100,10) t 1
