s (1,1) 45
s (2,1) 61
s (3,1) 7
s (4,1) 12
s (5,1) 26
s (6,1) 76
s (7,1) 49
s (8,1) 44
s (9,1) 68
s (10,1) 44
(1,1) (1,2) 51
(2,1) (2,2) 45
(3,1) (3,2) 68
(4,1) (4,2) 99
(5,1) (5,2) 66
(6,1) (6,2) 51
(7,1) (7,2) 13
(8,1) (8,2) 58
(9,1) (9,2) 51
(10,1) (10,2) 4
(1,2) (1,3) 14
(2,2) (2,3) 41
(3,2) (3,3) 36
(4,2) (4,3) 31
(5,2) (5,3) 11
(6,2) (6,3) 59
(7,2) (7,3) 4
(8,2) (8,3) 7
(9,2) (9,3) 74
(10,2) (10,3) 31
(1,3) (1,4) 27
(2,3) (2,4) 58
(3,3) (3,4) 93
(4,3) (4,4) 40
(5,3) (5,4) 8
(6,3) (6,4) 92
(7,3) (7,4) 84
(8,3) (8,4) 77
(9,3) (9,4) 18
(10,3) (10,4) 90
(1,4) (1,5) 12
(2,4) (2,5) 41
(3,4) (3,5) 42
(4,4) (4,5) 83
(5,4) (5,5) 67
(6,4) (6,5) 51
(7,4) (7,5) 99
(8,4) (8,5) 39
(9,4) (9,5) 5
(10,4) (10,5) 72
(1,5) (1,6) 33
(2,5) (2,6) 100
(3,5) (3,6) 88
(4,5) (4,6) 53
(5,5) (5,6) 12
(6,5) (6,6) 95
(7,5) (7,6) 100
(8,5) (8,6) 1
(9,5) (9,6) 5
(10,5) (10,6) 51
(1,6) (1,7) 69
(2,6) (2,7) 16
(3,6) (3,7) 87
(4,6) (4,7) 9
(5,6) (5,7) 33
(6,6) (6,7) 67
(7,6) (7,7) 4
(8,6) (8,7) 81
(9,6) (9,7) 83
(10,6) (10,7) 65
(1,7) (1,8) 87
(2,7) (2,8) 80
(3,7) (3,8) 46
(4,7) (4,8) 1
(5,7) (5,8) 38
(6,7) (6,8) 99
(7,7) (7,8) 80
(8,7) (8,8) 54
(9,7) (9,8) 60
(10,7) (10,8) 32
(1,8) (1,9) 90
(2,8) (2,9) 60
(3,8) (3,9) 65
(4,8) (4,9) 48
(5,8) (5,9) 93
(6,8) (6,9) 9
(7,8) (7,9) 19
(8,8) (8,9) 89
(9,8) (9,9) 75
(10,8) (10,9) 9
(1,9) (1,10) 25
(2,9) (2,10) 69
(3,9) (3,10) 40
(4,9) (4,10) 14
(5,9) (5,10) 35
(6,9) (6,10) 28
(7,9) (7,10) 68
(8,9) (8,10) 33
(9,9) (9,10) 64
(10,9) (10,10) 28
(1,1) (2,1) 26
(2,1) (1,1) 26
(2,1) (3,1) 36
(3,1) (2,1) 39
(3,1) (4,1) 72
(4,1) (3,1) 66
(4,1) (5,1) 90
(5,1) (4,1) 7
(5,1) (6,1) 2
(6,1) (5,1) 52
(6,1) (7,1) 63
(7,1) (6,1) 53
(7,1) (8,1) 13
(8,1) (7,1) 25
(8,1) (9,1) 21
(9,1) (8,1) 35
(9,1) (10,1) 56
(10,1) (9,1) 97
(1,2) (2,2) 63
(2,2) (1,2) 25
(2,2) (3,2) 41
(3,2) (2,2) 71
(3,2) (4,2) 94
(4,2) (3,2) 63
(4,2) (5,2) 98
(5,2) (4,2) 33
(5,2) (6,2) 17
(6,2) (5,2) 26
(6,2) (7,2) 40
(7,2) (6,2) 82
(7,2) (8,2) 26
(8,2) (7,2) 68
(8,2) (9,2) 58
(9,2) (8,2) 21
(9,2) (10,2) 68
(10,2) (9,2) 18
(1,3) (2,3) 63
(2,3) (1,3) 11
(2,3) (3,3) 46
(3,3) (2,3) 37
(3,3) (4,3) 77
(4,3) (3,3) 17
(4,3) (5,3) 86
(5,3) (4,3) 32
(5,3) (6,3) 62
(6,3) (5,3) 83
(6,3) (7,3) 27
(7,3) (6,3) 58
(7,3) (8,3) 61
(8,3) (7,3) 77
(8,3) (9,3) 52
(9,3) (8,3) 4
(9,3) (10,3) 31
(10,3) (9,3) 9
(1,4) (2,4) 34
(2,4) (1,4) 90
(2,4) (3,4) 60
(3,4) (2,4) 33
(3,4) (4,4) 22
(4,4) (3,4) 91
(4,4) (5,4) 84
(5,4) (4,4) 83
(5,4) (6,4) 24
(6,4) (5,4) 26
(6,4) (7,4) 94
(7,4) (6,4) 18
(7,4) (8,4) 88
(8,4) (7,4) 65
(8,4) (9,4) 48
(9,4) (8,4) 81
(9,4) (10,4) 14
(10,4) (9,4) 93
(1,5) (2,5) 10
(2,5) (1,5) 60
(2,5) (3,5) 29
(3,5) (2,5) 61
(3,5) (4,5) 81
(4,5) (3,5) 95
(4,5) (5,5) 74
(5,5) (4,5) 8
(5,5) (6,5) 41
(6,5) (5,5) 52
(6,5) (7,5) 36
(7,5) (6,5) 68
(7,5) (8,5) 47
(8,5) (7,5) 68
(8,5) (9,5) 100
(9,5) (8,5) 29
(9,5) (10,5) 25
(10,5) (9,5) 53
(1,6) (2,6) 77
(2,6) (1,6) 23
(2,6) (3,6) 44
(3,6) (2,6) 15
(3,6) (4,6) 86
(4,6) (3,6) 30
(4,6) (5,6) 39
(5,6) (4,6) 89
(5,6) (6,6) 68
(6,6) (5,6) 60
(6,6) (7,6) 5
(7,6) (6,6) 55
(7,6) (8,6) 39
(8,6) (7,6) 93
(8,6) (9,6) 81
(9,6) (8,6) 47
(9,6) (10,6) 98
(10,6) (9,6) 14
(1,7) (2,7) 15
(2,7) (1,7) 73
(2,7) (3,7) 27
(3,7) (2,7) 10
(3,7) (4,7) 92
(4,7) (3,7) 88
(4,7) (5,7) 49
(5,7) (4,7) 11
(5,7) (6,7) 26
(6,7) (5,7) 50
(6,7) (7,7) 88
(7,7) (6,7) 37
(7,7) (8,7) 74
(8,7) (7,7) 35
(8,7) (9,7) 44
(9,7) (8,7) 95
(9,7) (10,7) 47
(10,7) (9,7) 79
(1,8) (2,8) 70
(2,8) (1,8) 51
(2,8) (3,8) 100
(3,8) (2,8) 66
(3,8) (4,8) 100
(4,8) (3,8) 99
(4,8) (5,8) 72
(5,8) (4,8) 34
(5,8) (6,8) 100
(6,8) (5,8) 59
(6,8) (7,8) 33
(7,8) (6,8) 24
(7,8) (8,8) 83
(8,8) (7,8) 32
(8,8) (9,8) 78
(9,8) (8,8) 84
(9,8) (10,8) 41
(10,8) (9,8) 76
(1,9) (2,9) 37
(2,9) (1,9) 19
(2,9) (3,9) 77
(3,9) (2,9) 16
(3,9) (4,9) 41
(4,9) (3,9) 70
(4,9) (5,9) 39
(5,9) (4,9) 50
(5,9) (6,9) 58
(6,9) (5,9) 98
(6,9) (7,9) 85
(7,9) (6,9) 57
(7,9) (8,9) 55
(8,9) (7,9) 54
(8,9) (9,9) 6
(9,9) (8,9) 50
(9,9) (10,9) 38
(10,9) (9,9) 9
(1,10) (2,10) 36
(2,10) (1,10) 55
(2,10) (3,10) 55
(3,10) (2,10) 5
(3,10) (4,10) 62
(4,10) (3,10) 55
(4,10) (5,10) 55
(5,10) (4,10) 13
(5,10) (6,10) 41
(6,10) (5,10) 28
(6,10) (7,10) 95
(7,10) (6,10) 96
(7,10) (8,10) 20
(8,10) (7,10) 45
(8,10) (9,10) 44
(9,10) (8,10) 66
(9,10) (10,10) 90
(10,10) (9,10) 59
(1,10) t 30
(2,10) t 17
(3,10) t 44
(4,10) t 64
(5,10) t 86
(6,10) t 77
(7,10) t 13
(8,10) t 59
(9,10) t 7
(10,10) t 96
