s (1,1) 1
s (2,1) 1
s (3,1) 1
s (4,1) 1
s (5,1) 1
s (6,1) 1
s (7,1) 1
s (8,1) 1
s (9,1) 1
s (10,1) 1
(1,1) (1,2) 1
(2,1) (2,2) 1
(3,1) (3,2) 1
(4,1) (4,2) 1
(5,1) (5,2) 1
(6,1) (6,2) 1
(7,1) (7,2) 1
(8,1) (8,2) 1
(9,1) (9,2) 1
(10,1) (10,2) 1
(1,2) (1,3) 1
(2,2) (2,3) 1
(3,2) (3,3) 1
(4,2) (4,3) 1
(5,2) (5,3) 1
(6,2) (6,3) 1
(7,2) (7,3) 1
(8,2) (8,3) 1
(9,2) (9,3) 1
(10,2) (10,3) 1
(1,3) (1,4) 1
(2,3) (2,4) 1
(3,3) (3,4) 1
(4,3) (4,4) 1
(5,3) (5,4) 1
(6,3) (6,4) 1
(7,3) (7,4) 1
(8,3) (8,4) 1
(9,3) (9,4) 1
(10,3) (10,4) 1
(1,4) (1,5) 1
(2,4) (2,5) 1
(3,4) (3,5) 1
(4,4) (4,5) 1
(5,4) (5,5) 1
(6,4) (6,5) 1
(7,4) (7,5) 1
(8,4) (8,5) 1
(9,4) (9,5) 1
(10,4) (10,5) 1
(1,5) (1,6) 1
(2,5) (2,6) 1
(3,5) (3,6) 1
(4,5) (4,6) 1
(5,5) (5,6) 1
(6,5) (6,6) 1
(7,5) (7,6) 1
(8,5) (8,6) 1
(9,5) (9,6) 1
(10,5) (10,6) 1
(1,6) (1,7) 1
(2,6) (2,7) 1
(3,6) (3,7) 1
(4,6) (4,7) 1
(5,6) (5,7) 1
(6,6) (6,7) 1
(7,6) (7,7) 1
(8,6) (8,7) 1
(9,6) (9,7) 1
(10,6) (10,7) 1
(1,7) (1,8) 1
(2,7) (2,8) 1
(3,7) (3,8) 1
(4,7) (4,8) 1
(5,7) (5,8) 1
(6,7) (6,8) 1
(7,7) (7,8) 1
(8,7) (8,8) 1
(9,7) (9,8) 1
(10,7) (10,8) 1
(1,8) (1,9) 1
(2,8) (2,9) 1
(3,8) (3,9) 1
(4,8) (4,9) 1
(5,8) (5,9) 1
(6,8) (6,9) 1
(7,8) (7,9) 1
(8,8) (8,9) 1
(9,8) (9,9) 1
(10,8) (10,9) 1
(1,9) (1,10) 1
(2,9) (2,10) 1
(3,9) (3,10) 1
(4,9) (4,10) 1
(5,9) (5,10) 1
(6,9) (6,10) 1
(7,9) (7,10) 1
(8,9) (8,10) 1
(9,9) (9,10) 1
(10,9) (10,10) 1
(1,10) (1,11) 1
(2,10) (2,11) 1
(3,10) (3,11) 1
(4,10) (4,11) 1
(5,10) (5,11) 1
(6,10) (6,11) 1
(7,10) (7,11) 1
(8,10) (8,11) 1
(9,10) (9,11) 1
(10,10) (10,11) 1
(1,11) (1,12) 1
(2,11) (2,12) 1
(3,11) (3,12) 1
(4,11) (4,12) 1
(5,11) (5,12) 1
(6,11) (6,12) 1
(7,11) (7,12) 1
(8,11) (8,12) 1
(9,11) (9,12) 1
(10,11) (10,12) 1
(1,12) (1,13) 1
(2,12) (2,13) 1
(3,12) (3,13) 1
(4,12) (4,13) 1
(5,12) (5,13) 1
(6,12) (6,13) 1
(7,12) (7,13) 1
(8,12) (8,13) 1
(9,12) (9,13) 1
(10,12) (10,13) 1
(1,13) (1,14) 1
(2,13) (2,14) 1
(3,13) (3,14) 1
(4,13) (4,14) 1
(5,13) (5,14) 1
(6,13) (6,14) 1
(7,13) (7,14) 1
(8,13) (8,14) 1
(9,13) (9,14) 1
(10,13) (10,14) 1
(1,14) (1,15) 1
(2,14) (2,15) 1
(3,14) (3,15) 1
(4,14) (4,15) 1
(5,14) (5,15) 1
(6,14) (6,15) 1
(7,14) (7,15) 1
(8,14) (8,15) 1
(9,14) (9,15) 1
(10,14) (10,15) 1
(1,15) (1,16) 1
(2,15) (2,16) 1
(3,15) (3,16) 1
(4,15) (4,16) 1
(5,15) (5,16) 1
(6,15) (6,16) 1
(7,15) (7,16) 1
(8,15) (8,16) 1
(9,15) (9,16) 1
(10,15) (10,16) 1
(1,16) (1,17) 1
(2,16) (2,17) 1
(3,16) (3,17) 1
(4,16) (4,17) 1
(5,16) (5,17) 1
(6,16) (6,17) 1
(7,16) (7,17) 1
(8,16) (8,17) 1
(9,16) (9,17) 1
(10,16) (10,17) 1
(1,17) (1,18) 1
(2,17) (2,18) 1
(3,17) (3,18) 1
(4,17) (4,18) 1
(5,17) (5,18) 1
(6,17) (6,18) 1
(7,17) (7,18) 1
(8,17) (8,18) 1
(9,17) (9,18) 1
(10,17) (10,18) 1
(1,18) (1,19) 1
(2,18) (2,19) 1
(3,18) (3,19) 1
(4,18) (4,19) 1
(5,18) (5,19) 1
(6,18) (6,19) 1
(7,18) (7,19) 1
(8,18) (8,19) 1
(9,18) (9,19) 1
(10,18) (10,19) 1
(1,19) (1,20) 1
(2,19) (2,20) 1
(3,19) (3,20) 1
(4,19) (4,20) 1
(5,19) (5,20) 1
(6,19) (6,20) 1
(7,19) (7,20) 1
(8,19) (8,20) 1
(9,19) (9,20) 1
(10,19) (10,20) 1
(1,20) (1,21) 1
(2,20) (2,21) 1
(3,20) (3,21) 1
(4,20) (4,21) 1
(5,20) (5,21) 1
(6,20) (6,21) 1
(7,20) (7,21) 1
(8,20) (8,21) 1
(9,20) (9,21) 1
(10,20) (10,21) 1
(1,21) (1,22) 1
(2,21) (2,22) 1
(3,21) (3,22) 1
(4,21) (4,22) 1
(5,21) (5,22) 1
(6,21) (6,22) 1
(7,21) (7,22) 1
(8,21) (8,22) 1
(9,21) (9,22) 1
(10,21) (10,22) 1
(1,22) (1,23) 1
(2,22) (2,23) 1
(3,22) (3,23) 1
(4,22) (4,23) 1
(5,22) (5,23) 1
(6,22) (6,23) 1
(7,22) (7,23) 1
(8,22) (8,23) 1
(9,22) (9,23) 1
(10,22) (10,23) 1
(1,23) (1,24) 1
(2,23) (2,24) 1
(3,23) (3,24) 1
(4,23) (4,24) 1
(5,23) (5,24) 1
(6,23) (6,24) 1
(7,23) (7,24) 1
(8,23) (8,24) 1
(9,23) (9,24) 1
(10,23) (10,24) 1
(1,24) (1,25) 1
(2,24) (2,25) 1
(3,24) (3,25) 1
(4,24) (4,25) 1
(5,24) (5,25) 1
(6,24) (6,25) 1
(7,24) (7,25) 1
(8,24) (8,25) 1
(9,24) (9,25) 1
(10,24) (10,25) 1
(1,25) (1,26) 1
(2,25) (2,26) 1
(3,25) (3,26) 1
(4,25) (4,26) 1
(5,25) (5,26) 1
(6,25) (6,26) 1
(7,25) (7,26) 1
(8,25) (8,26) 1
(9,25) (9,26) 1
(10,25) (10,26) 1
(1,26) (1,27) 1
(2,26) (2,27) 1
(3,26) (3,27) 1
(4,26) (4,27) 1
(5,26) (5,27) 1
(6,26) (6,27) 1
(7,26) (7,27) 1
(8,26) (8,27) 1
(9,26) (9,27) 1
(10,26) (10,27) 1
(1,27) (1,28) 1
(2,27) (2,28) 1
(3,27) (3,28) 1
(4,27) (4,28) 1
(5,27) (5,28) 1
(6,27) (6,28) 1
(7,27) (7,28) 1
(8,27) (8,28) 1
(9,27) (9,28) 1
(10,27) (10,28) 1
(1,28) (1,29) 1
(2,28) (2,29) 1
(3,28) (3,29) 1
(4,28) (4,29) 1
(5,28) (5,29) 1
(6,28) (6,29) 1
(7,28) (7,29) 1
(8,28) (8,29) 1
(9,28) (9,29) 1
(10,28) (10,29) 1
(1,29) (1,30) 1
(2,29) (2,30) 1
(3,29) (3,30) 1
(4,29) (4,30) 1
(5,29) (5,30) 1
(6,29) (6,30) 1
(7,29) (7,30) 1
(8,29) (8,30) 1
(9,29) (9,30) 1
(10,29) (10,30) 1
(1,30) (1,31) 1
(2,30) (2,31) 1
(3,30) (3,31) 1
(4,30) (4,31) 1
(5,30) (5,31) 1
(6,30) (6,31) 1
(7,30) (7,31) 1
(8,30) (8,31) 1
(9,30) (9,31) 1
(10,30) (10,31) 1
(1,31) (1,32) 1
(2,31) (2,32) 1
(3,31) (3,32) 1
(4,31) (4,32) 1
(5,31) (5,32) 1
(6,31) (6,32) 1
(7,31) (7,32) 1
(8,31) (8,32) 1
(9,31) (9,32) 1
(10,31) (10,32) 1
(1,32) (1,33) 1
(2,32) (2,33) 1
(3,32) (3,33) 1
(4,32) (4,33) 1
(5,32) (5,33) 1
(6,32) (6,33) 1
(7,32) (7,33) 1
(8,32) (8,33) 1
(9,32) (9,33) 1
(10,32) (10,33) 1
(1,33) (1,34) 1
(2,33) (2,34) 1
(3,33) (3,34) 1
(4,33) (4,34) 1
(5,33) (5,34) 1
(6,33) (6,34) 1
(7,33) (7,34) 1
(8,33) (8,34) 1
(9,33) (9,34) 1
(10,33) (10,34) 1
(1,34) (1,35) 1
(2,34) (2,35) 1
(3,34) (3,35) 1
(4,34) (4,35) 1
(5,34) (5,35) 1
(6,34) (6,35) 1
(7,34) (7,35) 1
(8,34) (8,35) 1
(9,34) (9,35) 1
(10,34) (10,35) 1
(1,35) (1,36) 1
(2,35) (2,36) 1
(3,35) (3,36) 1
(4,35) (4,36) 1
(5,35) (5,36) 1
(6,35) (6,36) 1
(7,35) (7,36) 1
(8,35) (8,36) 1
(9,35) (9,36) 1
(10,35) (10,36) 1
(1,36) (1,37) 1
(2,36) (2,37) 1
(3,36) (3,37) 1
(4,36) (4,37) 1
(5,36) (5,37) 1
(6,36) (6,37) 1
(7,36) (7,37) 1
(8,36) (8,37) 1
(9,36) (9,37) 1
(10,36) (10,37) 1
(1,37) (1,38) 1
(2,37) (2,38) 1
(3,37) (3,38) 1
(4,37) (4,38) 1
(5,37) (5,38) 1
(6,37) (6,38) 1
(7,37) (7,38) 1
(8,37) (8,38) 1
(9,37) (9,38) 1
(10,37) (10,38) 1
(1,38) (1,39) 1
(2,38) (2,39) 1
(3,38) (3,39) 1
(4,38) (4,39) 1
(5,38) (5,39) 1
(6,38) (6,39) 1
(7,38) (7,39) 1
(8,38) (8,39) 1
(9,38) (9,39) 1
(10,38) (10,39) 1
(1,39) (1,40) 1
(2,39) (2,40) 1
(3,39) (3,40) 1
(4,39) (4,40) 1
(5,39) (5,40) 1
(6,39) (6,40) 1
(7,39) (7,40) 1
(8,39) (8,40) 1
(9,39) (9,40) 1
(10,39) (10,40) 1
(1,40) (1,41) 1
(2,40) (2,41) 1
(3,40) (3,41) 1
(4,40) (4,41) 1
(5,40) (5,41) 1
(6,40) (6,41) 1
(7,40) (7,41) 1
(8,40) (8,41) 1
(9,40) (9,41) 1
(10,40) (10,41) 1
(1,41) (1,42) 1
(2,41) (2,42) 1
(3,41) (3,42) 1
(4,41) (4,42) 1
(5,41) (5,42) 1
(6,41) (6,42) 1
(7,41) (7,42) 1
(8,41) (8,42) 1
(9,41) (9,42) 1
(10,41) (10,42) 1
(1,42) (1,43) 1
(2,42) (2,43) 1
(3,42) (3,43) 1
(4,42) (4,43) 1
(5,42) (5,43) 1
(6,42) (6,43) 1
(7,42) (7,43) 1
(8,42) (8,43) 1
(9,42) (9,43) 1
(10,42) (10,43) 1
(1,43) (1,44) 1
(2,43) (2,44) 1
(3,43) (3,44) 1
(4,43) (4,44) 1
(5,43) (5,44) 1
(6,43) (6,44) 1
(7,43) (7,44) 1
(8,43) (8,44) 1
(9,43) (9,44) 1
(10,43) (10,44) 1
(1,44) (1,45) 1
(2,44) (2,45) 1
(3,44) (3,45) 1
(4,44) (4,45) 1
(5,44) (5,45) 1
(6,44) (6,45) 1
(7,44) (7,45) 1
(8,44) (8,45) 1
(9,44) (9,45) 1
(10,44) (10,45) 1
(1,45) (1,46) 1
(2,45) (2,46) 1
(3,45) (3,46) 1
(4,45) (4,46) 1
(5,45) (5,46) 1
(6,45) (6,46) 1
(7,45) (7,46) 1
(8,45) (8,46) 1
(9,45) (9,46) 1
(10,45) (10,46) 1
(1,46) (1,47) 1
(2,46) (2,47) 1
(3,46) (3,47) 1
(4,46) (4,47) 1
(5,46) (5,47) 1
(6,46) (6,47) 1
(7,46) (7,47) 1
(8,46) (8,47) 1
(9,46) (9,47) 1
(10,46) (10,47) 1
(1,47) (1,48) 1
(2,47) (2,48) 1
(3,47) (3,48) 1
(4,47) (4,48) 1
(5,47) (5,48) 1
(6,47) (6,48) 1
(7,47) (7,48) 1
(8,47) (8,48) 1
(9,47) (9,48) 1
(10,47) (10,48) 1
(1,48) (1,49) 1
(2,48) (2,49) 1
(3,48) (3,49) 1
(4,48) (4,49) 1
(5,48) (5,49) 1
(6,48) (6,49) 1
(7,48) (7,49) 1
(8,48) (8,49) 1
(9,48) (9,49) 1
(10,48) (10,49) 1
(1,49) (1,50) 1
(2,49) (2,50) 1
(3,49) (3,50) 1
(4,49) (4,50) 1
(5,49) (5,50) 1
(6,49) (6,50) 1
(7,49) (7,50) 1
(8,49) (8,50) 1
(9,49) (9,50) 1
(10,49) (10,50) 1
(1,50) (1,51) 1
(2,50) (2,51) 1
(3,50) (3,51) 1
(4,50) (4,51) 1
(5,50) (5,51) 1
(6,50) (6,51) 1
(7,50) (7,51) 1
(8,50) (8,51) 1
(9,50) (9,51) 1
(10,50) (10,51) 1
(1,51) (1,52) 1
(2,51) (2,52) 1
(3,51) (3,52) 1
(4,51) (4,52) 1
(5,51) (5,52) 1
(6,51) (6,52) 1
(7,51) (7,52) 1
(8,51) (8,52) 1
(9,51) (9,52) 1
(10,51) (10,52) 1
(1,52) (1,53) 1
(2,52) (2,53) 1
(3,52) (3,53) 1
(4,52) (4,53) 1
(5,52) (5,53) 1
(6,52) (6,53) 1
(7,52) (7,53) 1
(8,52) (8,53) 1
(9,52) (9,53) 1
(10,52) (10,53) 1
(1,53) (1,54) 1
(2,53) (2,54) 1
(3,53) (3,54) 1
(4,53) (4,54) 1
(5,53) (5,54) 1
(6,53) (6,54) 1
(7,53) (7,54) 1
(8,53) (8,54) 1
(9,53) (9,54) 1
(10,53) (10,54) 1
(1,54) (1,55) 1
(2,54) (2,55) 1
(3,54) (3,55) 1
(4,54) (4,55) 1
(5,54) (5,55) 1
(6,54) (6,55) 1
(7,54) (7,55) 1
(8,54) (8,55) 1
(9,54) (9,55) 1
(10,54) (10,55) 1
(1,55) (1,56) 1
(2,55) (2,56) 1
(3,55) (3,56) 1
(4,55) (4,56) 1
(5,55) (5,56) 1
(6,55) (6,56) 1
(7,55) (7,56) 1
(8,55) (8,56) 1
(9,55) (9,56) 1
(10,55) (10,56) 1
(1,56) (1,57) 1
(2,56) (2,57) 1
(3,56) (3,57) 1
(4,56) (4,57) 1
(5,56) (5,57) 1
(6,56) (6,57) 1
(7,56) (7,57) 1
(8,56) (8,57) 1
(9,56) (9,57) 1
(10,56) (10,57) 1
(1,57) (1,58) 1
(2,57) (2,58) 1
(3,57) (3,58) 1
(4,57) (4,58) 1
(5,57) (5,58) 1
(6,57) (6,58) 1
(7,57) (7,58) 1
(8,57) (8,58) 1
(9,57) (9,58) 1
(10,57) (10,58) 1
(1,58) (1,59) 1
(2,58) (2,59) 1
(3,58) (3,59) 1
(4,58) (4,59) 1
(5,58) (5,59) 1
(6,58) (6,59) 1
(7,58) (7,59) 1
(8,58) (8,59) 1
(9,58) (9,59) 1
(10,58) (10,59) 1
(1,59) (1,60) 1
(2,59) (2,60) 1
(3,59) (3,60) 1
(4,59) (4,60) 1
(5,59) (5,60) 1
(6,59) (6,60) 1
(7,59) (7,60) 1
(8,59) (8,60) 1
(9,59) (9,60) 1
(10,59) (10,60) 1
(1,60) (1,61) 1
(2,60) (2,61) 1
(3,60) (3,61) 1
(4,60) (4,61) 1
(5,60) (5,61) 1
(6,60) (6,61) 1
(7,60) (7,61) 1
(8,60) (8,61) 1
(9,60) (9,61) 1
(10,60) (10,61) 1
(1,61) (1,62) 1
(2,61) (2,62) 1
(3,61) (3,62) 1
(4,61) (4,62) 1
(5,61) (5,62) 1
(6,61) (6,62) 1
(7,61) (7,62) 1
(8,61) (8,62) 1
(9,61) (9,62) 1
(10,61) (10,62) 1
(1,62) (1,63) 1
(2,62) (2,63) 1
(3,62) (3,63) 1
(4,62) (4,63) 1
(5,62) (5,63) 1
(6,62) (6,63) 1
(7,62) (7,63) 1
(8,62) (8,63) 1
(9,62) (9,63) 1
(10,62) (10,63) 1
(1,63) (1,64) 1
(2,63) (2,64) 1
(3,63) (3,64) 1
(4,63) (4,64) 1
(5,63) (5,64) 1
(6,63) (6,64) 1
(7,63) (7,64) 1
(8,63) (8,64) 1
(9,63) (9,64) 1
(10,63) (10,64) 1
(1,64) (1,65) 1
(2,64) (2,65) 1
(3,64) (3,65) 1
(4,64) (4,65) 1
(5,64) (5,65) 1
(6,64) (6,65) 1
(7,64) (7,65) 1
(8,64) (8,65) 1
(9,64) (9,65) 1
(10,64) (10,65) 1
(1,65) (1,66) 1
(2,65) (2,66) 1
(3,65) (3,66) 1
(4,65) (4,66) 1
(5,65) (5,66) 1
(6,65) (6,66) 1
(7,65) (7,66) 1
(8,65) (8,66) 1
(9,65) (9,66) 1
(10,65) (10,66) 1
(1,66) (1,67) 1
(2,66) (2,67) 1
(3,66) (3,67) 1
(4,66) (4,67) 1
(5,66) (5,67) 1
(6,66) (6,67) 1
(7,66) (7,67) 1
(8,66) (8,67) 1
(9,66) (9,67) 1
(10,66) (10,67) 1
(1,67) (1,68) 1
(2,67) (2,68) 1
(3,67) (3,68) 1
(4,67) (4,68) 1
(5,67) (5,68) 1
(6,67) (6,68) 1
(7,67) (7,68) 1
(8,67) (8,68) 1
(9,67) (9,68) 1
(10,67) (10,68) 1
(1,68) (1,69) 1
(2,68) (2,69) 1
(3,68) (3,69) 1
(4,68) (4,69) 1
(5,68) (5,69) 1
(6,68) (6,69) 1
(7,68) (7,69) 1
(8,68) (8,69) 1
(9,68) (9,69) 1
(10,68) (10,69) 1
(1,69) (1,70) 1
(2,69) (2,70) 1
(3,69) (3,70) 1
(4,69) (4,70) 1
(5,69) (5,70) 1
(6,69) (6,70) 1
(7,69) (7,70) 1
(8,69) (8,70) 1
(9,69) (9,70) 1
(10,69) (10,70) 1
(1,70) (1,71) 1
(2,70) (2,71) 1
(3,70) (3,71) 1
(4,70) (4,71) 1
(5,70) (5,71) 1
(6,70) (6,71) 1
(7,70) (7,71) 1
(8,70) (8,71) 1
(9,70) (9,71) 1
(10,70) (10,71) 1
(1,71) (1,72) 1
(2,71) (2,72) 1
(3,71) (3,72) 1
(4,71) (4,72) 1
(5,71) (5,72) 1
(6,71) (6,72) 1
(7,71) (7,72) 1
(8,71) (8,72) 1
(9,71) (9,72) 1
(10,71) (10,72) 1
(1,72) (1,73) 1
(2,72) (2,73) 1
(3,72) (3,73) 1
(4,72) (4,73) 1
(5,72) (5,73) 1
(6,72) (6,73) 1
(7,72) (7,73) 1
(8,72) (8,73) 1
(9,72) (9,73) 1
(10,72) (10,73) 1
(1,73) (1,74) 1
(2,73) (2,74) 1
(3,73) (3,74) 1
(4,73) (4,74) 1
(5,73) (5,74) 1
(6,73) (6,74) 1
(7,73) (7,74) 1
(8,73) (8,74) 1
(9,73) (9,74) 1
(10,73) (10,74) 1
(1,74) (1,75) 1
(2,74) (2,75) 1
(3,74) (3,75) 1
(4,74) (4,75) 1
(5,74) (5,75) 1
(6,74) (6,75) 1
(7,74) (7,75) 1
(8,74) (8,75) 1
(9,74) (9,75) 1
(10,74) (10,75) 1
(1,75) (1,76) 1
(2,75) (2,76) 1
(3,75) (3,76) 1
(4,75) (4,76) 1
(5,75) (5,76) 1
(6,75) (6,76) 1
(7,75) (7,76) 1
(8,75) (8,76) 1
(9,75) (9,76) 1
(10,75) (10,76) 1
(1,76) (1,77) 1
(2,76) (2,77) 1
(3,76) (3,77) 1
(4,76) (4,77) 1
(5,76) (5,77) 1
(6,76) (6,77) 1
(7,76) (7,77) 1
(8,76) (8,77) 1
(9,76) (9,77) 1
(10,76) (10,77) 1
(1,77) (1,78) 1
(2,77) (2,78) 1
(3,77) (3,78) 1
(4,77) (4,78) 1
(5,77) (5,78) 1
(6,77) (6,78) 1
(7,77) (7,78) 1
(8,77) (8,78) 1
(9,77) (9,78) 1
(10,77) (10,78) 1
(1,78) (1,79) 1
(2,78) (2,79) 1
(3,78) (3,79) 1
(4,78) (4,79) 1
(5,78) (5,79) 1
(6,78) (6,79) 1
(7,78) (7,79) 1
(8,78) (8,79) 1
(9,78) (9,79) 1
(10,78) (10,79) 1
(1,79) (1,80) 1
(2,79) (2,80) 1
(3,79) (3,80) 1
(4,79) (4,80) 1
(5,79) (5,80) 1
(6,79) (6,80) 1
(7,79) (7,80) 1
(8,79) (8,80) 1
(9,79) (9,80) 1
(10,79) (10,80) 1
(1,80) (1,81) 1
(2,80) (2,81) 1
(3,80) (3,81) 1
(4,80) (4,81) 1
(5,80) (5,81) 1
(6,80) (6,81) 1
(7,80) (7,81) 1
(8,80) (8,81) 1
(9,80) (9,81) 1
(10,80) (10,81) 1
(1,81) (1,82) 1
(2,81) (2,82) 1
(3,81) (3,82) 1
(4,81) (4,82) 1
(5,81) (5,82) 1
(6,81) (6,82) 1
(7,81) (7,82) 1
(8,81) (8,82) 1
(9,81) (9,82) 1
(10,81) (10,82) 1
(1,82) (1,83) 1
(2,82) (2,83) 1
(3,82) (3,83) 1
(4,82) (4,83) 1
(5,82) (5,83) 1
(6,82) (6,83) 1
(7,82) (7,83) 1
(8,82) (8,83) 1
(9,82) (9,83) 1
(10,82) (10,83) 1
(1,83) (1,84) 1
(2,83) (2,84) 1
(3,83) (3,84) 1
(4,83) (4,84) 1
(5,83) (5,84) 1
(6,83) (6,84) 1
(7,83) (7,84) 1
(8,83) (8,84) 1
(9,83) (9,84) 1
(10,83) (10,84) 1
(1,84) (1,85) 1
(2,84) (2,85) 1
(3,84) (3,85) 1
(4,84) (4,85) 1
(5,84) (5,85) 1
(6,84) (6,85) 1
(7,84) (7,85) 1
(8,84) (8,85) 1
(9,84) (9,85) 1
(10,84) (10,85) 1
(1,85) (1,86) 1
(2,85) (2,86) 1
(3,85) (3,86) 1
(4,85) (4,86) 1
(5,85) (5,86) 1
(6,85) (6,86) 1
(7,85) (7,86) 1
(8,85) (8,86) 1
(9,85) (9,86) 1
(10,85) (10,86) 1
(1,86) (1,87) 1
(2,86) (2,87) 1
(3,86) (3,87) 1
(4,86) (4,87) 1
(5,86) (5,87) 1
(6,86) (6,87) 1
(7,86) (7,87) 1
(8,86) (8,87) 1
(9,86) (9,87) 1
(10,86) (10,87) 1
(1,87) (1,88) 1
(2,87) (2,88) 1
(3,87) (3,88) 1
(4,87) (4,88) 1
(5,87) (5,88) 1
(6,87) (6,88) 1
(7,87) (7,88) 1
(8,87) (8,88) 1
(9,87) (9,88) 1
(10,87) (10,88) 1
(1,88) (1,89) 1
(2,88) (2,89) 1
(3,88) (3,89) 1
(4,88) (4,89) 1
(5,88) (5,89) 1
(6,88) (6,89) 1
(7,88) (7,89) 1
(8,88) (8,89) 1
(9,88) (9,89) 1
(10,88) (10,89) 1
(1,89) (1,90) 1
(2,89) (2,90) 1
(3,89) (3,90) 1
(4,89) (4,90) 1
(5,89) (5,90) 1
(6,89) (6,90) 1
(7,89) (7,90) 1
(8,89) (8,90) 1
(9,89) (9,90) 1
(10,89) (10,90) 1
(1,90) (1,91) 1
(2,90) (2,91) 1
(3,90) (3,91) 1
(4,90) (4,91) 1
(5,90) (5,91) 1
(6,90) (6,91) 1
(7,90) (7,91) 1
(8,90) (8,91) 1
(9,90) (9,91) 1
(10,90) (10,91) 1
(1,91) (1,92) 1
(2,91) (2,92) 1
(3,91) (3,92) 1
(4,91) (4,92) 1
(5,91) (5,92) 1
(6,91) (6,92) 1
(7,91) (7,92) 1
(8,91) (8,92) 1
(9,91) (9,92) 1
(10,91) (10,92) 1
(1,92) (1,93) 1
(2,92) (2,93) 1
(3,92) (3,93) 1
(4,92) (4,93) 1
(5,92) (5,93) 1
(6,92) (6,93) 1
(7,92) (7,93) 1
(8,92) (8,93) 1
(9,92) (9,93) 1
(10,92) (10,93) 1
(1,93) (1,94) 1
(2,93) (2,94) 1
(3,93) (3,94) 1
(4,93) (4,94) 1
(5,93) (5,94) 1
(6,93) (6,94) 1
(7,93) (7,94) 1
(8,93) (8,94) 1
(9,93) (9,94) 1
(10,93) (10,94) 1
(1,94) (1,95) 1
(2,94) (2,95) 1
(3,94) (3,95) 1
(4,94) (4,95) 1
(5,94) (5,95) 1
(6,94) (6,95) 1
(7,94) (7,95) 1
(8,94) (8,95) 1
(9,94) (9,95) 1
(10,94) (10,95) 1
(1,95) (1,96) 1
(2,95) (2,96) 1
(3,95) (3,96) 1
(4,95) (4,96) 1
(5,95) (5,96) 1
(6,95) (6,96) 1
(7,95) (7,96) 1
(8,95) (8,96) 1
(9,95) (9,96) 1
(10,95) (10,96) 1
(1,96) (1,97) 1
(2,96) (2,97) 1
(3,96) (3,97) 1
(4,96) (4,97) 1
(5,96) (5,97) 1
(6,96) (6,97) 1
(7,96) (7,97) 1
(8,96) (8,97) 1
(9,96) (9,97) 1
(10,96) (10,97) 1
(1,97) (1,98) 1
(2,97) (2,98) 1
(3,97) (3,98) 1
(4,97) (4,98) 1
(5,97) (5,98) 1
(6,97) (6,98) 1
(7,97) (7,98) 1
(8,97) (8,98) 1
(9,97) (9,98) 1
(10,97) (10,98) 1
(1,98) (1,99) 1
(2,98) (2,99) 1
(3,98) (3,99) 1
(4,98) (4,99) 1
(5,98) (5,99) 1
(6,98) (6,99) 1
(7,98) (7,99) 1
(8,98) (8,99) 1
(9,98) (9,99) 1
(10,98) (10,99) 1
(1,99) (1,100) 1
(2,99) (2,100) 1
(3,99) (3,100) 1
(4,99) (4,100) 1
(5,99) (5,100) 1
(6,99) (6,100) 1
(7,99) (7,100) 1
(8,99) (8,100) 1
(9,99) (9,100) 1
(10,99) (10,100) 1
(1,1) (2,1) 1
(2,1) (1,1) 1
(2,1) (3,1) 1
(3,1) (2,1) 1
(3,1) (4,1) 1
(4,1) (3,1) 1
(4,1) (5,1) 1
(5,1) (4,1) 1
(5,1) (6,1) 1
(6,1) (5,1) 1
(6,1) (7,1) 1
(7,1) (6,1) 1
(7,1) (8,1) 1
(8,1) (7,1) 1
(8,1) (9,1) 1
(9,1) (8,1) 1
(9,1) (10,1) 1
(10,1) (9,1) 1
(1,2) (2,2) 1
(2,2) (1,2) 1
(2,2) (3,2) 1
(3,2) (2,2) 1
(3,2) (4,2) 1
(4,2) (3,2) 1
(4,2) (5,2) 1
(5,2) (4,2) 1
(5,2) (6,2) 1
(6,2) (5,2) 1
(6,2) (7,2) 1
(7,2) (6,2) 1
(7,2) (8,2) 1
(8,2) (7,2) 1
(8,2) (9,2) 1
(9,2) (8,2) 1
(9,2) (10,2) 1
(10,2) (9,2) 1
(1,3) (2,3) 1
(2,3) (1,3) 1
(2,3) (3,3) 1
(3,3) (2,3) 1
(3,3) (4,3) 1
(4,3) (3,3) 1
(4,3) (5,3) 1
(5,3) (4,3) 1
(5,3) (6,3) 1
(6,3) (5,3) 1
(6,3) (7,3) 1
(7,3) (6,3) 1
(7,3) (8,3) 1
(8,3) (7,3) 1
(8,3) (9,3) 1
(9,3) (8,3) 1
(9,3) (10,3) 1
(10,3) (9,3) 1
(1,4) (2,4) 1
(2,4) (1,4) 1
(2,4) (3,4) 1
(3,4) (2,4) 1
(3,4) (4,4) 1
(4,4) (3,4) 1
(4,4) (5,4) 1
(5,4) (4,4) 1
(5,4) (6,4) 1
(6,4) (5,4) 1
(6,4) (7,4) 1
(7,4) (6,4) 1
(7,4) (8,4) 1
(8,4) (7,4) 1
(8,4) (9,4) 1
(9,4) (8,4) 1
(9,4) (10,4) 1
(10,4) (9,4) 1
(1,5) (2,5) 1
(2,5) (1,5) 1
(2,5) (3,5) 1
(3,5) (2,5) 1
(3,5) (4,5) 1
(4,5) (3,5) 1
(4,5) (5,5) 1
(5,5) (4,5) 1
(5,5) (6,5) 1
(6,5) (5,5) 1
(6,5) (7,5) 1
(7,5) (6,5) 1
(7,5) (8,5) 1
(8,5) (7,5) 1
(8,5) (9,5) 1
(9,5) (8,5) 1
(9,5) (10,5) 1
(10,5) (9,5) 1
(1,6) (2,6) 1
(2,6) (1,6) 1
(2,6) (3,6) 1
(3,6) (2,6) 1
(3,6) (4,6) 1
(4,6) (3,6) 1
(4,6) (5,6) 1
(5,6) (4,6) 1
(5,6) (6,6) 1
(6,6) (5,6) 1
(6,6) (7,6) 1
(7,6) (6,6) 1
(7,6) (8,6) 1
(8,6) (7,6) 1
(8,6) (9,6) 1
(9,6) (8,6) 1
(9,6) (10,6) 1
(10,6) (9,6) 1
(1,7) (2,7) 1
(2,7) (1,7) 1
(2,7) (3,7) 1
(3,7) (2,7) 1
(3,7) (4,7) 1
(4,7) (3,7) 1
(4,7) (5,7) 1
(5,7) (4,7) 1
(5,7) (6,7) 1
(6,7) (5,7) 1
(6,7) (7,7) 1
(7,7) (6,7) 1
(7,7) (8,7) 1
(8,7) (7,7) 1
(8,7) (9,7) 1
(9,7) (8,7) 1
(9,7) (10,7) 1
(10,7) (9,7) 1
(1,8) (2,8) 1
(2,8) (1,8) 1
(2,8) (3,8) 1
(3,8) (2,8) 1
(3,8) (4,8) 1
(4,8) (3,8) 1
(4,8) (5,8) 1
(5,8) (4,8) 1
(5,8) (6,8) 1
(6,8) (5,8) 1
(6,8) (7,8) 1
(7,8) (6,8) 1
(7,8) (8,8) 1
(8,8) (7,8) 1
(8,8) (9,8) 1
(9,8) (8,8) 1
(9,8) (10,8) 1
(10,8) (9,8) 1
(1,9) (2,9) 1
(2,9) (1,9) 1
(2,9) (3,9) 1
(3,9) (2,9) 1
(3,9) (4,9) 1
(4,9) (3,9) 1
(4,9) (5,9) 1
(5,9) (4,9) 1
(5,9) (6,9) 1
(6,9) (5,9) 1
(6,9) (7,9) 1
(7,9) (6,9) 1
(7,9) (8,9) 1
(8,9) (7,9) 1
(8,9) (9,9) 1
(9,9) (8,9) 1
(9,9) (10,9) 1
(10,9) (9,9) 1
(1,10) (2,10) 1
(2,10) (1,10) 1
(2,10) (3,10) 1
(3,10) (2,10) 1
(3,10) (4,10) 1
(4,10) (3,10) 1
(4,10) (5,10) 1
(5,10) (4,10) 1
(5,10) (6,10) 1
(6,10) (5,10) 1
(6,10) (7,10) 1
(7,10) (6,10) 1
(7,10) (8,10) 1
(8,10) (7,10) 1
(8,10) (9,10) 1
(9,10) (8,10) 1
(9,10) (10,10) 1
(10,10) (9,10) 1
(1,11) (2,11) 1
(2,11) (1,11) 1
(2,11) (3,11) 1
(3,11) (2,11) 1
(3,11) (4,11) 1
(4,11) (3,11) 1
(4,11) (5,11) 1
(5,11) (4,11) 1
(5,11) (6,11) 1
(6,11) (5,11) 1
(6,11) (7,11) 1
(7,11) (6,11) 1
(7,11) (8,11) 1
(8,11) (7,11) 1
(8,11) (9,11) 1
(9,11) (8,11) 1
(9,11) (10,11) 1
(10,11) (9,11) 1
(1,12) (2,12) 1
(2,12) (1,12) 1
(2,12) (3,12) 1
(3,12) (2,12) 1
(3,12) (4,12) 1
(4,12) (3,12) 1
(4,12) (5,12) 1
(5,12) (4,12) 1
(5,12) (6,12) 1
(6,12) (5,12) 1
(6,12) (7,12) 1
(7,12) (6,12) 1
(7,12) (8,12) 1
(8,12) (7,12) 1
(8,12) (9,12) 1
(9,12) (8,12) 1
(9,12) (10,12) 1
(10,12) (9,12) 1
(1,13) (2,13) 1
(2,13) (1,13) 1
(2,13) (3,13) 1
(3,13) (2,13) 1
(3,13) (4,13) 1
(4,13) (3,13) 1
(4,13) (5,13) 1
(5,13) (4,13) 1
(5,13) (6,13) 1
(6,13) (5,13) 1
(6,13) (7,13) 1
(7,13) (6,13) 1
(7,13) (8,13) 1
(8,13) (7,13) 1
(8,13) (9,13) 1
(9,13) (8,13) 1
(9,13) (10,13) 1
(10,13) (9,13) 1
(1,14) (2,14) 1
(2,14) (1,14) 1
(2,14) (3,14) 1
(3,14) (2,14) 1
(3,14) (4,14) 1
(4,14) (3,14) 1
(4,14) (5,14) 1
(5,14) (4,14) 1
(5,14) (6,14) 1
(6,14) (5,14) 1
(6,14) (7,14) 1
(7,14) (6,14) 1
(7,14) (8,14) 1
(8,14) (7,14) 1
(8,14) (9,14) 1
(9,14) (8,14) 1
(9,14) (10,14) 1
(10,14) (9,14) 1
(1,15) (2,15) 1
(2,15) (1,15) 1
(2,15) (3,15) 1
(3,15) (2,15) 1
(3,15) (4,15) 1
(4,15) (3,15) 1
(4,15) (5,15) 1
(5,15) (4,15) 1
(5,15) (6,15) 1
(6,15) (5,15) 1
(6,15) (7,15) 1
(7,15) (6,15) 1
(7,15) (8,15) 1
(8,15) (7,15) 1
(8,15) (9,15) 1
(9,15) (8,15) 1
(9,15) (10,15) 1
(10,15) (9,15) 1
(1,16) (2,16) 1
(2,16) (1,16) 1
(2,16) (3,16) 1
(3,16) (2,16) 1
(3,16) (4,16) 1
(4,16) (3,16) 1
(4,16) (5,16) 1
(5,16) (4,16) 1
(5,16) (6,16) 1
(6,16) (5,16) 1
(6,16) (7,16) 1
(7,16) (6,16) 1
(7,16) (8,16) 1
(8,16) (7,16) 1
(8,16) (9,16) 1
(9,16) (8,16) 1
(9,16) (10,16) 1
(10,16) (9,16) 1
(1,17) (2,17) 1
(2,17) (1,17) 1
(2,17) (3,17) 1
(3,17) (2,17) 1
(3,17) (4,17) 1
(4,17) (3,17) 1
(4,17) (5,17) 1
(5,17) (4,17) 1
(5,17) (6,17) 1
(6,17) (5,17) 1
(6,17) (7,17) 1
(7,17) (6,17) 1
(7,17) (8,17) 1
(8,17) (7,17) 1
(8,17) (9,17) 1
(9,17) (8,17) 1
(9,17) (10,17) 1
(10,17) (9,17) 1
(1,18) (2,18) 1
(2,18) (1,18) 1
(2,18) (3,18) 1
(3,18) (2,18) 1
(3,18) (4,18) 1
(4,18) (3,18) 1
(4,18) (5,18) 1
(5,18) (4,18) 1
(5,18) (6,18) 1
(6,18) (5,18) 1
(6,18) (7,18) 1
(7,18) (6,18) 1
(7,18) (8,18) 1
(8,18) (7,18) 1
(8,18) (9,18) 1
(9,18) (8,18) 1
(9,18) (10,18) 1
(10,18) (9,18) 1
(1,19) (2,19) 1
(2,19) (1,19) 1
(2,19) (3,19) 1
(3,19) (2,19) 1
(3,19) (4,19) 1
(4,19) (3,19) 1
(4,19) (5,19) 1
(5,19) (4,19) 1
(5,19) (6,19) 1
(6,19) (5,19) 1
(6,19) (7,19) 1
(7,19) (6,19) 1
(7,19) (8,19) 1
(8,19) (7,19) 1
(8,19) (9,19) 1
(9,19) (8,19) 1
(9,19) (10,19) 1
(10,19) (9,19) 1
(1,20) (2,20) 1
(2,20) (1,20) 1
(2,20) (3,20) 1
(3,20) (2,20) 1
(3,20) (4,20) 1
(4,20) (3,20) 1
(4,20) (5,20) 1
(5,20) (4,20) 1
(5,20) (6,20) 1
(6,20) (5,20) 1
(6,20) (7,20) 1
(7,20) (6,20) 1
(7,20) (8,20) 1
(8,20) (7,20) 1
(8,20) (9,20) 1
(9,20) (8,20) 1
(9,20) (10,20) 1
(10,20) (9,20) 1
(1,21) (2,21) 1
(2,21) (1,21) 1
(2,21) (3,21) 1
(3,21) (2,21) 1
(3,21) (4,21) 1
(4,21) (3,21) 1
(4,21) (5,21) 1
(5,21) (4,21) 1
(5,21) (6,21) 1
(6,21) (5,21) 1
(6,21) (7,21) 1
(7,21) (6,21) 1
(7,21) (8,21) 1
(8,21) (7,21) 1
(8,21) (9,21) 1
(9,21) (8,21) 1
(9,21) (10,21) 1
(10,21) (9,21) 1
(1,22) (2,22) 1
(2,22) (1,22) 1
(2,22) (3,22) 1
(3,22) (2,22) 1
(3,22) (4,22) 1
(4,22) (3,22) 1
(4,22) (5,22) 1
(5,22) (4,22) 1
(5,22) (6,22) 1
(6,22) (5,22) 1
(6,22) (7,22) 1
(7,22) (6,22) 1
(7,22) (8,22) 1
(8,22) (7,22) 1
(8,22) (9,22) 1
(9,22) (8,22) 1
(9,22) (10,22) 1
(10,22) (9,22) 1
(1,23) (2,23) 1
(2,23) (1,23) 1
(2,23) (3,23) 1
(3,23) (2,23) 1
(3,23) (4,23) 1
(4,23) (3,23) 1
(4,23) (5,23) 1
(5,23) (4,23) 1
(5,23) (6,23) 1
(6,23) (5,23) 1
(6,23) (7,23) 1
(7,23) (6,23) 1
(7,23) (8,23) 1
(8,23) (7,23) 1
(8,23) (9,23) 1
(9,23) (8,23) 1
(9,23) (10,23) 1
(10,23) (9,23) 1
(1,24) (2,24) 1
(2,24) (1,24) 1
(2,24) (3,24) 1
(3,24) (2,24) 1
(3,24) (4,24) 1
(4,24) (3,24) 1
(4,24) (5,24) 1
(5,24) (4,24) 1
(5,24) (6,24) 1
(6,24) (5,24) 1
(6,24) (7,24) 1
(7,24) (6,24) 1
(7,24) (8,24) 1
(8,24) (7,24) 1
(8,24) (9,24) 1
(9,24) (8,24) 1
(9,24) (10,24) 1
(10,24) (9,24) 1
(1,25) (2,25) 1
(2,25) (1,25) 1
(2,25) (3,25) 1
(3,25) (2,25) 1
(3,25) (4,25) 1
(4,25) (3,25) 1
(4,25) (5,25) 1
(5,25) (4,25) 1
(5,25) (6,25) 1
(6,25) (5,25) 1
(6,25) (7,25) 1
(7,25) (6,25) 1
(7,25) (8,25) 1
(8,25) (7,25) 1
(8,25) (9,25) 1
(9,25) (8,25) 1
(9,25) (10,25) 1
(10,25) (9,25) 1
(1,26) (2,26) 1
(2,26) (1,26) 1
(2,26) (3,26) 1
(3,26) (2,26) 1
(3,26) (4,26) 1
(4,26) (3,26) 1
(4,26) (5,26) 1
(5,26) (4,26) 1
(5,26) (6,26) 1
(6,26) (5,26) 1
(6,26) (7,26) 1
(7,26) (6,26) 1
(7,26) (8,26) 1
(8,26) (7,26) 1
(8,26) (9,26) 1
(9,26) (8,26) 1
(9,26) (10,26) 1
(10,26) (9,26) 1
(1,27) (2,27) 1
(2,27) (1,27) 1
(2,27) (3,27) 1
(3,27) (2,27) 1
(3,27) (4,27) 1
(4,27) (3,27) 1
(4,27) (5,27) 1
(5,27) (4,27) 1
(5,27) (6,27) 1
(6,27) (5,27) 1
(6,27) (7,27) 1
(7,27) (6,27) 1
(7,27) (8,27) 1
(8,27) (7,27) 1
(8,27) (9,27) 1
(9,27) (8,27) 1
(9,27) (10,27) 1
(10,27) (9,27) 1
(1,28) (2,28) 1
(2,28) (1,28) 1
(2,28) (3,28) 1
(3,28) (2,28) 1
(3,28) (4,28) 1
(4,28) (3,28) 1
(4,28) (5,28) 1
(5,28) (4,28) 1
(5,28) (6,28) 1
(6,28) (5,28) 1
(6,28) (7,28) 1
(7,28) (6,28) 1
(7,28) (8,28) 1
(8,28) (7,28) 1
(8,28) (9,28) 1
(9,28) (8,28) 1
(9,28) (10,28) 1
(10,28) (9,28) 1
(1,29) (2,29) 1
(2,29) (1,29) 1
(2,29) (3,29) 1
(3,29) (2,29) 1
(3,29) (4,29) 1
(4,29) (3,29) 1
(4,29) (5,29) 1
(5,29) (4,29) 1
(5,29) (6,29) 1
(6,29) (5,29) 1
(6,29) (7,29) 1
(7,29) (6,29) 1
(7,29) (8,29) 1
(8,29) (7,29) 1
(8,29) (9,29) 1
(9,29) (8,29) 1
(9,29) (10,29) 1
(10,29) (9,29) 1
(1,30) (2,30) 1
(2,30) (1,30) 1
(2,30) (3,30) 1
(3,30) (2,30) 1
(3,30) (4,30) 1
(4,30) (3,30) 1
(4,30) (5,30) 1
(5,30) (4,30) 1
(5,30) (6,30) 1
(6,30) (5,30) 1
(6,30) (7,30) 1
(7,30) (6,30) 1
(7,30) (8,30) 1
(8,30) (7,30) 1
(8,30) (9,30) 1
(9,30) (8,30) 1
(9,30) (10,30) 1
(10,30) (9,30) 1
(1,31) (2,31) 1
(2,31) (1,31) 1
(2,31) (3,31) 1
(3,31) (2,31) 1
(3,31) (4,31) 1
(4,31) (3,31) 1
(4,31) (5,31) 1
(5,31) (4,31) 1
(5,31) (6,31) 1
(6,31) (5,31) 1
(6,31) (7,31) 1
(7,31) (6,31) 1
(7,31) (8,31) 1
(8,31) (7,31) 1
(8,31) (9,31) 1
(9,31) (8,31) 1
(9,31) (10,31) 1
(10,31) (9,31) 1
(1,32) (2,32) 1
(2,32) (1,32) 1
(2,32) (3,32) 1
(3,32) (2,32) 1
(3,32) (4,32) 1
(4,32) (3,32) 1
(4,32) (5,32) 1
(5,32) (4,32) 1
(5,32) (6,32) 1
(6,32) (5,32) 1
(6,32) (7,32) 1
(7,32) (6,32) 1
(7,32) (8,32) 1
(8,32) (7,32) 1
(8,32) (9,32) 1
(9,32) (8,32) 1
(9,32) (10,32) 1
(10,32) (9,32) 1
(1,33) (2,33) 1
(2,33) (1,33) 1
(2,33) (3,33) 1
(3,33) (2,33) 1
(3,33) (4,33) 1
(4,33) (3,33) 1
(4,33) (5,33) 1
(5,33) (4,33) 1
(5,33) (6,33) 1
(6,33) (5,33) 1
(6,33) (7,33) 1
(7,33) (6,33) 1
(7,33) (8,33) 1
(8,33) (7,33) 1
(8,33) (9,33) 1
(9,33) (8,33) 1
(9,33) (10,33) 1
(10,33) (9,33) 1
(1,34) (2,34) 1
(2,34) (1,34) 1
(2,34) (3,34) 1
(3,34) (2,34) 1
(3,34) (4,34) 1
(4,34) (3,34) 1
(4,34) (5,34) 1
(5,34) (4,34) 1
(5,34) (6,34) 1
(6,34) (5,34) 1
(6,34) (7,34) 1
(7,34) (6,34) 1
(7,34) (8,34) 1
(8,34) (7,34) 1
(8,34) (9,34) 1
(9,34) (8,34) 1
(9,34) (10,34) 1
(10,34) (9,34) 1
(1,35) (2,35) 1
(2,35) (1,35) 1
(2,35) (3,35) 1
(3,35) (2,35) 1
(3,35) (4,35) 1
(4,35) (3,35) 1
(4,35) (5,35) 1
(5,35) (4,35) 1
(5,35) (6,35) 1
(6,35) (5,35) 1
(6,35) (7,35) 1
(7,35) (6,35) 1
(7,35) (8,35) 1
(8,35) (7,35) 1
(8,35) (9,35) 1
(9,35) (8,35) 1
(9,35) (10,35) 1
(10,35) (9,35) 1
(1,36) (2,36) 1
(2,36) (1,36) 1
(2,36) (3,36) 1
(3,36) (2,36) 1
(3,36) (4,36) 1
(4,36) (3,36) 1
(4,36) (5,36) 1
(5,36) (4,36) 1
(5,36) (6,36) 1
(6,36) (5,36) 1
(6,36) (7,36) 1
(7,36) (6,36) 1
(7,36) (8,36) 1
(8,36) (7,36) 1
(8,36) (9,36) 1
(9,36) (8,36) 1
(9,36) (10,36) 1
(10,36) (9,36) 1
(1,37) (2,37) 1
(2,37) (1,37) 1
(2,37) (3,37) 1
(3,37) (2,37) 1
(3,37) (4,37) 1
(4,37) (3,37) 1
(4,37) (5,37) 1
(5,37) (4,37) 1
(5,37) (6,37) 1
(6,37) (5,37) 1
(6,37) (7,37) 1
(7,37) (6,37) 1
(7,37) (8,37) 1
(8,37) (7,37) 1
(8,37) (9,37) 1
(9,37) (8,37) 1
(9,37) (10,37) 1
(10,37) (9,37) 1
(1,38) (2,38) 1
(2,38) (1,38) 1
(2,38) (3,38) 1
(3,38) (2,38) 1
(3,38) (4,38) 1
(4,38) (3,38) 1
(4,38) (5,38) 1
(5,38) (4,38) 1
(5,38) (6,38) 1
(6,38) (5,38) 1
(6,38) (7,38) 1
(7,38) (6,38) 1
(7,38) (8,38) 1
(8,38) (7,38) 1
(8,38) (9,38) 1
(9,38) (8,38) 1
(9,38) (10,38) 1
(10,38) (9,38) 1
(1,39) (2,39) 1
(2,39) (1,39) 1
(2,39) (3,39) 1
(3,39) (2,39) 1
(3,39) (4,39) 1
(4,39) (3,39) 1
(4,39) (5,39) 1
(5,39) (4,39) 1
(5,39) (6,39) 1
(6,39) (5,39) 1
(6,39) (7,39) 1
(7,39) (6,39) 1
(7,39) (8,39) 1
(8,39) (7,39) 1
(8,39) (9,39) 1
(9,39) (8,39) 1
(9,39) (10,39) 1
(10,39) (9,39) 1
(1,40) (2,40) 1
(2,40) (1,40) 1
(2,40) (3,40) 1
(3,40) (2,40) 1
(3,40) (4,40) 1
(4,40) (3,40) 1
(4,40) (5,40) 1
(5,40) (4,40) 1
(5,40) (6,40) 1
(6,40) (5,40) 1
(6,40) (7,40) 1
(7,40) (6,40) 1
(7,40) (8,40) 1
(8,40) (7,40) 1
(8,40) (9,40) 1
(9,40) (8,40) 1
(9,40) (10,40) 1
(10,40) (9,40) 1
(1,41) (2,41) 1
(2,41) (1,41) 1
(2,41) (3,41) 1
(3,41) (2,41) 1
(3,41) (4,41) 1
(4,41) (3,41) 1
(4,41) (5,41) 1
(5,41) (4,41) 1
(5,41) (6,41) 1
(6,41) (5,41) 1
(6,41) (7,41) 1
(7,41) (6,41) 1
(7,41) (8,41) 1
(8,41) (7,41) 1
(8,41) (9,41) 1
(9,41) (8,41) 1
(9,41) (10,41) 1
(10,41) (9,41) 1
(1,42) (2,42) 1
(2,42) (1,42) 1
(2,42) (3,42) 1
(3,42) (2,42) 1
(3,42) (4,42) 1
(4,42) (3,42) 1
(4,42) (5,42) 1
(5,42) (4,42) 1
(5,42) (6,42) 1
(6,42) (5,42) 1
(6,42) (7,42) 1
(7,42) (6,42) 1
(7,42) (8,42) 1
(8,42) (7,42) 1
(8,42) (9,42) 1
(9,42) (8,42) 1
(9,42) (10,42) 1
(10,42) (9,42) 1
(1,43) (2,43) 1
(2,43) (1,43) 1
(2,43) (3,43) 1
(3,43) (2,43) 1
(3,43) (4,43) 1
(4,43) (3,43) 1
(4,43) (5,43) 1
(5,43) (4,43) 1
(5,43) (6,43) 1
(6,43) (5,43) 1
(6,43) (7,43) 1
(7,43) (6,43) 1
(7,43) (8,43) 1
(8,43) (7,43) 1
(8,43) (9,43) 1
(9,43) (8,43) 1
(9,43) (10,43) 1
(10,43) (9,43) 1
(1,44) (2,44) 1
(2,44) (1,44) 1
(2,44) (3,44) 1
(3,44) (2,44) 1
(3,44) (4,44) 1
(4,44) (3,44) 1
(4,44) (5,44) 1
(5,44) (4,44) 1
(5,44) (6,44) 1
(6,44) (5,44) 1
(6,44) (7,44) 1
(7,44) (6,44) 1
(7,44) (8,44) 1
(8,44) (7,44) 1
(8,44) (9,44) 1
(9,44) (8,44) 1
(9,44) (10,44) 1
(10,44) (9,44) 1
(1,45) (2,45) 1
(2,45) (1,45) 1
(2,45) (3,45) 1
(3,45) (2,45) 1
(3,45) (4,45) 1
(4,45) (3,45) 1
(4,45) (5,45) 1
(5,45) (4,45) 1
(5,45) (6,45) 1
(6,45) (5,45) 1
(6,45) (7,45) 1
(7,45) (6,45) 1
(7,45) (8,45) 1
(8,45) (7,45) 1
(8,45) (9,45) 1
(9,45) (8,45) 1
(9,45) (10,45) 1
(10,45) (9,45) 1
(1,46) (2,46) 1
(2,46) (1,46) 1
(2,46) (3,46) 1
(3,46) (2,46) 1
(3,46) (4,46) 1
(4,46) (3,46) 1
(4,46) (5,46) 1
(5,46) (4,46) 1
(5,46) (6,46) 1
(6,46) (5,46) 1
(6,46) (7,46) 1
(7,46) (6,46) 1
(7,46) (8,46) 1
(8,46) (7,46) 1
(8,46) (9,46) 1
(9,46) (8,46) 1
(9,46) (10,46) 1
(10,46) (9,46) 1
(1,47) (2,47) 1
(2,47) (1,47) 1
(2,47) (3,47) 1
(3,47) (2,47) 1
(3,47) (4,47) 1
(4,47) (3,47) 1
(4,47) (5,47) 1
(5,47) (4,47) 1
(5,47) (6,47) 1
(6,47) (5,47) 1
(6,47) (7,47) 1
(7,47) (6,47) 1
(7,47) (8,47) 1
(8,47) (7,47) 1
(8,47) (9,47) 1
(9,47) (8,47) 1
(9,47) (10,47) 1
(10,47) (9,47) 1
(1,48) (2,48) 1
(2,48) (1,48) 1
(2,48) (3,48) 1
(3,48) (2,48) 1
(3,48) (4,48) 1
(4,48) (3,48) 1
(4,48) (5,48) 1
(5,48) (4,48) 1
(5,48) (6,48) 1
(6,48) (5,48) 1
(6,48) (7,48) 1
(7,48) (6,48) 1
(7,48) (8,48) 1
(8,48) (7,48) 1
(8,48) (9,48) 1
(9,48) (8,48) 1
(9,48) (10,48) 1
(10,48) (9,48) 1
(1,49) (2,49) 1
(2,49) (1,49) 1
(2,49) (3,49) 1
(3,49) (2,49) 1
(3,49) (4,49) 1
(4,49) (3,49) 1
(4,49) (5,49) 1
(5,49) (4,49) 1
(5,49) (6,49) 1
(6,49) (5,49) 1
(6,49) (7,49) 1
(7,49) (6,49) 1
(7,49) (8,49) 1
(8,49) (7,49) 1
(8,49) (9,49) 1
(9,49) (8,49) 1
(9,49) (10,49) 1
(10,49) (9,49) 1
(1,50) (2,50) 1
(2,50) (1,50) 1
(2,50) (3,50) 1
(3,50) (2,50) 1
(3,50) (4,50) 1
(4,50) (3,50) 1
(4,50) (5,50) 1
(5,50) (4,50) 1
(5,50) (6,50) 1
(6,50) (5,50) 1
(6,50) (7,50) 1
(7,50) (6,50) 1
(7,50) (8,50) 1
(8,50) (7,50) 1
(8,50) (9,50) 1
(9,50) (8,50) 1
(9,50) (10,50) 1
(10,50) (9,50) 1
(1,51) (2,51) 1
(2,51) (1,51) 1
(2,51) (3,51) 1
(3,51) (2,51) 1
(3,51) (4,51) 1
(4,51) (3,51) 1
(4,51) (5,51) 1
(5,51) (4,51) 1
(5,51) (6,51) 1
(6,51) (5,51) 1
(6,51) (7,51) 1
(7,51) (6,51) 1
(7,51) (8,51) 1
(8,51) (7,51) 1
(8,51) (9,51) 1
(9,51) (8,51) 1
(9,51) (10,51) 1
(10,51) (9,51) 1
(1,52) (2,52) 1
(2,52) (1,52) 1
(2,52) (3,52) 1
(3,52) (2,52) 1
(3,52) (4,52) 1
(4,52) (3,52) 1
(4,52) (5,52) 1
(5,52) (4,52) 1
(5,52) (6,52) 1
(6,52) (5,52) 1
(6,52) (7,52) 1
(7,52) (6,52) 1
(7,52) (8,52) 1
(8,52) (7,52) 1
(8,52) (9,52) 1
(9,52) (8,52) 1
(9,52) (10,52) 1
(10,52) (9,52) 1
(1,53) (2,53) 1
(2,53) (1,53) 1
(2,53) (3,53) 1
(3,53) (2,53) 1
(3,53) (4,53) 1
(4,53) (3,53) 1
(4,53) (5,53) 1
(5,53) (4,53) 1
(5,53) (6,53) 1
(6,53) (5,53) 1
(6,53) (7,53) 1
(7,53) (6,53) 1
(7,53) (8,53) 1
(8,53) (7,53) 1
(8,53) (9,53) 1
(9,53) (8,53) 1
(9,53) (10,53) 1
(10,53) (9,53) 1
(1,54) (2,54) 1
(2,54) (1,54) 1
(2,54) (3,54) 1
(3,54) (2,54) 1
(3,54) (4,54) 1
(4,54) (3,54) 1
(4,54) (5,54) 1
(5,54) (4,54) 1
(5,54) (6,54) 1
(6,54) (5,54) 1
(6,54) (7,54) 1
(7,54) (6,54) 1
(7,54) (8,54) 1
(8,54) (7,54) 1
(8,54) (9,54) 1
(9,54) (8,54) 1
(9,54) (10,54) 1
(10,54) (9,54) 1
(1,55) (2,55) 1
(2,55) (1,55) 1
(2,55) (3,55) 1
(3,55) (2,55) 1
(3,55) (4,55) 1
(4,55) (3,55) 1
(4,55) (5,55) 1
(5,55) (4,55) 1
(5,55) (6,55) 1
(6,55) (5,55) 1
(6,55) (7,55) 1
(7,55) (6,55) 1
(7,55) (8,55) 1
(8,55) (7,55) 1
(8,55) (9,55) 1
(9,55) (8,55) 1
(9,55) (10,55) 1
(10,55) (9,55) 1
(1,56) (2,56) 1
(2,56) (1,56) 1
(2,56) (3,56) 1
(3,56) (2,56) 1
(3,56) (4,56) 1
(4,56) (3,56) 1
(4,56) (5,56) 1
(5,56) (4,56) 1
(5,56) (6,56) 1
(6,56) (5,56) 1
(6,56) (7,56) 1
(7,56) (6,56) 1
(7,56) (8,56) 1
(8,56) (7,56) 1
(8,56) (9,56) 1
(9,56) (8,56) 1
(9,56) (10,56) 1
(10,56) (9,56) 1
(1,57) (2,57) 1
(2,57) (1,57) 1
(2,57) (3,57) 1
(3,57) (2,57) 1
(3,57) (4,57) 1
(4,57) (3,57) 1
(4,57) (5,57) 1
(5,57) (4,57) 1
(5,57) (6,57) 1
(6,57) (5,57) 1
(6,57) (7,57) 1
(7,57) (6,57) 1
(7,57) (8,57) 1
(8,57) (7,57) 1
(8,57) (9,57) 1
(9,57) (8,57) 1
(9,57) (10,57) 1
(10,57) (9,57) 1
(1,58) (2,58) 1
(2,58) (1,58) 1
(2,58) (3,58) 1
(3,58) (2,58) 1
(3,58) (4,58) 1
(4,58) (3,58) 1
(4,58) (5,58) 1
(5,58) (4,58) 1
(5,58) (6,58) 1
(6,58) (5,58) 1
(6,58) (7,58) 1
(7,58) (6,58) 1
(7,58) (8,58) 1
(8,58) (7,58) 1
(8,58) (9,58) 1
(9,58) (8,58) 1
(9,58) (10,58) 1
(10,58) (9,58) 1
(1,59) (2,59) 1
(2,59) (1,59) 1
(2,59) (3,59) 1
(3,59) (2,59) 1
(3,59) (4,59) 1
(4,59) (3,59) 1
(4,59) (5,59) 1
(5,59) (4,59) 1
(5,59) (6,59) 1
(6,59) (5,59) 1
(6,59) (7,59) 1
(7,59) (6,59) 1
(7,59) (8,59) 1
(8,59) (7,59) 1
(8,59) (9,59) 1
(9,59) (8,59) 1
(9,59) (10,59) 1
(10,59) (9,59) 1
(1,60) (2,60) 1
(2,60) (1,60) 1
(2,60) (3,60) 1
(3,60) (2,60) 1
(3,60) (4,60) 1
(4,60) (3,60) 1
(4,60) (5,60) 1
(5,60) (4,60) 1
(5,60) (6,60) 1
(6,60) (5,60) 1
(6,60) (7,60) 1
(7,60) (6,60) 1
(7,60) (8,60) 1
(8,60) (7,60) 1
(8,60) (9,60) 1
(9,60) (8,60) 1
(9,60) (10,60) 1
(10,60) (9,60) 1
(1,61) (2,61) 1
(2,61) (1,61) 1
(2,61) (3,61) 1
(3,61) (2,61) 1
(3,61) (4,61) 1
(4,61) (3,61) 1
(4,61) (5,61) 1
(5,61) (4,61) 1
(5,61) (6,61) 1
(6,61) (5,61) 1
(6,61) (7,61) 1
(7,61) (6,61) 1
(7,61) (8,61) 1
(8,61) (7,61) 1
(8,61) (9,61) 1
(9,61) (8,61) 1
(9,61) (10,61) 1
(10,61) (9,61) 1
(1,62) (2,62) 1
(2,62) (1,62) 1
(2,62) (3,62) 1
(3,62) (2,62) 1
(3,62) (4,62) 1
(4,62) (3,62) 1
(4,62) (5,62) 1
(5,62) (4,62) 1
(5,62) (6,62) 1
(6,62) (5,62) 1
(6,62) (7,62) 1
(7,62) (6,62) 1
(7,62) (8,62) 1
(8,62) (7,62) 1
(8,62) (9,62) 1
(9,62) (8,62) 1
(9,62) (10,62) 1
(10,62) (9,62) 1
(1,63) (2,63) 1
(2,63) (1,63) 1
(2,63) (3,63) 1
(3,63) (2,63) 1
(3,63) (4,63) 1
(4,63) (3,63) 1
(4,63) (5,63) 1
(5,63) (4,63) 1
(5,63) (6,63) 1
(6,63) (5,63) 1
(6,63) (7,63) 1
(7,63) (6,63) 1
(7,63) (8,63) 1
(8,63) (7,63) 1
(8,63) (9,63) 1
(9,63) (8,63) 1
(9,63) (10,63) 1
(10,63) (9,63) 1
(1,64) (2,64) 1
(2,64) (1,64) 1
(2,64) (3,64) 1
(3,64) (2,64) 1
(3,64) (4,64) 1
(4,64) (3,64) 1
(4,64) (5,64) 1
(5,64) (4,64) 1
(5,64) (6,64) 1
(6,64) (5,64) 1
(6,64) (7,64) 1
(7,64) (6,64) 1
(7,64) (8,64) 1
(8,64) (7,64) 1
(8,64) (9,64) 1
(9,64) (8,64) 1
(9,64) (10,64) 1
(10,64) (9,64) 1
(1,65) (2,65) 1
(2,65) (1,65) 1
(2,65) (3,65) 1
(3,65) (2,65) 1
(3,65) (4,65) 1
(4,65) (3,65) 1
(4,65) (5,65) 1
(5,65) (4,65) 1
(5,65) (6,65) 1
(6,65) (5,65) 1
(6,65) (7,65) 1
(7,65) (6,65) 1
(7,65) (8,65) 1
(8,65) (7,65) 1
(8,65) (9,65) 1
(9,65) (8,65) 1
(9,65) (10,65) 1
(10,65) (9,65) 1
(1,66) (2,66) 1
(2,66) (1,66) 1
(2,66) (3,66) 1
(3,66) (2,66) 1
(3,66) (4,66) 1
(4,66) (3,66) 1
(4,66) (5,66) 1
(5,66) (4,66) 1
(5,66) (6,66) 1
(6,66) (5,66) 1
(6,66) (7,66) 1
(7,66) (6,66) 1
(7,66) (8,66) 1
(8,66) (7,66) 1
(8,66) (9,66) 1
(9,66) (8,66) 1
(9,66) (10,66) 1
(10,66) (9,66) 1
(1,67) (2,67) 1
(2,67) (1,67) 1
(2,67) (3,67) 1
(3,67) (2,67) 1
(3,67) (4,67) 1
(4,67) (3,67) 1
(4,67) (5,67) 1
(5,67) (4,67) 1
(5,67) (6,67) 1
(6,67) (5,67) 1
(6,67) (7,67) 1
(7,67) (6,67) 1
(7,67) (8,67) 1
(8,67) (7,67) 1
(8,67) (9,67) 1
(9,67) (8,67) 1
(9,67) (10,67) 1
(10,67) (9,67) 1
(1,68) (2,68) 1
(2,68) (1,68) 1
(2,68) (3,68) 1
(3,68) (2,68) 1
(3,68) (4,68) 1
(4,68) (3,68) 1
(4,68) (5,68) 1
(5,68) (4,68) 1
(5,68) (6,68) 1
(6,68) (5,68) 1
(6,68) (7,68) 1
(7,68) (6,68) 1
(7,68) (8,68) 1
(8,68) (7,68) 1
(8,68) (9,68) 1
(9,68) (8,68) 1
(9,68) (10,68) 1
(10,68) (9,68) 1
(1,69) (2,69) 1
(2,69) (1,69) 1
(2,69) (3,69) 1
(3,69) (2,69) 1
(3,69) (4,69) 1
(4,69) (3,69) 1
(4,69) (5,69) 1
(5,69) (4,69) 1
(5,69) (6,69) 1
(6,69) (5,69) 1
(6,69) (7,69) 1
(7,69) (6,69) 1
(7,69) (8,69) 1
(8,69) (7,69) 1
(8,69) (9,69) 1
(9,69) (8,69) 1
(9,69) (10,69) 1
(10,69) (9,69) 1
(1,70) (2,70) 1
(2,70) (1,70) 1
(2,70) (3,70) 1
(3,70) (2,70) 1
(3,70) (4,70) 1
(4,70) (3,70) 1
(4,70) (5,70) 1
(5,70) (4,70) 1
(5,70) (6,70) 1
(6,70) (5,70) 1
(6,70) (7,70) 1
(7,70) (6,70) 1
(7,70) (8,70) 1
(8,70) (7,70) 1
(8,70) (9,70) 1
(9,70) (8,70) 1
(9,70) (10,70) 1
(10,70) (9,70) 1
(1,71) (2,71) 1
(2,71) (1,71) 1
(2,71) (3,71) 1
(3,71) (2,71) 1
(3,71) (4,71) 1
(4,71) (3,71) 1
(4,71) (5,71) 1
(5,71) (4,71) 1
(5,71) (6,71) 1
(6,71) (5,71) 1
(6,71) (7,71) 1
(7,71) (6,71) 1
(7,71) (8,71) 1
(8,71) (7,71) 1
(8,71) (9,71) 1
(9,71) (8,71) 1
(9,71) (10,71) 1
(10,71) (9,71) 1
(1,72) (2,72) 1
(2,72) (1,72) 1
(2,72) (3,72) 1
(3,72) (2,72) 1
(3,72) (4,72) 1
(4,72) (3,72) 1
(4,72) (5,72) 1
(5,72) (4,72) 1
(5,72) (6,72) 1
(6,72) (5,72) 1
(6,72) (7,72) 1
(7,72) (6,72) 1
(7,72) (8,72) 1
(8,72) (7,72) 1
(8,72) (9,72) 1
(9,72) (8,72) 1
(9,72) (10,72) 1
(10,72) (9,72) 1
(1,73) (2,73) 1
(2,73) (1,73) 1
(2,73) (3,73) 1
(3,73) (2,73) 1
(3,73) (4,73) 1
(4,73) (3,73) 1
(4,73) (5,73) 1
(5,73) (4,73) 1
(5,73) (6,73) 1
(6,73) (5,73) 1
(6,73) (7,73) 1
(7,73) (6,73) 1
(7,73) (8,73) 1
(8,73) (7,73) 1
(8,73) (9,73) 1
(9,73) (8,73) 1
(9,73) (10,73) 1
(10,73) (9,73) 1
(1,74) (2,74) 1
(2,74) (1,74) 1
(2,74) (3,74) 1
(3,74) (2,74) 1
(3,74) (4,74) 1
(4,74) (3,74) 1
(4,74) (5,74) 1
(5,74) (4,74) 1
(5,74) (6,74) 1
(6,74) (5,74) 1
(6,74) (7,74) 1
(7,74) (6,74) 1
(7,74) (8,74) 1
(8,74) (7,74) 1
(8,74) (9,74) 1
(9,74) (8,74) 1
(9,74) (10,74) 1
(10,74) (9,74) 1
(1,75) (2,75) 1
(2,75) (1,75) 1
(2,75) (3,75) 1
(3,75) (2,75) 1
(3,75) (4,75) 1
(4,75) (3,75) 1
(4,75) (5,75) 1
(5,75) (4,75) 1
(5,75) (6,75) 1
(6,75) (5,75) 1
(6,75) (7,75) 1
(7,75) (6,75) 1
(7,75) (8,75) 1
(8,75) (7,75) 1
(8,75) (9,75) 1
(9,75) (8,75) 1
(9,75) (10,75) 1
(10,75) (9,75) 1
(1,76) (2,76) 1
(2,76) (1,76) 1
(2,76) (3,76) 1
(3,76) (2,76) 1
(3,76) (4,76) 1
(4,76) (3,76) 1
(4,76) (5,76) 1
(5,76) (4,76) 1
(5,76) (6,76) 1
(6,76) (5,76) 1
(6,76) (7,76) 1
(7,76) (6,76) 1
(7,76) (8,76) 1
(8,76) (7,76) 1
(8,76) (9,76) 1
(9,76) (8,76) 1
(9,76) (10,76) 1
(10,76) (9,76) 1
(1,77) (2,77) 1
(2,77) (1,77) 1
(2,77) (3,77) 1
(3,77) (2,77) 1
(3,77) (4,77) 1
(4,77) (3,77) 1
(4,77) (5,77) 1
(5,77) (4,77) 1
(5,77) (6,77) 1
(6,77) (5,77) 1
(6,77) (7,77) 1
(7,77) (6,77) 1
(7,77) (8,77) 1
(8,77) (7,77) 1
(8,77) (9,77) 1
(9,77) (8,77) 1
(9,77) (10,77) 1
(10,77) (9,77) 1
(1,78) (2,78) 1
(2,78) (1,78) 1
(2,78) (3,78) 1
(3,78) (2,78) 1
(3,78) (4,78) 1
(4,78) (3,78) 1
(4,78) (5,78) 1
(5,78) (4,78) 1
(5,78) (6,78) 1
(6,78) (5,78) 1
(6,78) (7,78) 1
(7,78) (6,78) 1
(7,78) (8,78) 1
(8,78) (7,78) 1
(8,78) (9,78) 1
(9,78) (8,78) 1
(9,78) (10,78) 1
(10,78) (9,78) 1
(1,79) (2,79) 1
(2,79) (1,79) 1
(2,79) (3,79) 1
(3,79) (2,79) 1
(3,79) (4,79) 1
(4,79) (3,79) 1
(4,79) (5,79) 1
(5,79) (4,79) 1
(5,79) (6,79) 1
(6,79) (5,79) 1
(6,79) (7,79) 1
(7,79) (6,79) 1
(7,79) (8,79) 1
(8,79) (7,79) 1
(8,79) (9,79) 1
(9,79) (8,79) 1
(9,79) (10,79) 1
(10,79) (9,79) 1
(1,80) (2,80) 1
(2,80) (1,80) 1
(2,80) (3,80) 1
(3,80) (2,80) 1
(3,80) (4,80) 1
(4,80) (3,80) 1
(4,80) (5,80) 1
(5,80) (4,80) 1
(5,80) (6,80) 1
(6,80) (5,80) 1
(6,80) (7,80) 1
(7,80) (6,80) 1
(7,80) (8,80) 1
(8,80) (7,80) 1
(8,80) (9,80) 1
(9,80) (8,80) 1
(9,80) (10,80) 1
(10,80) (9,80) 1
(1,81) (2,81) 1
(2,81) (1,81) 1
(2,81) (3,81) 1
(3,81) (2,81) 1
(3,81) (4,81) 1
(4,81) (3,81) 1
(4,81) (5,81) 1
(5,81) (4,81) 1
(5,81) (6,81) 1
(6,81) (5,81) 1
(6,81) (7,81) 1
(7,81) (6,81) 1
(7,81) (8,81) 1
(8,81) (7,81) 1
(8,81) (9,81) 1
(9,81) (8,81) 1
(9,81) (10,81) 1
(10,81) (9,81) 1
(1,82) (2,82) 1
(2,82) (1,82) 1
(2,82) (3,82) 1
(3,82) (2,82) 1
(3,82) (4,82) 1
(4,82) (3,82) 1
(4,82) (5,82) 1
(5,82) (4,82) 1
(5,82) (6,82) 1
(6,82) (5,82) 1
(6,82) (7,82) 1
(7,82) (6,82) 1
(7,82) (8,82) 1
(8,82) (7,82) 1
(8,82) (9,82) 1
(9,82) (8,82) 1
(9,82) (10,82) 1
(10,82) (9,82) 1
(1,83) (2,83) 1
(2,83) (1,83) 1
(2,83) (3,83) 1
(3,83) (2,83) 1
(3,83) (4,83) 1
(4,83) (3,83) 1
(4,83) (5,83) 1
(5,83) (4,83) 1
(5,83) (6,83) 1
(6,83) (5,83) 1
(6,83) (7,83) 1
(7,83) (6,83) 1
(7,83) (8,83) 1
(8,83) (7,83) 1
(8,83) (9,83) 1
(9,83) (8,83) 1
(9,83) (10,83) 1
(10,83) (9,83) 1
(1,84) (2,84) 1
(2,84) (1,84) 1
(2,84) (3,84) 1
(3,84) (2,84) 1
(3,84) (4,84) 1
(4,84) (3,84) 1
(4,84) (5,84) 1
(5,84) (4,84) 1
(5,84) (6,84) 1
(6,84) (5,84) 1
(6,84) (7,84) 1
(7,84) (6,84) 1
(7,84) (8,84) 1
(8,84) (7,84) 1
(8,84) (9,84) 1
(9,84) (8,84) 1
(9,84) (10,84) 1
(10,84) (9,84) 1
(1,85) (2,85) 1
(2,85) (1,85) 1
(2,85) (3,85) 1
(3,85) (2,85) 1
(3,85) (4,85) 1
(4,85) (3,85) 1
(4,85) (5,85) 1
(5,85) (4,85) 1
(5,85) (6,85) 1
(6,85) (5,85) 1
(6,85) (7,85) 1
(7,85) (6,85) 1
(7,85) (8,85) 1
(8,85) (7,85) 1
(8,85) (9,85) 1
(9,85) (8,85) 1
(9,85) (10,85) 1
(10,85) (9,85) 1
(1,86) (2,86) 1
(2,86) (1,86) 1
(2,86) (3,86) 1
(3,86) (2,86) 1
(3,86) (4,86) 1
(4,86) (3,86) 1
(4,86) (5,86) 1
(5,86) (4,86) 1
(5,86) (6,86) 1
(6,86) (5,86) 1
(6,86) (7,86) 1
(7,86) (6,86) 1
(7,86) (8,86) 1
(8,86) (7,86) 1
(8,86) (9,86) 1
(9,86) (8,86) 1
(9,86) (10,86) 1
(10,86) (9,86) 1
(1,87) (2,87) 1
(2,87) (1,87) 1
(2,87) (3,87) 1
(3,87) (2,87) 1
(3,87) (4,87) 1
(4,87) (3,87) 1
(4,87) (5,87) 1
(5,87) (4,87) 1
(5,87) (6,87) 1
(6,87) (5,87) 1
(6,87) (7,87) 1
(7,87) (6,87) 1
(7,87) (8,87) 1
(8,87) (7,87) 1
(8,87) (9,87) 1
(9,87) (8,87) 1
(9,87) (10,87) 1
(10,87) (9,87) 1
(1,88) (2,88) 1
(2,88) (1,88) 1
(2,88) (3,88) 1
(3,88) (2,88) 1
(3,88) (4,88) 1
(4,88) (3,88) 1
(4,88) (5,88) 1
(5,88) (4,88) 1
(5,88) (6,88) 1
(6,88) (5,88) 1
(6,88) (7,88) 1
(7,88) (6,88) 1
(7,88) (8,88) 1
(8,88) (7,88) 1
(8,88) (9,88) 1
(9,88) (8,88) 1
(9,88) (10,88) 1
(10,88) (9,88) 1
(1,89) (2,89) 1
(2,89) (1,89) 1
(2,89) (3,89) 1
(3,89) (2,89) 1
(3,89) (4,89) 1
(4,89) (3,89) 1
(4,89) (5,89) 1
(5,89) (4,89) 1
(5,89) (6,89) 1
(6,89) (5,89) 1
(6,89) (7,89) 1
(7,89) (6,89) 1
(7,89) (8,89) 1
(8,89) (7,89) 1
(8,89) (9,89) 1
(9,89) (8,89) 1
(9,89) (10,89) 1
(10,89) (9,89) 1
(1,90) (2,90) 1
(2,90) (1,90) 1
(2,90) (3,90) 1
(3,90) (2,90) 1
(3,90) (4,90) 1
(4,90) (3,90) 1
(4,90) (5,90) 1
(5,90) (4,90) 1
(5,90) (6,90) 1
(6,90) (5,90) 1
(6,90) (7,90) 1
(7,90) (6,90) 1
(7,90) (8,90) 1
(8,90) (7,90) 1
(8,90) (9,90) 1
(9,90) (8,90) 1
(9,90) (10,90) 1
(10,90) (9,90) 1
(1,91) (2,91) 1
(2,91) (1,91) 1
(2,91) (3,91) 1
(3,91) (2,91) 1
(3,91) (4,91) 1
(4,91) (3,91) 1
(4,91) (5,91) 1
(5,91) (4,91) 1
(5,91) (6,91) 1
(6,91) (5,91) 1
(6,91) (7,91) 1
(7,91) (6,91) 1
(7,91) (8,91) 1
(8,91) (7,91) 1
(8,91) (9,91) 1
(9,91) (8,91) 1
(9,91) (10,91) 1
(10,91) (9,91) 1
(1,92) (2,92) 1
(2,92) (1,92) 1
(2,92) (3,92) 1
(3,92) (2,92) 1
(3,92) (4,92) 1
(4,92) (3,92) 1
(4,92) (5,92) 1
(5,92) (4,92) 1
(5,92) (6,92) 1
(6,92) (5,92) 1
(6,92) (7,92) 1
(7,92) (6,92) 1
(7,92) (8,92) 1
(8,92) (7,92) 1
(8,92) (9,92) 1
(9,92) (8,92) 1
(9,92) (10,92) 1
(10,92) (9,92) 1
(1,93) (2,93) 1
(2,93) (1,93) 1
(2,93) (3,93) 1
(3,93) (2,93) 1
(3,93) (4,93) 1
(4,93) (3,93) 1
(4,93) (5,93) 1
(5,93) (4,93) 1
(5,93) (6,93) 1
(6,93) (5,93) 1
(6,93) (7,93) 1
(7,93) (6,93) 1
(7,93) (8,93) 1
(8,93) (7,93) 1
(8,93) (9,93) 1
(9,93) (8,93) 1
(9,93) (10,93) 1
(10,93) (9,93) 1
(1,94) (2,94) 1
(2,94) (1,94) 1
(2,94) (3,94) 1
(3,94) (2,94) 1
(3,94) (4,94) 1
(4,94) (3,94) 1
(4,94) (5,94) 1
(5,94) (4,94) 1
(5,94) (6,94) 1
(6,94) (5,94) 1
(6,94) (7,94) 1
(7,94) (6,94) 1
(7,94) (8,94) 1
(8,94) (7,94) 1
(8,94) (9,94) 1
(9,94) (8,94) 1
(9,94) (10,94) 1
(10,94) (9,94) 1
(1,95) (2,95) 1
(2,95) (1,95) 1
(2,95) (3,95) 1
(3,95) (2,95) 1
(3,95) (4,95) 1
(4,95) (3,95) 1
(4,95) (5,95) 1
(5,95) (4,95) 1
(5,95) (6,95) 1
(6,95) (5,95) 1
(6,95) (7,95) 1
(7,95) (6,95) 1
(7,95) (8,95) 1
(8,95) (7,95) 1
(8,95) (9,95) 1
(9,95) (8,95) 1
(9,95) (10,95) 1
(10,95) (9,95) 1
(1,96) (2,96) 1
(2,96) (1,96) 1
(2,96) (3,96) 1
(3,96) (2,96) 1
(3,96) (4,96) 1
(4,96) (3,96) 1
(4,96) (5,96) 1
(5,96) (4,96) 1
(5,96) (6,96) 1
(6,96) (5,96) 1
(6,96) (7,96) 1
(7,96) (6,96) 1
(7,96) (8,96) 1
(8,96) (7,96) 1
(8,96) (9,96) 1
(9,96) (8,96) 1
(9,96) (10,96) 1
(10,96) (9,96) 1
(1,97) (2,97) 1
(2,97) (1,97) 1
(2,97) (3,97) 1
(3,97) (2,97) 1
(3,97) (4,97) 1
(4,97) (3,97) 1
(4,97) (5,97) 1
(5,97) (4,97) 1
(5,97) (6,97) 1
(6,97) (5,97) 1
(6,97) (7,97) 1
(7,97) (6,97) 1
(7,97) (8,97) 1
(8,97) (7,97) 1
(8,97) (9,97) 1
(9,97) (8,97) 1
(9,97) (10,97) 1
(10,97) (9,97) 1
(1,98) (2,98) 1
(2,98) (1,98) 1
(2,98) (3,98) 1
(3,98) (2,98) 1
(3,98) (4,98) 1
(4,98) (3,98) 1
(4,98) (5,98) 1
(5,98) (4,98) 1
(5,98) (6,98) 1
(6,98) (5,98) 1
(6,98) (7,98) 1
(7,98) (6,98) 1
(7,98) (8,98) 1
(8,98) (7,98) 1
(8,98) (9,98) 1
(9,98) (8,98) 1
(9,98) (10,98) 1
(10,98) (9,98) 1
(1,99) (2,99) 1
(2,99) (1,99) 1
(2,99) (3,99) 1
(3,99) (2,99) 1
(3,99) (4,99) 1
(4,99) (3,99) 1
(4,99) (5,99) 1
(5,99) (4,99) 1
(5,99) (6,99) 1
(6,99) (5,99) 1
(6,99) (7,99) 1
(7,99) (6,99) 1
(7,99) (8,99) 1
(8,99) (7,99) 1
(8,99) (9,99) 1
(9,99) (8,99) 1
(9,99) (10,99) 1
(10,99) (9,99) 1
(1,100) (2,100) 1
(2,100) (1,100) 1
(2,100) (3,100) 1
(3,100) (2,100) 1
(3,100) (4,100) 1
(4,100) (3,100) 1
(4,100) (5,100) 1
(5,100) (4,100) 1
(5,100) (6,100) 1
(6,100) (5,100) 1
(6,100) (7,100) 1
(7,100) (6,100) 1
(7,100) (8,100) 1
(8,100) (7,100) 1
(8,100) (9,100) 1
(9,100) (8,100) 1
(9,100) (10,100) 1
(10,100) (9,100) 1
(1,100) t 1
(2,100) t 1
(3,100) t 1
(4,100) t 1
(5,100) t 1
(6,100) t 1
(7,100) t 1
(8,100) t 1
(9,100) t 1
(10,100) t 1
