s (1,1) 97
s (2,1) 69
s (3,1) 47
s (4,1) 81
s (5,1) 69
s (6,1) 92
s (7,1) 15
s (8,1) 46
s (9,1) 20
s (10,1) 71
(1,1) (1,2) 85
(2,1) (2,2) 73
(3,1) (3,2) 44
(4,1) (4,2) 62
(5,1) (5,2) 21
(6,1) (6,2) 94
(7,1) (7,2) 65
(8,1) (8,2) 10
(9,1) (9,2) 17
(10,1) (10,2) 16
(1,2) (1,3) 56
(2,2) (2,3) 80
(3,2) (3,3) 55
(4,2) (4,3) 89
(5,2) (5,3) 91
(6,2) (6,3) 96
(7,2) (7,3) 67
(8,2) (8,3) 16
(9,2) (9,3) 2
(10,2) (10,3) 33
(1,3) (1,4) 40
(2,3) (2,4) 48
(3,3) (3,4) 40
(4,3) (4,4) 34
(5,3) (5,4) 92
(6,3) (6,4) 17
(7,3) (7,4) 88
(8,3) (8,4) 62
(9,3) (9,4) 40
(10,3) (10,4) 79
(1,4) (1,5) 47
(2,4) (2,5) 57
(3,4) (3,5) 15
(4,4) (4,5) 35
(5,4) (5,5) 47
(6,4) (6,5) 48
(7,4) (7,5) 20
(8,4) (8,5) 52
(9,4) (9,5) 39
(10,4) (10,5) 8
(1,5) (1,6) 38
(2,5) (2,6) 59
(3,5) (3,6) 98
(4,5) (4,6) 98
(5,5) (5,6) 55
(6,5) (6,6) 2
(7,5) (7,6) 94
(8,5) (8,6) 78
(9,5) (9,6) 81
(10,5) (10,6) 77
(1,6) (1,7) 52
(2,6) (2,7) 2
(3,6) (3,7) 45
(4,6) (4,7) 3
(5,6) (5,7) 22
(6,6) (6,7) 21
(7,6) (7,7) 43
(8,6) (8,7) 14
(9,6) (9,7) 78
(10,6) (10,7) 82
(1,7) (1,8) 12
(2,7) (2,8) 76
(3,7) (3,8) 75
(4,7) (4,8) 91
(5,7) (5,8) 99
(6,7) (6,8) 58
(7,7) (7,8) 71
(8,7) (8,8) 44
(9,7) (9,8) 66
(10,7) (10,8) 5
(1,8) (1,9) 54
(2,8) (2,9) 30
(3,8) (3,9) 24
(4,8) (4,9) 87
(5,8) (5,9) 17
(6,8) (6,9) 4
(7,8) (7,9) 40
(8,8) (8,9) 4
(9,8) (9,9) 51
(10,8) (10,9) 37
(1,9) (1,10) 53
(2,9) (2,10) 63
(3,9) (3,10) 82
(4,9) (4,10) 98
(5,9) (5,10) 21
(6,9) (6,10) 56
(7,9) (7,10) 11
(8,9) (8,10) 19
(9,9) (9,10) 25
(10,9) (10,10) 52
(1,10) (1,11) 7
(2,10) (2,11) 42
(3,10) (3,11) 83
(4,10) (4,11) 100
(5,10) (5,11) 14
(6,10) (6,11) 61
(7,10) (7,11) 71
(8,10) (8,11) 35
(9,10) (9,11) 79
(10,10) (10,11) 26
(1,11) (1,12) 44
(2,11) (2,12) 79
(3,11) (3,12) 26
(4,11) (4,12) 48
(5,11) (5,12) 94
(6,11) (6,12) 79
(7,11) (7,12) 66
(8,11) (8,12) 40
(9,11) (9,12) 21
(10,11) (10,12) 42
(1,12) (1,13) 2
(2,12) (2,13) 94
(3,12) (3,13) 66
(4,12) (4,13) 80
(5,12) (5,13) 98
(6,12) (6,13) 2
(7,12) (7,13) 70
(8,12) (8,13) 68
(9,12) (9,13) 47
(10,12) (10,13) 100
(1,13) (1,14) 85
(2,13) (2,14) 50
(3,13) (3,14) 12
(4,13) (4,14) 64
(5,13) (5,14) 68
(6,13) (6,14) 23
(7,13) (7,14) 2
(8,13) (8,14) 18
(9,13) (9,14) 18
(10,13) (10,14) 77
(1,14) (1,15) 23
(2,14) (2,15) 58
(3,14) (3,15) 25
(4,14) (4,15) 5
(5,14) (5,15) 19
(6,14) (6,15) 19
(7,14) (7,15) 21
(8,14) (8,15) 69
(9,14) (9,15) 56
(10,14) (10,15) 32
(1,15) (1,16) 4
(2,15) (2,16) 71
(3,15) (3,16) 83
(4,15) (4,16) 56
(5,15) (5,16) 52
(6,15) (6,16) 49
(7,15) (7,16) 12
(8,15) (8,16) 95
(9,15) (9,16) 66
(10,15) (10,16) 29
(1,16) (1,17) 90
(2,16) (2,17) 82
(3,16) (3,17) 59
(4,16) (4,17) 9
(5,16) (5,17) 25
(6,16) (6,17) 38
(7,16) (7,17) 52
(8,16) (8,17) 53
(9,16) (9,17) 41
(10,16) (10,17) 38
(1,17) (1,18) 76
(2,17) (2,18) 90
(3,17) (3,18) 4
(4,17) (4,18) 3
(5,17) (5,18) 63
(6,17) (6,18) 55
(7,17) (7,18) 57
(8,17) (8,18) 67
(9,17) (9,18) 76
(10,17) (10,18) 45
(1,18) (1,19) 12
(2,18) (2,19) 46
(3,18) (3,19) 71
(4,18) (4,19) 40
(5,18) (5,19) 22
(6,18) (6,19) 39
(7,18) (7,19) 39
(8,18) (8,19) 93
(9,18) (9,19) 21
(10,18) (10,19) 75
(1,19) (1,20) 50
(2,19) (2,20) 89
(3,19) (3,20) 53
(4,19) (4,20) 35
(5,19) (5,20) 11
(6,19) (6,20) 81
(7,19) (7,20) 97
(8,19) (8,20) 21
(9,19) (9,20) 35
(10,19) (10,20) 34
(1,20) (1,21) 65
(2,20) (2,21) 70
(3,20) (3,21) 54
(4,20) (4,21) 87
(5,20) (5,21) 2
(6,20) (6,21) 59
(7,20) (7,21) 88
(8,20) (8,21) 5
(9,20) (9,21) 49
(10,20) (10,21) 22
(1,21) (1,22) 87
(2,21) (2,22) 1
(3,21) (3,22) 5
(4,21) (4,22) 83
(5,21) (5,22) 3
(6,21) (6,22) 6
(7,21) (7,22) 71
(8,21) (8,22) 96
(9,21) (9,22) 8
(10,21) (10,22) 6
(1,22) (1,23) 60
(2,22) (2,23) 91
(3,22) (3,23) 81
(4,22) (4,23) 79
(5,22) (5,23) 78
(6,22) (6,23) 83
(7,22) (7,23) 50
(8,22) (8,23) 77
(9,22) (9,23) 81
(10,22) (10,23) 30
(1,23) (1,24) 5
(2,23) (2,24) 62
(3,23) (3,24) 33
(4,23) (4,24) 73
(5,23) (5,24) 91
(6,23) (6,24) 63
(7,23) (7,24) 8
(8,23) (8,24) 89
(9,23) (9,24) 81
(10,23) (10,24) 40
(1,24) (1,25) 17
(2,24) (2,25) 66
(3,24) (3,25) 58
(4,24) (4,25) 71
(5,24) (5,25) 48
(6,24) (6,25) 23
(7,24) (7,25) 7
(8,24) (8,25) 46
(9,24) (9,25) 34
(10,24) (10,25) 91
(1,25) (1,26) 98
(2,25) (2,26) 97
(3,25) (3,26) 94
(4,25) (4,26) 51
(5,25) (5,26) 34
(6,25) (6,26) 86
(7,25) (7,26) 22
(8,25) (8,26) 16
(9,25) (9,26) 35
(10,25) (10,26) 82
(1,26) (1,27) 44
(2,26) (2,27) 91
(3,26) (3,27) 94
(4,26) (4,27) 62
(5,26) (5,27) 92
(6,26) (6,27) 52
(7,26) (7,27) 43
(8,26) (8,27) 96
(9,26) (9,27) 63
(10,26) (10,27) 68
(1,27) (1,28) 86
(2,27) (2,28) 34
(3,27) (3,28) 94
(4,27) (4,28) 59
(5,27) (5,28) 70
(6,27) (6,28) 91
(7,27) (7,28) 85
(8,27) (8,28) 90
(9,27) (9,28) 13
(10,27) (10,28) 46
(1,28) (1,29) 63
(2,28) (2,29) 79
(3,28) (3,29) 66
(4,28) (4,29) 37
(5,28) (5,29) 87
(6,28) (6,29) 99
(7,28) (7,29) 96
(8,28) (8,29) 21
(9,28) (9,29) 73
(10,28) (10,29) 13
(1,29) (1,30) 38
(2,29) (2,30) 27
(3,29) (3,30) 47
(4,29) (4,30) 29
(5,29) (5,30) 17
(6,29) (6,30) 49
(7,29) (7,30) 88
(8,29) (8,30) 34
(9,29) (9,30) 70
(10,29) (10,30) 87
(1,30) (1,31) 34
(2,30) (2,31) 41
(3,30) (3,31) 67
(4,30) (4,31) 73
(5,30) (5,31) 60
(6,30) (6,31) 68
(7,30) (7,31) 26
(8,30) (8,31) 31
(9,30) (9,31) 55
(10,30) (10,31) 76
(1,31) (1,32) 95
(2,31) (2,32) 96
(3,31) (3,32) 27
(4,31) (4,32) 100
(5,31) (5,32) 66
(6,31) (6,32) 48
(7,31) (7,32) 74
(8,31) (8,32) 54
(9,31) (9,32) 28
(10,31) (10,32) 73
(1,32) (1,33) 12
(2,32) (2,33) 31
(3,32) (3,33) 16
(4,32) (4,33) 17
(5,32) (5,33) 9
(6,32) (6,33) 27
(7,32) (7,33) 95
(8,32) (8,33) 95
(9,32) (9,33) 24
(10,32) (10,33) 83
(1,33) (1,34) 49
(2,33) (2,34) 19
(3,33) (3,34) 82
(4,33) (4,34) 17
(5,33) (5,34) 95
(6,33) (6,34) 3
(7,33) (7,34) 12
(8,33) (8,34) 65
(9,33) (9,34) 26
(10,33) (10,34) 45
(1,34) (1,35) 74
(2,34) (2,35) 29
(3,34) (3,35) 10
(4,34) (4,35) 59
(5,34) (5,35) 36
(6,34) (6,35) 58
(7,34) (7,35) 16
(8,34) (8,35) 67
(9,34) (9,35) 87
(10,34) (10,35) 34
(1,35) (1,36) 42
(2,35) (2,36) 31
(3,35) (3,36) 93
(4,35) (4,36) 96
(5,35) (5,36) 24
(6,35) (6,36) 92
(7,35) (7,36) 31
(8,35) (8,36) 63
(9,35) (9,36) 92
(10,35) (10,36) 24
(1,36) (1,37) 23
(2,36) (2,37) 8
(3,36) (3,37) 3
(4,36) (4,37) 33
(5,36) (5,37) 90
(6,36) (6,37) 94
(7,36) (7,37) 80
(8,36) (8,37) 66
(9,36) (9,37) 8
(10,36) (10,37) 35
(1,37) (1,38) 54
(2,37) (2,38) 65
(3,37) (3,38) 11
(4,37) (4,38) 57
(5,37) (5,38) 6
(6,37) (6,38) 47
(7,37) (7,38) 83
(8,37) (8,38) 82
(9,37) (9,38) 19
(10,37) (10,38) 1
(1,38) (1,39) 95
(2,38) (2,39) 82
(3,38) (3,39) 77
(4,38) (4,39) 32
(5,38) (5,39) 77
(6,38) (6,39) 16
(7,38) (7,39) 94
(8,38) (8,39) 23
(9,38) (9,39) 8
(10,38) (10,39) 72
(1,39) (1,40) 64
(2,39) (2,40) 16
(3,39) (3,40) 43
(4,39) (4,40) 12
(5,39) (5,40) 60
(6,39) (6,40) 9
(7,39) (7,40) 43
(8,39) (8,40) 85
(9,39) (9,40) 80
(10,39) (10,40) 74
(1,40) (1,41) 18
(2,40) (2,41) 69
(3,40) (3,41) 35
(4,40) (4,41) 49
(5,40) (5,41) 30
(6,40) (6,41) 95
(7,40) (7,41) 42
(8,40) (8,41) 16
(9,40) (9,41) 52
(10,40) (10,41) 48
(1,41) (1,42) 20
(2,41) (2,42) 95
(3,41) (3,42) 62
(4,41) (4,42) 29
(5,41) (5,42) 75
(6,41) (6,42) 10
(7,41) (7,42) 13
(8,41) (8,42) 30
(9,41) (9,42) 10
(10,41) (10,42) 48
(1,42) (1,43) 53
(2,42) (2,43) 81
(3,42) (3,43) 10
(4,42) (4,43) 7
(5,42) (5,43) 91
(6,42) (6,43) 84
(7,42) (7,43) 93
(8,42) (8,43) 82
(9,42) (9,43) 56
(10,42) (10,43) 38
(1,43) (1,44) 55
(2,43) (2,44) 57
(3,43) (3,44) 68
(4,43) (4,44) 24
(5,43) (5,44) 48
(6,43) (6,44) 63
(7,43) (7,44) 54
(8,43) (8,44) 81
(9,43) (9,44) 40
(10,43) (10,44) 75
(1,44) (1,45) 36
(2,44) (2,45) 63
(3,44) (3,45) 77
(4,44) (4,45) 5
(5,44) (5,45) 83
(6,44) (6,45) 9
(7,44) (7,45) 50
(8,44) (8,45) 7
(9,44) (9,45) 11
(10,44) (10,45) 54
(1,45) (1,46) 37
(2,45) (2,46) 36
(3,45) (3,46) 1
(4,45) (4,46) 80
(5,45) (5,46) 19
(6,45) (6,46) 58
(7,45) (7,46) 95
(8,45) (8,46) 79
(9,45) (9,46) 85
(10,45) (10,46) 74
(1,46) (1,47) 74
(2,46) (2,47) 32
(3,46) (3,47) 23
(4,46) (4,47) 52
(5,46) (5,47) 60
(6,46) (6,47) 7
(7,46) (7,47) 65
(8,46) (8,47) 83
(9,46) (9,47) 72
(10,46) (10,47) 9
(1,47) (1,48) 90
(2,47) (2,48) 63
(3,47) (3,48) 17
(4,47) (4,48) 91
(5,47) (5,48) 64
(6,47) (6,48) 74
(7,47) (7,48) 74
(8,47) (8,48) 60
(9,47) (9,48) 75
(10,47) (10,48) 2
(1,48) (1,49) 61
(2,48) (2,49) 9
(3,48) (3,49) 54
(4,48) (4,49) 2
(5,48) (5,49) 33
(6,48) (6,49) 7
(7,48) (7,49) 3
(8,48) (8,49) 47
(9,48) (9,49) 15
(10,48) (10,49) 45
(1,49) (1,50) 60
(2,49) (2,50) 26
(3,49) (3,50) 65
(4,49) (4,50) 13
(5,49) (5,50) 58
(6,49) (6,50) 28
(7,49) (7,50) 96
(8,49) (8,50) 30
(9,49) (9,50) 3
(10,49) (10,50) 35
(1,50) (1,51) 31
(2,50) (2,51) 13
(3,50) (3,51) 41
(4,50) (4,51) 87
(5,50) (5,51) 24
(6,50) (6,51) 44
(7,50) (7,51) 77
(8,50) (8,51) 16
(9,50) (9,51) 89
(10,50) (10,51) 39
(1,51) (1,52) 42
(2,51) (2,52) 19
(3,51) (3,52) 49
(4,51) (4,52) 62
(5,51) (5,52) 93
(6,51) (6,52) 100
(7,51) (7,52) 29
(8,51) (8,52) 16
(9,51) (9,52) 46
(10,51) (10,52) 4
(1,52) (1,53) 79
(2,52) (2,53) 91
(3,52) (3,53) 54
(4,52) (4,53) 81
(5,52) (5,53) 59
(6,52) (6,53) 8
(7,52) (7,53) 89
(8,52) (8,53) 80
(9,52) (9,53) 46
(10,52) (10,53) 2
(1,53) (1,54) 29
(2,53) (2,54) 80
(3,53) (3,54) 11
(4,53) (4,54) 67
(5,53) (5,54) 44
(6,53) (6,54) 73
(7,53) (7,54) 42
(8,53) (8,54) 15
(9,53) (9,54) 30
(10,53) (10,54) 48
(1,54) (1,55) 93
(2,54) (2,55) 46
(3,54) (3,55) 54
(4,54) (4,55) 47
(5,54) (5,55) 73
(6,54) (6,55) 41
(7,54) (7,55) 31
(8,54) (8,55) 51
(9,54) (9,55) 84
(10,54) (10,55) 73
(1,55) (1,56) 96
(2,55) (2,56) 52
(3,55) (3,56) 39
(4,55) (4,56) 36
(5,55) (5,56) 20
(6,55) (6,56) 97
(7,55) (7,56) 23
(8,55) (8,56) 20
(9,55) (9,56) 32
(10,55) (10,56) 32
(1,56) (1,57) 48
(2,56) (2,57) 14
(3,56) (3,57) 63
(4,56) (4,57) 65
(5,56) (5,57) 38
(6,56) (6,57) 92
(7,56) (7,57) 85
(8,56) (8,57) 48
(9,56) (9,57) 81
(10,56) (10,57) 80
(1,57) (1,58) 21
(2,57) (2,58) 49
(3,57) (3,58) 73
(4,57) (4,58) 37
(5,57) (5,58) 88
(6,57) (6,58) 36
(7,57) (7,58) 40
(8,57) (8,58) 3
(9,57) (9,58) 70
(10,57) (10,58) 66
(1,58) (1,59) 14
(2,58) (2,59) 63
(3,58) (3,59) 88
(4,58) (4,59) 47
(5,58) (5,59) 63
(6,58) (6,59) 69
(7,58) (7,59) 9
(8,58) (8,59) 62
(9,58) (9,59) 51
(10,58) (10,59) 55
(1,59) (1,60) 91
(2,59) (2,60) 48
(3,59) (3,60) 40
(4,59) (4,60) 31
(5,59) (5,60) 5
(6,59) (6,60) 52
(7,59) (7,60) 34
(8,59) (8,60) 72
(9,59) (9,60) 58
(10,59) (10,60) 4
(1,60) (1,61) 31
(2,60) (2,61) 38
(3,60) (3,61) 57
(4,60) (4,61) 41
(5,60) (5,61) 34
(6,60) (6,61) 44
(7,60) (7,61) 80
(8,60) (8,61) 20
(9,60) (9,61) 25
(10,60) (10,61) 56
(1,61) (1,62) 56
(2,61) (2,62) 98
(3,61) (3,62) 20
(4,61) (4,62) 50
(5,61) (5,62) 39
(6,61) (6,62) 34
(7,61) (7,62) 91
(8,61) (8,62) 29
(9,61) (9,62) 1
(10,61) (10,62) 6
(1,62) (1,63) 87
(2,62) (2,63) 87
(3,62) (3,63) 33
(4,62) (4,63) 44
(5,62) (5,63) 24
(6,62) (6,63) 28
(7,62) (7,63) 64
(8,62) (8,63) 70
(9,62) (9,63) 99
(10,62) (10,63) 99
(1,63) (1,64) 36
(2,63) (2,64) 70
(3,63) (3,64) 10
(4,63) (4,64) 13
(5,63) (5,64) 71
(6,63) (6,64) 64
(7,63) (7,64) 59
(8,63) (8,64) 15
(9,63) (9,64) 42
(10,63) (10,64) 98
(1,64) (1,65) 14
(2,64) (2,65) 50
(3,64) (3,65) 9
(4,64) (4,65) 39
(5,64) (5,65) 34
(6,64) (6,65) 82
(7,64) (7,65) 45
(8,64) (8,65) 27
(9,64) (9,65) 87
(10,64) (10,65) 96
(1,65) (1,66) 13
(2,65) (2,66) 35
(3,65) (3,66) 49
(4,65) (4,66) 46
(5,65) (5,66) 12
(6,65) (6,66) 72
(7,65) (7,66) 66
(8,65) (8,66) 21
(9,65) (9,66) 27
(10,65) (10,66) 87
(1,66) (1,67) 42
(2,66) (2,67) 61
(3,66) (3,67) 43
(4,66) (4,67) 8
(5,66) (5,67) 84
(6,66) (6,67) 26
(7,66) (7,67) 89
(8,66) (8,67) 24
(9,66) (9,67) 26
(10,66) (10,67) 78
(1,67) (1,68) 98
(2,67) (2,68) 2
(3,67) (3,68) 54
(4,67) (4,68) 79
(5,67) (5,68) 35
(6,67) (6,68) 36
(7,67) (7,68) 87
(8,67) (8,68) 55
(9,67) (9,68) 78
(10,67) (10,68) 80
(1,68) (1,69) 51
(2,68) (2,69) 11
(3,68) (3,69) 88
(4,68) (4,69) 93
(5,68) (5,69) 94
(6,68) (6,69) 2
(7,68) (7,69) 10
(8,68) (8,69) 53
(9,68) (9,69) 77
(10,68) (10,69) 59
(1,69) (1,70) 66
(2,69) (2,70) 66
(3,69) (3,70) 74
(4,69) (4,70) 14
(5,69) (5,70) 2
(6,69) (6,70) 60
(7,69) (7,70) 99
(8,69) (8,70) 28
(9,69) (9,70) 41
(10,69) (10,70) 63
(1,70) (1,71) 3
(2,70) (2,71) 72
(3,70) (3,71) 55
(4,70) (4,71) 20
(5,70) (5,71) 80
(6,70) (6,71) 87
(7,70) (7,71) 84
(8,70) (8,71) 82
(9,70) (9,71) 47
(10,70) (10,71) 56
(1,71) (1,72) 49
(2,71) (2,72) 68
(3,71) (3,72) 7
(4,71) (4,72) 89
(5,71) (5,72) 74
(6,71) (6,72) 82
(7,71) (7,72) 52
(8,71) (8,72) 12
(9,71) (9,72) 99
(10,71) (10,72) 77
(1,72) (1,73) 29
(2,72) (2,73) 33
(3,72) (3,73) 34
(4,72) (4,73) 40
(5,72) (5,73) 64
(6,72) (6,73) 1
(7,72) (7,73) 99
(8,72) (8,73) 77
(9,72) (9,73) 89
(10,72) (10,73) 43
(1,73) (1,74) 74
(2,73) (2,74) 85
(3,73) (3,74) 67
(4,73) (4,74) 55
(5,73) (5,74) 34
(6,73) (6,74) 56
(7,73) (7,74) 14
(8,73) (8,74) 33
(9,73) (9,74) 8
(10,73) (10,74) 89
(1,74) (1,75) 92
(2,74) (2,75) 51
(3,74) (3,75) 71
(4,74) (4,75) 11
(5,74) (5,75) 39
(6,74) (6,75) 35
(7,74) (7,75) 31
(8,74) (8,75) 96
(9,74) (9,75) 63
(10,74) (10,75) 16
(1,75) (1,76) 53
(2,75) (2,76) 46
(3,75) (3,76) 45
(4,75) (4,76) 32
(5,75) (5,76) 62
(6,75) (6,76) 56
(7,75) (7,76) 11
(8,75) (8,76) 48
(9,75) (9,76) 16
(10,75) (10,76) 87
(1,76) (1,77) 25
(2,76) (2,77) 60
(3,76) (3,77) 53
(4,76) (4,77) 36
(5,76) (5,77) 65
(6,76) (6,77) 13
(7,76) (7,77) 43
(8,76) (8,77) 98
(9,76) (9,77) 31
(10,76) (10,77) 29
(1,77) (1,78) 69
(2,77) (2,78) 4
(3,77) (3,78) 35
(4,77) (4,78) 23
(5,77) (5,78) 33
(6,77) (6,78) 25
(7,77) (7,78) 27
(8,77) (8,78) 28
(9,77) (9,78) 36
(10,77) (10,78) 43
(1,78) (1,79) 58
(2,78) (2,79) 58
(3,78) (3,79) 78
(4,78) (4,79) 47
(5,78) (5,79) 43
(6,78) (6,79) 43
(7,78) (7,79) 78
(8,78) (8,79) 12
(9,78) (9,79) 68
(10,78) (10,79) 6
(1,79) (1,80) 82
(2,79) (2,80) 18
(3,79) (3,80) 6
(4,79) (4,80) 30
(5,79) (5,80) 21
(6,79) (6,80) 74
(7,79) (7,80) 74
(8,79) (8,80) 16
(9,79) (9,80) 54
(10,79) (10,80) 19
(1,80) (1,81) 39
(2,80) (2,81) 24
(3,80) (3,81) 65
(4,80) (4,81) 16
(5,80) (5,81) 51
(6,80) (6,81) 43
(7,80) (7,81) 76
(8,80) (8,81) 78
(9,80) (9,81) 71
(10,80) (10,81) 73
(1,81) (1,82) 52
(2,81) (2,82) 65
(3,81) (3,82) 62
(4,81) (4,82) 90
(5,81) (5,82) 7
(6,81) (6,82) 20
(7,81) (7,82) 86
(8,81) (8,82) 86
(9,81) (9,82) 42
(10,81) (10,82) 81
(1,82) (1,83) 87
(2,82) (2,83) 78
(3,82) (3,83) 9
(4,82) (4,83) 46
(5,82) (5,83) 86
(6,82) (6,83) 74
(7,82) (7,83) 50
(8,82) (8,83) 27
(9,82) (9,83) 2
(10,82) (10,83) 18
(1,83) (1,84) 35
(2,83) (2,84) 82
(3,83) (3,84) 49
(4,83) (4,84) 9
(5,83) (5,84) 43
(6,83) (6,84) 85
(7,83) (7,84) 1
(8,83) (8,84) 85
(9,83) (9,84) 27
(10,83) (10,84) 62
(1,84) (1,85) 55
(2,84) (2,85) 85
(3,84) (3,85) 7
(4,84) (4,85) 84
(5,84) (5,85) 30
(6,84) (6,85) 7
(7,84) (7,85) 4
(8,84) (8,85) 86
(9,84) (9,85) 82
(10,84) (10,85) 38
(1,85) (1,86) 99
(2,85) (2,86) 14
(3,85) (3,86) 55
(4,85) (4,86) 45
(5,85) (5,86) 60
(6,85) (6,86) 32
(7,85) (7,86) 44
(8,85) (8,86) 75
(9,85) (9,86) 36
(10,85) (10,86) 80
(1,86) (1,87) 24
(2,86) (2,87) 92
(3,86) (3,87) 25
(4,86) (4,87) 95
(5,86) (5,87) 47
(6,86) (6,87) 21
(7,86) (7,87) 75
(8,86) (8,87) 82
(9,86) (9,87) 52
(10,86) (10,87) 39
(1,87) (1,88) 92
(2,87) (2,88) 2
(3,87) (3,88) 60
(4,87) (4,88) 48
(5,87) (5,88) 30
(6,87) (6,88) 64
(7,87) (7,88) 71
(8,87) (8,88) 19
(9,87) (9,88) 89
(10,87) (10,88) 87
(1,88) (1,89) 23
(2,88) (2,89) 95
(3,88) (3,89) 32
(4,88) (4,89) 13
(5,88) (5,89) 80
(6,88) (6,89) 60
(7,88) (7,89) 80
(8,88) (8,89) 11
(9,88) (9,89) 88
(10,88) (10,89) 53
(1,89) (1,90) 44
(2,89) (2,90) 25
(3,89) (3,90) 68
(4,89) (4,90) 30
(5,89) (5,90) 61
(6,89) (6,90) 2
(7,89) (7,90) 48
(8,89) (8,90) 71
(9,89) (9,90) 34
(10,89) (10,90) 84
(1,90) (1,91) 97
(2,90) (2,91) 78
(3,90) (3,91) 53
(4,90) (4,91) 73
(5,90) (5,91) 28
(6,90) (6,91) 95
(7,90) (7,91) 47
(8,90) (8,91) 2
(9,90) (9,91) 32
(10,90) (10,91) 100
(1,91) (1,92) 58
(2,91) (2,92) 89
(3,91) (3,92) 29
(4,91) (4,92) 39
(5,91) (5,92) 13
(6,91) (6,92) 71
(7,91) (7,92) 91
(8,91) (8,92) 97
(9,91) (9,92) 9
(10,91) (10,92) 14
(1,92) (1,93) 5
(2,92) (2,93) 17
(3,92) (3,93) 1
(4,92) (4,93) 18
(5,92) (5,93) 51
(6,92) (6,93) 12
(7,92) (7,93) 7
(8,92) (8,93) 27
(9,92) (9,93) 100
(10,92) (10,93) 19
(1,93) (1,94) 23
(2,93) (2,94) 91
(3,93) (3,94) 75
(4,93) (4,94) 22
(5,93) (5,94) 71
(6,93) (6,94) 82
(7,93) (7,94) 40
(8,93) (8,94) 57
(9,93) (9,94) 93
(10,93) (10,94) 14
(1,94) (1,95) 82
(2,94) (2,95) 20
(3,94) (3,95) 34
(4,94) (4,95) 27
(5,94) (5,95) 12
(6,94) (6,95) 60
(7,94) (7,95) 79
(8,94) (8,95) 95
(9,94) (9,95) 36
(10,94) (10,95) 33
(1,95) (1,96) 43
(2,95) (2,96) 75
(3,95) (3,96) 45
(4,95) (4,96) 47
(5,95) (5,96) 87
(6,95) (6,96) 42
(7,95) (7,96) 33
(8,95) (8,96) 2
(9,95) (9,96) 31
(10,95) (10,96) 70
(1,96) (1,97) 51
(2,96) (2,97) 78
(3,96) (3,97) 10
(4,96) (4,97) 42
(5,96) (5,97) 92
(6,96) (6,97) 55
(7,96) (7,97) 49
(8,96) (8,97) 75
(9,96) (9,97) 29
(10,96) (10,97) 62
(1,97) (1,98) 17
(2,97) (2,98) 68
(3,97) (3,98) 65
(4,97) (4,98) 61
(5,97) (5,98) 70
(6,97) (6,98) 81
(7,97) (7,98) 43
(8,97) (8,98) 14
(9,97) (9,98) 12
(10,97) (10,98) 10
(1,98) (1,99) 70
(2,98) (2,99) 24
(3,98) (3,99) 38
(4,98) (4,99) 41
(5,98) (5,99) 47
(6,98) (6,99) 45
(7,98) (7,99) 75
(8,98) (8,99) 26
(9,98) (9,99) 89
(10,98) (10,99) 44
(1,99) (1,100) 88
(2,99) (2,100) 76
(3,99) (3,100) 81
(4,99) (4,100) 95
(5,99) (5,100) 15
(6,99) (6,100) 18
(7,99) (7,100) 80
(8,99) (8,100) 97
(9,99) (9,100) 94
(10,99) (10,100) 76
(1,1) (2,1) 61
(2,1) (1,1) 27
(2,1) (3,1) 17
(3,1) (2,1) 7
(3,1) (4,1) 35
(4,1) (3,1) 68
(4,1) (5,1) 26
(5,1) (4,1) 47
(5,1) (6,1) 21
(6,1) (5,1) 28
(6,1) (7,1) 7
(7,1) (6,1) 16
(7,1) (8,1) 70
(8,1) (7,1) 57
(8,1) (9,1) 57
(9,1) (8,1) 13
(9,1) (10,1) 51
(10,1) (9,1) 86
(1,2) (2,2) 51
(2,2) (1,2) 70
(2,2) (3,2) 56
(3,2) (2,2) 57
(3,2) (4,2) 95
(4,2) (3,2) 87
(4,2) (5,2) 54
(5,2) (4,2) 87
(5,2) (6,2) 43
(6,2) (5,2) 19
(6,2) (7,2) 72
(7,2) (6,2) 24
(7,2) (8,2) 41
(8,2) (7,2) 7
(8,2) (9,2) 93
(9,2) (8,2) 39
(9,2) (10,2) 23
(10,2) (9,2) 68
(1,3) (2,3) 79
(2,3) (1,3) 74
(2,3) (3,3) 89
(3,3) (2,3) 17
(3,3) (4,3) 3
(4,3) (3,3) 70
(4,3) (5,3) 21
(5,3) (4,3) 89
(5,3) (6,3) 39
(6,3) (5,3) 50
(6,3) (7,3) 65
(7,3) (6,3) 25
(7,3) (8,3) 1
(8,3) (7,3) 27
(8,3) (9,3) 61
(9,3) (8,3) 69
(9,3) (10,3) 37
(10,3) (9,3) 75
(1,4) (2,4) 56
(2,4) (1,4) 1
(2,4) (3,4) 58
(3,4) (2,4) 45
(3,4) (4,4) 89
(4,4) (3,4) 84
(4,4) (5,4) 51
(5,4) (4,4) 31
(5,4) (6,4) 43
(6,4) (5,4) 77
(6,4) (7,4) 26
(7,4) (6,4) 75
(7,4) (8,4) 94
(8,4) (7,4) 39
(8,4) (9,4) 95
(9,4) (8,4) 13
(9,4) (10,4) 29
(10,4) (9,4) 23
(1,5) (2,5) 54
(2,5) (1,5) 93
(2,5) (3,5) 32
(3,5) (2,5) 52
(3,5) (4,5) 98
(4,5) (3,5) 94
(4,5) (5,5) 62
(5,5) (4,5) 15
(5,5) (6,5) 45
(6,5) (5,5) 58
(6,5) (7,5) 81
(7,5) (6,5) 56
(7,5) (8,5) 29
(8,5) (7,5) 65
(8,5) (9,5) 99
(9,5) (8,5) 61
(9,5) (10,5) 33
(10,5) (9,5) 29
(1,6) (2,6) 21
(2,6) (1,6) 66
(2,6) (3,6) 86
(3,6) (2,6) 60
(3,6) (4,6) 40
(4,6) (3,6) 55
(4,6) (5,6) 50
(5,6) (4,6) 22
(5,6) (6,6) 63
(6,6) (5,6) 59
(6,6) (7,6) 39
(7,6) (6,6) 66
(7,6) (8,6) 96
(8,6) (7,6) 90
(8,6) (9,6) 86
(9,6) (8,6) 100
(9,6) (10,6) 22
(10,6) (9,6) 61
(1,7) (2,7) 66
(2,7) (1,7) 20
(2,7) (3,7) 16
(3,7) (2,7) 1
(3,7) (4,7) 3
(4,7) (3,7) 74
(4,7) (5,7) 85
(5,7) (4,7) 30
(5,7) (6,7) 63
(6,7) (5,7) 22
(6,7) (7,7) 4
(7,7) (6,7) 67
(7,7) (8,7) 11
(8,7) (7,7) 8
(8,7) (9,7) 96
(9,7) (8,7) 56
(9,7) (10,7) 13
(10,7) (9,7) 22
(1,8) (2,8) 64
(2,8) (1,8) 16
(2,8) (3,8) 11
(3,8) (2,8) 29
(3,8) (4,8) 12
(4,8) (3,8) 33
(4,8) (5,8) 60
(5,8) (4,8) 88
(5,8) (6,8) 95
(6,8) (5,8) 37
(6,8) (7,8) 67
(7,8) (6,8) 87
(7,8) (8,8) 6
(8,8) (7,8) 86
(8,8) (9,8) 20
(9,8) (8,8) 70
(9,8) (10,8) 83
(10,8) (9,8) 65
(1,9) (2,9) 7
(2,9) (1,9) 92
(2,9) (3,9) 31
(3,9) (2,9) 20
(3,9) (4,9) 72
(4,9) (3,9) 23
(4,9) (5,9) 70
(5,9) (4,9) 48
(5,9) (6,9) 81
(6,9) (5,9) 9
(6,9) (7,9) 93
(7,9) (6,9) 36
(7,9) (8,9) 71
(8,9) (7,9) 68
(8,9) (9,9) 34
(9,9) (8,9) 20
(9,9) (10,9) 51
(10,9) (9,9) 3
(1,10) (2,10) 88
(2,10) (1,10) 92
(2,10) (3,10) 54
(3,10) (2,10) 65
(3,10) (4,10) 74
(4,10) (3,10) 55
(4,10) (5,10) 85
(5,10) (4,10) 47
(5,10) (6,10) 49
(6,10) (5,10) 81
(6,10) (7,10) 99
(7,10) (6,10) 42
(7,10) (8,10) 26
(8,10) (7,10) 14
(8,10) (9,10) 41
(9,10) (8,10) 15
(9,10) (10,10) 70
(10,10) (9,10) 70
(1,11) (2,11) 11
(2,11) (1,11) 5
(2,11) (3,11) 66
(3,11) (2,11) 62
(3,11) (4,11) 13
(4,11) (3,11) 37
(4,11) (5,11) 36
(5,11) (4,11) 84
(5,11) (6,11) 41
(6,11) (5,11) 67
(6,11) (7,11) 11
(7,11) (6,11) 15
(7,11) (8,11) 84
(8,11) (7,11) 56
(8,11) (9,11) 43
(9,11) (8,11) 9
(9,11) (10,11) 60
(10,11) (9,11) 8
(1,12) (2,12) 56
(2,12) (1,12) 78
(2,12) (3,12) 20
(3,12) (2,12) 68
(3,12) (4,12) 89
(4,12) (3,12) 23
(4,12) (5,12) 32
(5,12) (4,12) 86
(5,12) (6,12) 82
(6,12) (5,12) 96
(6,12) (7,12) 9
(7,12) (6,12) 16
(7,12) (8,12) 15
(8,12) (7,12) 8
(8,12) (9,12) 9
(9,12) (8,12) 62
(9,12) (10,12) 92
(10,12) (9,12) 79
(1,13) (2,13) 36
(2,13) (1,13) 3
(2,13) (3,13) 97
(3,13) (2,13) 92
(3,13) (4,13) 22
(4,13) (3,13) 72
(4,13) (5,13) 11
(5,13) (4,13) 17
(5,13) (6,13) 41
(6,13) (5,13) 81
(6,13) (7,13) 70
(7,13) (6,13) 92
(7,13) (8,13) 23
(8,13) (7,13) 16
(8,13) (9,13) 62
(9,13) (8,13) 70
(9,13) (10,13) 72
(10,13) (9,13) 24
(1,14) (2,14) 25
(2,14) (1,14) 39
(2,14) (3,14) 18
(3,14) (2,14) 28
(3,14) (4,14) 59
(4,14) (3,14) 88
(4,14) (5,14) 11
(5,14) (4,14) 18
(5,14) (6,14) 1
(6,14) (5,14) 1
(6,14) (7,14) 25
(7,14) (6,14) 63
(7,14) (8,14) 72
(8,14) (7,14) 14
(8,14) (9,14) 78
(9,14) (8,14) 47
(9,14) (10,14) 61
(10,14) (9,14) 49
(1,15) (2,15) 14
(2,15) (1,15) 9
(2,15) (3,15) 26
(3,15) (2,15) 67
(3,15) (4,15) 93
(4,15) (3,15) 73
(4,15) (5,15) 4
(5,15) (4,15) 85
(5,15) (6,15) 2
(6,15) (5,15) 99
(6,15) (7,15) 73
(7,15) (6,15) 65
(7,15) (8,15) 54
(8,15) (7,15) 78
(8,15) (9,15) 69
(9,15) (8,15) 74
(9,15) (10,15) 74
(10,15) (9,15) 93
(1,16) (2,16) 93
(2,16) (1,16) 100
(2,16) (3,16) 31
(3,16) (2,16) 17
(3,16) (4,16) 52
(4,16) (3,16) 34
(4,16) (5,16) 88
(5,16) (4,16) 44
(5,16) (6,16) 73
(6,16) (5,16) 42
(6,16) (7,16) 100
(7,16) (6,16) 46
(7,16) (8,16) 39
(8,16) (7,16) 31
(8,16) (9,16) 43
(9,16) (8,16) 95
(9,16) (10,16) 39
(10,16) (9,16) 71
(1,17) (2,17) 6
(2,17) (1,17) 49
(2,17) (3,17) 93
(3,17) (2,17) 3
(3,17) (4,17) 86
(4,17) (3,17) 47
(4,17) (5,17) 6
(5,17) (4,17) 84
(5,17) (6,17) 32
(6,17) (5,17) 7
(6,17) (7,17) 30
(7,17) (6,17) 88
(7,17) (8,17) 48
(8,17) (7,17) 5
(8,17) (9,17) 39
(9,17) (8,17) 30
(9,17) (10,17) 93
(10,17) (9,17) 38
(1,18) (2,18) 80
(2,18) (1,18) 74
(2,18) (3,18) 82
(3,18) (2,18) 57
(3,18) (4,18) 44
(4,18) (3,18) 42
(4,18) (5,18) 20
(5,18) (4,18) 59
(5,18) (6,18) 91
(6,18) (5,18) 62
(6,18) (7,18) 46
(7,18) (6,18) 74
(7,18) (8,18) 20
(8,18) (7,18) 63
(8,18) (9,18) 11
(9,18) (8,18) 96
(9,18) (10,18) 9
(10,18) (9,18) 59
(1,19) (2,19) 26
(2,19) (1,19) 66
(2,19) (3,19) 36
(3,19) (2,19) 76
(3,19) (4,19) 31
(4,19) (3,19) 9
(4,19) (5,19) 79
(5,19) (4,19) 56
(5,19) (6,19) 71
(6,19) (5,19) 88
(6,19) (7,19) 6
(7,19) (6,19) 5
(7,19) (8,19) 34
(8,19) (7,19) 60
(8,19) (9,19) 94
(9,19) (8,19) 6
(9,19) (10,19) 70
(10,19) (9,19) 1
(1,20) (2,20) 94
(2,20) (1,20) 39
(2,20) (3,20) 39
(3,20) (2,20) 3
(3,20) (4,20) 50
(4,20) (3,20) 21
(4,20) (5,20) 42
(5,20) (4,20) 34
(5,20) (6,20) 99
(6,20) (5,20) 42
(6,20) (7,20) 23
(7,20) (6,20) 78
(7,20) (8,20) 37
(8,20) (7,20) 96
(8,20) (9,20) 47
(9,20) (8,20) 18
(9,20) (10,20) 73
(10,20) (9,20) 60
(1,21) (2,21) 52
(2,21) (1,21) 75
(2,21) (3,21) 24
(3,21) (2,21) 19
(3,21) (4,21) 51
(4,21) (3,21) 90
(4,21) (5,21) 94
(5,21) (4,21) 25
(5,21) (6,21) 28
(6,21) (5,21) 80
(6,21) (7,21) 52
(7,21) (6,21) 22
(7,21) (8,21) 28
(8,21) (7,21) 70
(8,21) (9,21) 20
(9,21) (8,21) 46
(9,21) (10,21) 70
(10,21) (9,21) 69
(1,22) (2,22) 43
(2,22) (1,22) 85
(2,22) (3,22) 56
(3,22) (2,22) 98
(3,22) (4,22) 21
(4,22) (3,22) 96
(4,22) (5,22) 4
(5,22) (4,22) 68
(5,22) (6,22) 12
(6,22) (5,22) 91
(6,22) (7,22) 92
(7,22) (6,22) 12
(7,22) (8,22) 7
(8,22) (7,22) 88
(8,22) (9,22) 33
(9,22) (8,22) 86
(9,22) (10,22) 66
(10,22) (9,22) 93
(1,23) (2,23) 5
(2,23) (1,23) 14
(2,23) (3,23) 63
(3,23) (2,23) 66
(3,23) (4,23) 96
(4,23) (3,23) 41
(4,23) (5,23) 57
(5,23) (4,23) 54
(5,23) (6,23) 37
(6,23) (5,23) 11
(6,23) (7,23) 93
(7,23) (6,23) 64
(7,23) (8,23) 27
(8,23) (7,23) 69
(8,23) (9,23) 22
(9,23) (8,23) 53
(9,23) (10,23) 51
(10,23) (9,23) 8
(1,24) (2,24) 89
(2,24) (1,24) 97
(2,24) (3,24) 37
(3,24) (2,24) 29
(3,24) (4,24) 66
(4,24) (3,24) 36
(4,24) (5,24) 50
(5,24) (4,24) 68
(5,24) (6,24) 80
(6,24) (5,24) 44
(6,24) (7,24) 36
(7,24) (6,24) 81
(7,24) (8,24) 35
(8,24) (7,24) 1
(8,24) (9,24) 65
(9,24) (8,24) 70
(9,24) (10,24) 61
(10,24) (9,24) 16
(1,25) (2,25) 11
(2,25) (1,25) 59
(2,25) (3,25) 50
(3,25) (2,25) 29
(3,25) (4,25) 53
(4,25) (3,25) 23
(4,25) (5,25) 87
(5,25) (4,25) 35
(5,25) (6,25) 19
(6,25) (5,25) 72
(6,25) (7,25) 7
(7,25) (6,25) 62
(7,25) (8,25) 89
(8,25) (7,25) 91
(8,25) (9,25) 81
(9,25) (8,25) 18
(9,25) (10,25) 46
(10,25) (9,25) 41
(1,26) (2,26) 92
(2,26) (1,26) 62
(2,26) (3,26) 56
(3,26) (2,26) 66
(3,26) (4,26) 88
(4,26) (3,26) 84
(4,26) (5,26) 23
(5,26) (4,26) 5
(5,26) (6,26) 93
(6,26) (5,26) 96
(6,26) (7,26) 34
(7,26) (6,26) 29
(7,26) (8,26) 27
(8,26) (7,26) 8
(8,26) (9,26) 23
(9,26) (8,26) 19
(9,26) (10,26) 9
(10,26) (9,26) 15
(1,27) (2,27) 99
(2,27) (1,27) 47
(2,27) (3,27) 7
(3,27) (2,27) 61
(3,27) (4,27) 23
(4,27) (3,27) 26
(4,27) (5,27) 7
(5,27) (4,27) 48
(5,27) (6,27) 10
(6,27) (5,27) 6
(6,27) (7,27) 47
(7,27) (6,27) 97
(7,27) (8,27) 75
(8,27) (7,27) 62
(8,27) (9,27) 61
(9,27) (8,27) 18
(9,27) (10,27) 75
(10,27) (9,27) 78
(1,28) (2,28) 37
(2,28) (1,28) 49
(2,28) (3,28) 63
(3,28) (2,28) 21
(3,28) (4,28) 4
(4,28) (3,28) 33
(4,28) (5,28) 65
(5,28) (4,28) 54
(5,28) (6,28) 6
(6,28) (5,28) 28
(6,28) (7,28) 57
(7,28) (6,28) 92
(7,28) (8,28) 85
(8,28) (7,28) 38
(8,28) (9,28) 4
(9,28) (8,28) 8
(9,28) (10,28) 77
(10,28) (9,28) 93
(1,29) (2,29) 13
(2,29) (1,29) 57
(2,29) (3,29) 21
(3,29) (2,29) 14
(3,29) (4,29) 47
(4,29) (3,29) 31
(4,29) (5,29) 100
(5,29) (4,29) 56
(5,29) (6,29) 7
(6,29) (5,29) 77
(6,29) (7,29) 53
(7,29) (6,29) 32
(7,29) (8,29) 22
(8,29) (7,29) 32
(8,29) (9,29) 73
(9,29) (8,29) 69
(9,29) (10,29) 21
(10,29) (9,29) 45
(1,30) (2,30) 98
(2,30) (1,30) 94
(2,30) (3,30) 41
(3,30) (2,30) 26
(3,30) (4,30) 98
(4,30) (3,30) 42
(4,30) (5,30) 58
(5,30) (4,30) 47
(5,30) (6,30) 34
(6,30) (5,30) 44
(6,30) (7,30) 31
(7,30) (6,30) 92
(7,30) (8,30) 65
(8,30) (7,30) 27
(8,30) (9,30) 31
(9,30) (8,30) 15
(9,30) (10,30) 73
(10,30) (9,30) 34
(1,31) (2,31) 47
(2,31) (1,31) 76
(2,31) (3,31) 72
(3,31) (2,31) 14
(3,31) (4,31) 52
(4,31) (3,31) 64
(4,31) (5,31) 92
(5,31) (4,31) 16
(5,31) (6,31) 46
(6,31) (5,31) 51
(6,31) (7,31) 5
(7,31) (6,31) 54
(7,31) (8,31) 80
(8,31) (7,31) 66
(8,31) (9,31) 97
(9,31) (8,31) 9
(9,31) (10,31) 75
(10,31) (9,31) 22
(1,32) (2,32) 3
(2,32) (1,32) 69
(2,32) (3,32) 68
(3,32) (2,32) 31
(3,32) (4,32) 13
(4,32) (3,32) 58
(4,32) (5,32) 13
(5,32) (4,32) 76
(5,32) (6,32) 71
(6,32) (5,32) 16
(6,32) (7,32) 55
(7,32) (6,32) 4
(7,32) (8,32) 63
(8,32) (7,32) 89
(8,32) (9,32) 91
(9,32) (8,32) 50
(9,32) (10,32) 11
(10,32) (9,32) 11
(1,33) (2,33) 13
(2,33) (1,33) 6
(2,33) (3,33) 47
(3,33) (2,33) 69
(3,33) (4,33) 59
(4,33) (3,33) 93
(4,33) (5,33) 65
(5,33) (4,33) 55
(5,33) (6,33) 95
(6,33) (5,33) 27
(6,33) (7,33) 48
(7,33) (6,33) 26
(7,33) (8,33) 14
(8,33) (7,33) 36
(8,33) (9,33) 8
(9,33) (8,33) 45
(9,33) (10,33) 5
(10,33) (9,33) 84
(1,34) (2,34) 44
(2,34) (1,34) 27
(2,34) (3,34) 57
(3,34) (2,34) 56
(3,34) (4,34) 2
(4,34) (3,34) 82
(4,34) (5,34) 63
(5,34) (4,34) 75
(5,34) (6,34) 20
(6,34) (5,34) 38
(6,34) (7,34) 47
(7,34) (6,34) 21
(7,34) (8,34) 12
(8,34) (7,34) 31
(8,34) (9,34) 74
(9,34) (8,34) 48
(9,34) (10,34) 37
(10,34) (9,34) 23
(1,35) (2,35) 40
(2,35) (1,35) 48
(2,35) (3,35) 9
(3,35) (2,35) 20
(3,35) (4,35) 84
(4,35) (3,35) 25
(4,35) (5,35) 84
(5,35) (4,35) 42
(5,35) (6,35) 59
(6,35) (5,35) 57
(6,35) (7,35) 26
(7,35) (6,35) 78
(7,35) (8,35) 11
(8,35) (7,35) 27
(8,35) (9,35) 14
(9,35) (8,35) 88
(9,35) (10,35) 8
(10,35) (9,35) 100
(1,36) (2,36) 19
(2,36) (1,36) 79
(2,36) (3,36) 38
(3,36) (2,36) 100
(3,36) (4,36) 47
(4,36) (3,36) 87
(4,36) (5,36) 50
(5,36) (4,36) 73
(5,36) (6,36) 20
(6,36) (5,36) 86
(6,36) (7,36) 87
(7,36) (6,36) 45
(7,36) (8,36) 98
(8,36) (7,36) 84
(8,36) (9,36) 13
(9,36) (8,36) 90
(9,36) (10,36) 96
(10,36) (9,36) 41
(1,37) (2,37) 53
(2,37) (1,37) 3
(2,37) (3,37) 31
(3,37) (2,37) 9
(3,37) (4,37) 89
(4,37) (3,37) 17
(4,37) (5,37) 17
(5,37) (4,37) 89
(5,37) (6,37) 20
(6,37) (5,37) 91
(6,37) (7,37) 72
(7,37) (6,37) 13
(7,37) (8,37) 49
(8,37) (7,37) 72
(8,37) (9,37) 98
(9,37) (8,37) 2
(9,37) (10,37) 71
(10,37) (9,37) 76
(1,38) (2,38) 77
(2,38) (1,38) 76
(2,38) (3,38) 4
(3,38) (2,38) 82
(3,38) (4,38) 23
(4,38) (3,38) 32
(4,38) (5,38) 96
(5,38) (4,38) 49
(5,38) (6,38) 15
(6,38) (5,38) 46
(6,38) (7,38) 75
(7,38) (6,38) 41
(7,38) (8,38) 68
(8,38) (7,38) 11
(8,38) (9,38) 40
(9,38) (8,38) 93
(9,38) (10,38) 15
(10,38) (9,38) 15
(1,39) (2,39) 9
(2,39) (1,39) 28
(2,39) (3,39) 61
(3,39) (2,39) 48
(3,39) (4,39) 74
(4,39) (3,39) 53
(4,39) (5,39) 76
(5,39) (4,39) 97
(5,39) (6,39) 1
(6,39) (5,39) 80
(6,39) (7,39) 30
(7,39) (6,39) 35
(7,39) (8,39) 16
(8,39) (7,39) 18
(8,39) (9,39) 44
(9,39) (8,39) 83
(9,39) (10,39) 94
(10,39) (9,39) 64
(1,40) (2,40) 73
(2,40) (1,40) 14
(2,40) (3,40) 37
(3,40) (2,40) 41
(3,40) (4,40) 47
(4,40) (3,40) 85
(4,40) (5,40) 14
(5,40) (4,40) 90
(5,40) (6,40) 55
(6,40) (5,40) 36
(6,40) (7,40) 64
(7,40) (6,40) 44
(7,40) (8,40) 96
(8,40) (7,40) 47
(8,40) (9,40) 94
(9,40) (8,40) 77
(9,40) (10,40) 26
(10,40) (9,40) 97
(1,41) (2,41) 19
(2,41) (1,41) 80
(2,41) (3,41) 49
(3,41) (2,41) 5
(3,41) (4,41) 51
(4,41) (3,41) 31
(4,41) (5,41) 97
(5,41) (4,41) 62
(5,41) (6,41) 32
(6,41) (5,41) 38
(6,41) (7,41) 82
(7,41) (6,41) 22
(7,41) (8,41) 56
(8,41) (7,41) 11
(8,41) (9,41) 33
(9,41) (8,41) 39
(9,41) (10,41) 62
(10,41) (9,41) 96
(1,42) (2,42) 34
(2,42) (1,42) 63
(2,42) (3,42) 5
(3,42) (2,42) 73
(3,42) (4,42) 34
(4,42) (3,42) 26
(4,42) (5,42) 88
(5,42) (4,42) 79
(5,42) (6,42) 36
(6,42) (5,42) 18
(6,42) (7,42) 57
(7,42) (6,42) 30
(7,42) (8,42) 19
(8,42) (7,42) 11
(8,42) (9,42) 61
(9,42) (8,42) 24
(9,42) (10,42) 99
(10,42) (9,42) 85
(1,43) (2,43) 84
(2,43) (1,43) 79
(2,43) (3,43) 57
(3,43) (2,43) 47
(3,43) (4,43) 18
(4,43) (3,43) 5
(4,43) (5,43) 50
(5,43) (4,43) 78
(5,43) (6,43) 21
(6,43) (5,43) 86
(6,43) (7,43) 20
(7,43) (6,43) 19
(7,43) (8,43) 40
(8,43) (7,43) 11
(8,43) (9,43) 48
(9,43) (8,43) 42
(9,43) (10,43) 1
(10,43) (9,43) 46
(1,44) (2,44) 100
(2,44) (1,44) 60
(2,44) (3,44) 30
(3,44) (2,44) 99
(3,44) (4,44) 49
(4,44) (3,44) 75
(4,44) (5,44) 69
(5,44) (4,44) 6
(5,44) (6,44) 49
(6,44) (5,44) 6
(6,44) (7,44) 82
(7,44) (6,44) 22
(7,44) (8,44) 78
(8,44) (7,44) 12
(8,44) (9,44) 52
(9,44) (8,44) 54
(9,44) (10,44) 75
(10,44) (9,44) 98
(1,45) (2,45) 8
(2,45) (1,45) 51
(2,45) (3,45) 97
(3,45) (2,45) 30
(3,45) (4,45) 82
(4,45) (3,45) 15
(4,45) (5,45) 14
(5,45) (4,45) 62
(5,45) (6,45) 41
(6,45) (5,45) 37
(6,45) (7,45) 54
(7,45) (6,45) 34
(7,45) (8,45) 17
(8,45) (7,45) 41
(8,45) (9,45) 2
(9,45) (8,45) 2
(9,45) (10,45) 37
(10,45) (9,45) 95
(1,46) (2,46) 82
(2,46) (1,46) 80
(2,46) (3,46) 95
(3,46) (2,46) 52
(3,46) (4,46) 16
(4,46) (3,46) 78
(4,46) (5,46) 73
(5,46) (4,46) 54
(5,46) (6,46) 3
(6,46) (5,46) 23
(6,46) (7,46) 90
(7,46) (6,46) 66
(7,46) (8,46) 59
(8,46) (7,46) 32
(8,46) (9,46) 41
(9,46) (8,46) 39
(9,46) (10,46) 90
(10,46) (9,46) 3
(1,47) (2,47) 46
(2,47) (1,47) 32
(2,47) (3,47) 59
(3,47) (2,47) 56
(3,47) (4,47) 34
(4,47) (3,47) 54
(4,47) (5,47) 43
(5,47) (4,47) 9
(5,47) (6,47) 50
(6,47) (5,47) 98
(6,47) (7,47) 5
(7,47) (6,47) 32
(7,47) (8,47) 69
(8,47) (7,47) 56
(8,47) (9,47) 88
(9,47) (8,47) 54
(9,47) (10,47) 87
(10,47) (9,47) 6
(1,48) (2,48) 56
(2,48) (1,48) 87
(2,48) (3,48) 33
(3,48) (2,48) 34
(3,48) (4,48) 45
(4,48) (3,48) 18
(4,48) (5,48) 70
(5,48) (4,48) 61
(5,48) (6,48) 44
(6,48) (5,48) 80
(6,48) (7,48) 53
(7,48) (6,48) 1
(7,48) (8,48) 33
(8,48) (7,48) 21
(8,48) (9,48) 94
(9,48) (8,48) 67
(9,48) (10,48) 35
(10,48) (9,48) 70
(1,49) (2,49) 83
(2,49) (1,49) 31
(2,49) (3,49) 55
(3,49) (2,49) 8
(3,49) (4,49) 59
(4,49) (3,49) 33
(4,49) (5,49) 27
(5,49) (4,49) 74
(5,49) (6,49) 94
(6,49) (5,49) 56
(6,49) (7,49) 57
(7,49) (6,49) 80
(7,49) (8,49) 96
(8,49) (7,49) 42
(8,49) (9,49) 72
(9,49) (8,49) 42
(9,49) (10,49) 32
(10,49) (9,49) 52
(1,50) (2,50) 57
(2,50) (1,50) 100
(2,50) (3,50) 1
(3,50) (2,50) 68
(3,50) (4,50) 24
(4,50) (3,50) 6
(4,50) (5,50) 84
(5,50) (4,50) 29
(5,50) (6,50) 54
(6,50) (5,50) 31
(6,50) (7,50) 25
(7,50) (6,50) 54
(7,50) (8,50) 21
(8,50) (7,50) 50
(8,50) (9,50) 88
(9,50) (8,50) 80
(9,50) (10,50) 35
(10,50) (9,50) 62
(1,51) (2,51) 45
(2,51) (1,51) 41
(2,51) (3,51) 92
(3,51) (2,51) 61
(3,51) (4,51) 72
(4,51) (3,51) 78
(4,51) (5,51) 15
(5,51) (4,51) 76
(5,51) (6,51) 38
(6,51) (5,51) 53
(6,51) (7,51) 66
(7,51) (6,51) 45
(7,51) (8,51) 85
(8,51) (7,51) 56
(8,51) (9,51) 49
(9,51) (8,51) 6
(9,51) (10,51) 15
(10,51) (9,51) 3
(1,52) (2,52) 37
(2,52) (1,52) 38
(2,52) (3,52) 54
(3,52) (2,52) 76
(3,52) (4,52) 77
(4,52) (3,52) 30
(4,52) (5,52) 16
(5,52) (4,52) 66
(5,52) (6,52) 94
(6,52) (5,52) 66
(6,52) (7,52) 42
(7,52) (6,52) 3
(7,52) (8,52) 73
(8,52) (7,52) 33
(8,52) (9,52) 59
(9,52) (8,52) 72
(9,52) (10,52) 46
(10,52) (9,52) 55
(1,53) (2,53) 83
(2,53) (1,53) 87
(2,53) (3,53) 29
(3,53) (2,53) 99
(3,53) (4,53) 74
(4,53) (3,53) 39
(4,53) (5,53) 12
(5,53) (4,53) 10
(5,53) (6,53) 88
(6,53) (5,53) 1
(6,53) (7,53) 63
(7,53) (6,53) 87
(7,53) (8,53) 55
(8,53) (7,53) 90
(8,53) (9,53) 96
(9,53) (8,53) 48
(9,53) (10,53) 23
(10,53) (9,53) 66
(1,54) (2,54) 23
(2,54) (1,54) 66
(2,54) (3,54) 66
(3,54) (2,54) 23
(3,54) (4,54) 38
(4,54) (3,54) 17
(4,54) (5,54) 19
(5,54) (4,54) 82
(5,54) (6,54) 32
(6,54) (5,54) 58
(6,54) (7,54) 66
(7,54) (6,54) 8
(7,54) (8,54) 15
(8,54) (7,54) 50
(8,54) (9,54) 14
(9,54) (8,54) 97
(9,54) (10,54) 44
(10,54) (9,54) 84
(1,55) (2,55) 96
(2,55) (1,55) 8
(2,55) (3,55) 15
(3,55) (2,55) 100
(3,55) (4,55) 80
(4,55) (3,55) 55
(4,55) (5,55) 99
(5,55) (4,55) 61
(5,55) (6,55) 97
(6,55) (5,55) 69
(6,55) (7,55) 32
(7,55) (6,55) 12
(7,55) (8,55) 55
(8,55) (7,55) 69
(8,55) (9,55) 88
(9,55) (8,55) 78
(9,55) (10,55) 52
(10,55) (9,55) 29
(1,56) (2,56) 9
(2,56) (1,56) 31
(2,56) (3,56) 92
(3,56) (2,56) 9
(3,56) (4,56) 1
(4,56) (3,56) 45
(4,56) (5,56) 77
(5,56) (4,56) 43
(5,56) (6,56) 72
(6,56) (5,56) 9
(6,56) (7,56) 7
(7,56) (6,56) 100
(7,56) (8,56) 19
(8,56) (7,56) 72
(8,56) (9,56) 83
(9,56) (8,56) 32
(9,56) (10,56) 34
(10,56) (9,56) 67
(1,57) (2,57) 63
(2,57) (1,57) 87
(2,57) (3,57) 67
(3,57) (2,57) 1
(3,57) (4,57) 18
(4,57) (3,57) 92
(4,57) (5,57) 71
(5,57) (4,57) 35
(5,57) (6,57) 14
(6,57) (5,57) 40
(6,57) (7,57) 90
(7,57) (6,57) 79
(7,57) (8,57) 22
(8,57) (7,57) 36
(8,57) (9,57) 11
(9,57) (8,57) 80
(9,57) (10,57) 78
(10,57) (9,57) 47
(1,58) (2,58) 46
(2,58) (1,58) 89
(2,58) (3,58) 29
(3,58) (2,58) 23
(3,58) (4,58) 57
(4,58) (3,58) 68
(4,58) (5,58) 73
(5,58) (4,58) 15
(5,58) (6,58) 94
(6,58) (5,58) 15
(6,58) (7,58) 12
(7,58) (6,58) 95
(7,58) (8,58) 75
(8,58) (7,58) 15
(8,58) (9,58) 20
(9,58) (8,58) 40
(9,58) (10,58) 21
(10,58) (9,58) 58
(1,59) (2,59) 6
(2,59) (1,59) 86
(2,59) (3,59) 71
(3,59) (2,59) 59
(3,59) (4,59) 72
(4,59) (3,59) 48
(4,59) (5,59) 11
(5,59) (4,59) 28
(5,59) (6,59) 87
(6,59) (5,59) 76
(6,59) (7,59) 23
(7,59) (6,59) 76
(7,59) (8,59) 39
(8,59) (7,59) 12
(8,59) (9,59) 89
(9,59) (8,59) 11
(9,59) (10,59) 62
(10,59) (9,59) 5
(1,60) (2,60) 9
(2,60) (1,60) 59
(2,60) (3,60) 36
(3,60) (2,60) 26
(3,60) (4,60) 13
(4,60) (3,60) 97
(4,60) (5,60) 34
(5,60) (4,60) 9
(5,60) (6,60) 48
(6,60) (5,60) 33
(6,60) (7,60) 31
(7,60) (6,60) 34
(7,60) (8,60) 56
(8,60) (7,60) 2
(8,60) (9,60) 12
(9,60) (8,60) 29
(9,60) (10,60) 9
(10,60) (9,60) 74
(1,61) (2,61) 1
(2,61) (1,61) 51
(2,61) (3,61) 54
(3,61) (2,61) 23
(3,61) (4,61) 79
(4,61) (3,61) 85
(4,61) (5,61) 90
(5,61) (4,61) 100
(5,61) (6,61) 53
(6,61) (5,61) 9
(6,61) (7,61) 17
(7,61) (6,61) 10
(7,61) (8,61) 63
(8,61) (7,61) 49
(8,61) (9,61) 86
(9,61) (8,61) 23
(9,61) (10,61) 77
(10,61) (9,61) 22
(1,62) (2,62) 65
(2,62) (1,62) 85
(2,62) (3,62) 6
(3,62) (2,62) 94
(3,62) (4,62) 98
(4,62) (3,62) 71
(4,62) (5,62) 72
(5,62) (4,62) 38
(5,62) (6,62) 76
(6,62) (5,62) 98
(6,62) (7,62) 49
(7,62) (6,62) 4
(7,62) (8,62) 61
(8,62) (7,62) 75
(8,62) (9,62) 61
(9,62) (8,62) 93
(9,62) (10,62) 39
(10,62) (9,62) 46
(1,63) (2,63) 31
(2,63) (1,63) 86
(2,63) (3,63) 8
(3,63) (2,63) 2
(3,63) (4,63) 58
(4,63) (3,63) 85
(4,63) (5,63) 31
(5,63) (4,63) 40
(5,63) (6,63) 8
(6,63) (5,63) 43
(6,63) (7,63) 6
(7,63) (6,63) 98
(7,63) (8,63) 42
(8,63) (7,63) 26
(8,63) (9,63) 41
(9,63) (8,63) 59
(9,63) (10,63) 35
(10,63) (9,63) 29
(1,64) (2,64) 57
(2,64) (1,64) 63
(2,64) (3,64) 99
(3,64) (2,64) 28
(3,64) (4,64) 46
(4,64) (3,64) 78
(4,64) (5,64) 20
(5,64) (4,64) 62
(5,64) (6,64) 46
(6,64) (5,64) 6
(6,64) (7,64) 88
(7,64) (6,64) 32
(7,64) (8,64) 63
(8,64) (7,64) 89
(8,64) (9,64) 79
(9,64) (8,64) 57
(9,64) (10,64) 80
(10,64) (9,64) 32
(1,65) (2,65) 76
(2,65) (1,65) 69
(2,65) (3,65) 33
(3,65) (2,65) 39
(3,65) (4,65) 18
(4,65) (3,65) 15
(4,65) (5,65) 90
(5,65) (4,65) 58
(5,65) (6,65) 96
(6,65) (5,65) 82
(6,65) (7,65) 61
(7,65) (6,65) 5
(7,65) (8,65) 46
(8,65) (7,65) 44
(8,65) (9,65) 8
(9,65) (8,65) 92
(9,65) (10,65) 28
(10,65) (9,65) 78
(1,66) (2,66) 45
(2,66) (1,66) 69
(2,66) (3,66) 58
(3,66) (2,66) 20
(3,66) (4,66) 54
(4,66) (3,66) 72
(4,66) (5,66) 34
(5,66) (4,66) 87
(5,66) (6,66) 56
(6,66) (5,66) 25
(6,66) (7,66) 46
(7,66) (6,66) 24
(7,66) (8,66) 16
(8,66) (7,66) 41
(8,66) (9,66) 17
(9,66) (8,66) 47
(9,66) (10,66) 38
(10,66) (9,66) 47
(1,67) (2,67) 1
(2,67) (1,67) 13
(2,67) (3,67) 38
(3,67) (2,67) 62
(3,67) (4,67) 7
(4,67) (3,67) 87
(4,67) (5,67) 9
(5,67) (4,67) 37
(5,67) (6,67) 30
(6,67) (5,67) 9
(6,67) (7,67) 72
(7,67) (6,67) 22
(7,67) (8,67) 99
(8,67) (7,67) 70
(8,67) (9,67) 65
(9,67) (8,67) 68
(9,67) (10,67) 39
(10,67) (9,67) 66
(1,68) (2,68) 87
(2,68) (1,68) 19
(2,68) (3,68) 75
(3,68) (2,68) 63
(3,68) (4,68) 97
(4,68) (3,68) 98
(4,68) (5,68) 36
(5,68) (4,68) 77
(5,68) (6,68) 94
(6,68) (5,68) 77
(6,68) (7,68) 47
(7,68) (6,68) 38
(7,68) (8,68) 78
(8,68) (7,68) 33
(8,68) (9,68) 68
(9,68) (8,68) 40
(9,68) (10,68) 97
(10,68) (9,68) 58
(1,69) (2,69) 11
(2,69) (1,69) 17
(2,69) (3,69) 42
(3,69) (2,69) 52
(3,69) (4,69) 100
(4,69) (3,69) 1
(4,69) (5,69) 17
(5,69) (4,69) 9
(5,69) (6,69) 40
(6,69) (5,69) 96
(6,69) (7,69) 14
(7,69) (6,69) 46
(7,69) (8,69) 97
(8,69) (7,69) 89
(8,69) (9,69) 90
(9,69) (8,69) 85
(9,69) (10,69) 7
(10,69) (9,69) 30
(1,70) (2,70) 75
(2,70) (1,70) 68
(2,70) (3,70) 66
(3,70) (2,70) 14
(3,70) (4,70) 83
(4,70) (3,70) 36
(4,70) (5,70) 56
(5,70) (4,70) 96
(5,70) (6,70) 38
(6,70) (5,70) 89
(6,70) (7,70) 96
(7,70) (6,70) 50
(7,70) (8,70) 57
(8,70) (7,70) 10
(8,70) (9,70) 52
(9,70) (8,70) 6
(9,70) (10,70) 51
(10,70) (9,70) 41
(1,71) (2,71) 7
(2,71) (1,71) 20
(2,71) (3,71) 79
(3,71) (2,71) 62
(3,71) (4,71) 51
(4,71) (3,71) 71
(4,71) (5,71) 53
(5,71) (4,71) 76
(5,71) (6,71) 95
(6,71) (5,71) 23
(6,71) (7,71) 90
(7,71) (6,71) 77
(7,71) (8,71) 99
(8,71) (7,71) 16
(8,71) (9,71) 16
(9,71) (8,71) 86
(9,71) (10,71) 68
(10,71) (9,71) 64
(1,72) (2,72) 71
(2,72) (1,72) 59
(2,72) (3,72) 74
(3,72) (2,72) 77
(3,72) (4,72) 29
(4,72) (3,72) 83
(4,72) (5,72) 96
(5,72) (4,72) 41
(5,72) (6,72) 88
(6,72) (5,72) 10
(6,72) (7,72) 31
(7,72) (6,72) 73
(7,72) (8,72) 17
(8,72) (7,72) 49
(8,72) (9,72) 8
(9,72) (8,72) 31
(9,72) (10,72) 6
(10,72) (9,72) 19
(1,73) (2,73) 49
(2,73) (1,73) 47
(2,73) (3,73) 45
(3,73) (2,73) 98
(3,73) (4,73) 99
(4,73) (3,73) 73
(4,73) (5,73) 37
(5,73) (4,73) 66
(5,73) (6,73) 9
(6,73) (5,73) 56
(6,73) (7,73) 99
(7,73) (6,73) 1
(7,73) (8,73) 97
(8,73) (7,73) 31
(8,73) (9,73) 77
(9,73) (8,73) 96
(9,73) (10,73) 88
(10,73) (9,73) 73
(1,74) (2,74) 39
(2,74) (1,74) 58
(2,74) (3,74) 32
(3,74) (2,74) 11
(3,74) (4,74) 83
(4,74) (3,74) 79
(4,74) (5,74) 54
(5,74) (4,74) 79
(5,74) (6,74) 90
(6,74) (5,74) 84
(6,74) (7,74) 67
(7,74) (6,74) 52
(7,74) (8,74) 17
(8,74) (7,74) 10
(8,74) (9,74) 80
(9,74) (8,74) 85
(9,74) (10,74) 31
(10,74) (9,74) 12
(1,75) (2,75) 41
(2,75) (1,75) 98
(2,75) (3,75) 33
(3,75) (2,75) 59
(3,75) (4,75) 98
(4,75) (3,75) 10
(4,75) (5,75) 84
(5,75) (4,75) 64
(5,75) (6,75) 98
(6,75) (5,75) 19
(6,75) (7,75) 67
(7,75) (6,75) 5
(7,75) (8,75) 65
(8,75) (7,75) 9
(8,75) (9,75) 76
(9,75) (8,75) 62
(9,75) (10,75) 14
(10,75) (9,75) 78
(1,76) (2,76) 97
(2,76) (1,76) 44
(2,76) (3,76) 90
(3,76) (2,76) 22
(3,76) (4,76) 24
(4,76) (3,76) 17
(4,76) (5,76) 43
(5,76) (4,76) 31
(5,76) (6,76) 46
(6,76) (5,76) 54
(6,76) (7,76) 97
(7,76) (6,76) 28
(7,76) (8,76) 81
(8,76) (7,76) 49
(8,76) (9,76) 94
(9,76) (8,76) 20
(9,76) (10,76) 71
(10,76) (9,76) 21
(1,77) (2,77) 35
(2,77) (1,77) 70
(2,77) (3,77) 91
(3,77) (2,77) 12
(3,77) (4,77) 62
(4,77) (3,77) 72
(4,77) (5,77) 71
(5,77) (4,77) 69
(5,77) (6,77) 83
(6,77) (5,77) 17
(6,77) (7,77) 97
(7,77) (6,77) 89
(7,77) (8,77) 3
(8,77) (7,77) 47
(8,77) (9,77) 32
(9,77) (8,77) 100
(9,77) (10,77) 48
(10,77) (9,77) 37
(1,78) (2,78) 54
(2,78) (1,78) 1
(2,78) (3,78) 8
(3,78) (2,78) 18
(3,78) (4,78) 75
(4,78) (3,78) 90
(4,78) (5,78) 48
(5,78) (4,78) 25
(5,78) (6,78) 13
(6,78) (5,78) 33
(6,78) (7,78) 46
(7,78) (6,78) 54
(7,78) (8,78) 27
(8,78) (7,78) 57
(8,78) (9,78) 38
(9,78) (8,78) 70
(9,78) (10,78) 89
(10,78) (9,78) 37
(1,79) (2,79) 70
(2,79) (1,79) 54
(2,79) (3,79) 2
(3,79) (2,79) 48
(3,79) (4,79) 45
(4,79) (3,79) 99
(4,79) (5,79) 5
(5,79) (4,79) 85
(5,79) (6,79) 34
(6,79) (5,79) 34
(6,79) (7,79) 42
(7,79) (6,79) 65
(7,79) (8,79) 42
(8,79) (7,79) 65
(8,79) (9,79) 53
(9,79) (8,79) 24
(9,79) (10,79) 11
(10,79) (9,79) 4
(1,80) (2,80) 64
(2,80) (1,80) 25
(2,80) (3,80) 77
(3,80) (2,80) 71
(3,80) (4,80) 86
(4,80) (3,80) 10
(4,80) (5,80) 24
(5,80) (4,80) 51
(5,80) (6,80) 37
(6,80) (5,80) 24
(6,80) (7,80) 32
(7,80) (6,80) 91
(7,80) (8,80) 65
(8,80) (7,80) 3
(8,80) (9,80) 21
(9,80) (8,80) 52
(9,80) (10,80) 51
(10,80) (9,80) 10
(1,81) (2,81) 11
(2,81) (1,81) 58
(2,81) (3,81) 56
(3,81) (2,81) 79
(3,81) (4,81) 76
(4,81) (3,81) 63
(4,81) (5,81) 92
(5,81) (4,81) 7
(5,81) (6,81) 33
(6,81) (5,81) 21
(6,81) (7,81) 80
(7,81) (6,81) 57
(7,81) (8,81) 20
(8,81) (7,81) 65
(8,81) (9,81) 91
(9,81) (8,81) 80
(9,81) (10,81) 1
(10,81) (9,81) 78
(1,82) (2,82) 61
(2,82) (1,82) 66
(2,82) (3,82) 100
(3,82) (2,82) 69
(3,82) (4,82) 48
(4,82) (3,82) 48
(4,82) (5,82) 82
(5,82) (4,82) 7
(5,82) (6,82) 84
(6,82) (5,82) 81
(6,82) (7,82) 12
(7,82) (6,82) 44
(7,82) (8,82) 60
(8,82) (7,82) 80
(8,82) (9,82) 72
(9,82) (8,82) 27
(9,82) (10,82) 79
(10,82) (9,82) 90
(1,83) (2,83) 8
(2,83) (1,83) 42
(2,83) (3,83) 2
(3,83) (2,83) 64
(3,83) (4,83) 70
(4,83) (3,83) 54
(4,83) (5,83) 87
(5,83) (4,83) 69
(5,83) (6,83) 2
(6,83) (5,83) 52
(6,83) (7,83) 98
(7,83) (6,83) 72
(7,83) (8,83) 30
(8,83) (7,83) 87
(8,83) (9,83) 88
(9,83) (8,83) 70
(9,83) (10,83) 47
(10,83) (9,83) 54
(1,84) (2,84) 45
(2,84) (1,84) 31
(2,84) (3,84) 38
(3,84) (2,84) 61
(3,84) (4,84) 64
(4,84) (3,84) 48
(4,84) (5,84) 6
(5,84) (4,84) 56
(5,84) (6,84) 83
(6,84) (5,84) 80
(6,84) (7,84) 46
(7,84) (6,84) 88
(7,84) (8,84) 93
(8,84) (7,84) 23
(8,84) (9,84) 96
(9,84) (8,84) 79
(9,84) (10,84) 63
(10,84) (9,84) 89
(1,85) (2,85) 87
(2,85) (1,85) 51
(2,85) (3,85) 42
(3,85) (2,85) 80
(3,85) (4,85) 90
(4,85) (3,85) 95
(4,85) (5,85) 78
(5,85) (4,85) 94
(5,85) (6,85) 77
(6,85) (5,85) 89
(6,85) (7,85) 69
(7,85) (6,85) 13
(7,85) (8,85) 89
(8,85) (7,85) 8
(8,85) (9,85) 44
(9,85) (8,85) 12
(9,85) (10,85) 58
(10,85) (9,85) 14
(1,86) (2,86) 39
(2,86) (1,86) 39
(2,86) (3,86) 72
(3,86) (2,86) 38
(3,86) (4,86) 21
(4,86) (3,86) 80
(4,86) (5,86) 36
(5,86) (4,86) 93
(5,86) (6,86) 98
(6,86) (5,86) 74
(6,86) (7,86) 24
(7,86) (6,86) 30
(7,86) (8,86) 72
(8,86) (7,86) 35
(8,86) (9,86) 18
(9,86) (8,86) 4
(9,86) (10,86) 61
(10,86) (9,86) 9
(1,87) (2,87) 39
(2,87) (1,87) 20
(2,87) (3,87) 19
(3,87) (2,87) 25
(3,87) (4,87) 59
(4,87) (3,87) 37
(4,87) (5,87) 36
(5,87) (4,87) 48
(5,87) (6,87) 25
(6,87) (5,87) 49
(6,87) (7,87) 73
(7,87) (6,87) 71
(7,87) (8,87) 40
(8,87) (7,87) 13
(8,87) (9,87) 89
(9,87) (8,87) 23
(9,87) (10,87) 50
(10,87) (9,87) 20
(1,88) (2,88) 42
(2,88) (1,88) 47
(2,88) (3,88) 82
(3,88) (2,88) 45
(3,88) (4,88) 70
(4,88) (3,88) 54
(4,88) (5,88) 85
(5,88) (4,88) 63
(5,88) (6,88) 14
(6,88) (5,88) 25
(6,88) (7,88) 5
(7,88) (6,88) 58
(7,88) (8,88) 77
(8,88) (7,88) 89
(8,88) (9,88) 18
(9,88) (8,88) 40
(9,88) (10,88) 9
(10,88) (9,88) 85
(1,89) (2,89) 78
(2,89) (1,89) 98
(2,89) (3,89) 43
(3,89) (2,89) 51
(3,89) (4,89) 80
(4,89) (3,89) 74
(4,89) (5,89) 23
(5,89) (4,89) 29
(5,89) (6,89) 98
(6,89) (5,89) 54
(6,89) (7,89) 56
(7,89) (6,89) 76
(7,89) (8,89) 27
(8,89) (7,89) 35
(8,89) (9,89) 37
(9,89) (8,89) 97
(9,89) (10,89) 92
(10,89) (9,89) 20
(1,90) (2,90) 14
(2,90) (1,90) 96
(2,90) (3,90) 19
(3,90) (2,90) 81
(3,90) (4,90) 22
(4,90) (3,90) 2
(4,90) (5,90) 78
(5,90) (4,90) 68
(5,90) (6,90) 85
(6,90) (5,90) 3
(6,90) (7,90) 74
(7,90) (6,90) 83
(7,90) (8,90) 75
(8,90) (7,90) 78
(8,90) (9,90) 8
(9,90) (8,90) 52
(9,90) (10,90) 12
(10,90) (9,90) 17
(1,91) (2,91) 5
(2,91) (1,91) 59
(2,91) (3,91) 24
(3,91) (2,91) 36
(3,91) (4,91) 78
(4,91) (3,91) 14
(4,91) (5,91) 50
(5,91) (4,91) 37
(5,91) (6,91) 3
(6,91) (5,91) 87
(6,91) (7,91) 100
(7,91) (6,91) 50
(7,91) (8,91) 22
(8,91) (7,91) 86
(8,91) (9,91) 73
(9,91) (8,91) 52
(9,91) (10,91) 65
(10,91) (9,91) 6
(1,92) (2,92) 43
(2,92) (1,92) 57
(2,92) (3,92) 36
(3,92) (2,92) 95
(3,92) (4,92) 54
(4,92) (3,92) 61
(4,92) (5,92) 60
(5,92) (4,92) 77
(5,92) (6,92) 91
(6,92) (5,92) 36
(6,92) (7,92) 99
(7,92) (6,92) 60
(7,92) (8,92) 10
(8,92) (7,92) 27
(8,92) (9,92) 13
(9,92) (8,92) 8
(9,92) (10,92) 42
(10,92) (9,92) 74
(1,93) (2,93) 22
(2,93) (1,93) 89
(2,93) (3,93) 50
(3,93) (2,93) 99
(3,93) (4,93) 27
(4,93) (3,93) 72
(4,93) (5,93) 85
(5,93) (4,93) 90
(5,93) (6,93) 28
(6,93) (5,93) 92
(6,93) (7,93) 11
(7,93) (6,93) 33
(7,93) (8,93) 3
(8,93) (7,93) 4
(8,93) (9,93) 68
(9,93) (8,93) 63
(9,93) (10,93) 82
(10,93) (9,93) 10
(1,94) (2,94) 59
(2,94) (1,94) 76
(2,94) (3,94) 63
(3,94) (2,94) 46
(3,94) (4,94) 87
(4,94) (3,94) 79
(4,94) (5,94) 97
(5,94) (4,94) 73
(5,94) (6,94) 78
(6,94) (5,94) 21
(6,94) (7,94) 23
(7,94) (6,94) 45
(7,94) (8,94) 9
(8,94) (7,94) 42
(8,94) (9,94) 85
(9,94) (8,94) 49
(9,94) (10,94) 20
(10,94) (9,94) 86
(1,95) (2,95) 43
(2,95) (1,95) 38
(2,95) (3,95) 73
(3,95) (2,95) 26
(3,95) (4,95) 98
(4,95) (3,95) 70
(4,95) (5,95) 33
(5,95) (4,95) 12
(5,95) (6,95) 30
(6,95) (5,95) 88
(6,95) (7,95) 68
(7,95) (6,95) 57
(7,95) (8,95) 38
(8,95) (7,95) 33
(8,95) (9,95) 12
(9,95) (8,95) 87
(9,95) (10,95) 12
(10,95) (9,95) 18
(1,96) (2,96) 44
(2,96) (1,96) 96
(2,96) (3,96) 76
(3,96) (2,96) 4
(3,96) (4,96) 66
(4,96) (3,96) 62
(4,96) (5,96) 16
(5,96) (4,96) 53
(5,96) (6,96) 23
(6,96) (5,96) 36
(6,96) (7,96) 22
(7,96) (6,96) 96
(7,96) (8,96) 29
(8,96) (7,96) 81
(8,96) (9,96) 82
(9,96) (8,96) 21
(9,96) (10,96) 72
(10,96) (9,96) 52
(1,97) (2,97) 96
(2,97) (1,97) 71
(2,97) (3,97) 42
(3,97) (2,97) 77
(3,97) (4,97) 98
(4,97) (3,97) 63
(4,97) (5,97) 60
(5,97) (4,97) 96
(5,97) (6,97) 27
(6,97) (5,97) 93
(6,97) (7,97) 29
(7,97) (6,97) 88
(7,97) (8,97) 70
(8,97) (7,97) 9
(8,97) (9,97) 5
(9,97) (8,97) 34
(9,97) (10,97) 30
(10,97) (9,97) 100
(1,98) (2,98) 4
(2,98) (1,98) 27
(2,98) (3,98) 24
(3,98) (2,98) 6
(3,98) (4,98) 31
(4,98) (3,98) 92
(4,98) (5,98) 19
(5,98) (4,98) 90
(5,98) (6,98) 12
(6,98) (5,98) 62
(6,98) (7,98) 5
(7,98) (6,98) 57
(7,98) (8,98) 49
(8,98) (7,98) 62
(8,98) (9,98) 6
(9,98) (8,98) 43
(9,98) (10,98) 26
(10,98) (9,98) 31
(1,99) (2,99) 50
(2,99) (1,99) 35
(2,99) (3,99) 60
(3,99) (2,99) 10
(3,99) (4,99) 8
(4,99) (3,99) 1
(4,99) (5,99) 2
(5,99) (4,99) 4
(5,99) (6,99) 70
(6,99) (5,99) 99
(6,99) (7,99) 52
(7,99) (6,99) 52
(7,99) (8,99) 41
(8,99) (7,99) 70
(8,99) (9,99) 23
(9,99) (8,99) 32
(9,99) (10,99) 17
(10,99) (9,99) 91
(1,100) (2,100) 16
(2,100) (1,100) 46
(2,100) (3,100) 7
(3,100) (2,100) 18
(3,100) (4,100) 1
(4,100) (3,100) 62
(4,100) (5,100) 87
(5,100) (4,100) 57
(5,100) (6,100) 5
(6,100) (5,100) 19
(6,100) (7,100) 32
(7,100) (6,100) 51
(7,100) (8,100) 33
(8,100) (7,100) 39
(8,100) (9,100) 31
(9,100) (8,100) 25
(9,100) (10,100) 27
(10,100) (9,100) 73
(1,100) t 35
(2,100) t 2
(3,100) t 88
(4,100) t 19
(5,100) t 31
(6,100) t 47
(7,100) t 99
(8,100) t 56
(9,100) t 51
(10,100) t 61
