s 1 87
s 2 92
s 3 94
s 4 82
s 5 94
s 6 88
s 7 81
s 8 84
s 9 88
s 10 81
s 11 96
s 12 90
s 13 88
s 14 98
s 15 83
s 16 92
s 17 91
s 18 91
s 19 84
s 20 95
s 21 95
s 22 85
s 23 90
s 24 92
s 25 84
s 26 93
s 27 93
s 28 94
s 29 88
s 30 86
s 31 84
s 32 96
s 33 93
s 34 88
s 35 84
s 36 95
s 37 85
s 38 97
s 39 90
s 40 99
s 41 91
s 42 99
s 43 86
s 44 86
s 45 92
s 46 81
s 47 82
s 48 96
s 49 85
s 50 94
s 51 91
s 52 86
s 53 86
s 54 84
s 55 82
s 56 98
s 57 83
s 58 80
s 59 87
s 60 85
s 61 80
s 62 86
s 63 100
s 64 94
s 65 92
s 66 92
s 67 87
s 68 92
s 69 87
s 70 99
s 71 86
s 72 81
s 73 94
s 74 84
s 75 97
s 76 90
s 77 94
s 78 94
s 79 88
s 80 83
s 81 89
s 82 86
s 83 93
s 84 93
s 85 100
s 86 88
s 87 84
s 88 92
s 89 97
s 90 87
s 91 99
s 92 96
s 93 84
s 94 84
s 95 94
s 96 82
s 97 86
s 98 100
s 99 95
1 2 91
1 3 93
1 4 90
1 5 82
1 6 80
1 7 97
1 8 82
1 9 95
1 10 81
1 11 83
1 12 80
1 13 93
1 14 84
1 15 99
1 16 93
1 17 82
1 18 83
1 19 97
1 20 85
1 21 80
1 22 90
1 23 86
1 24 85
1 25 80
1 26 89
1 27 81
1 28 89
1 29 95
1 30 100
1 31 100
1 32 82
1 33 85
1 34 95
1 35 82
1 36 88
1 37 85
1 38 96
1 39 98
1 40 90
1 41 88
1 42 82
1 43 88
1 44 99
1 45 93
1 46 92
1 47 88
1 48 98
1 49 95
1 50 81
1 51 80
1 52 97
1 53 88
1 54 81
1 55 88
1 56 87
1 57 94
1 58 97
1 59 81
1 60 98
1 61 93
1 62 99
1 63 90
1 64 88
1 65 80
1 66 83
1 67 87
1 68 97
1 69 98
1 70 95
1 71 86
1 72 100
1 73 88
1 74 90
1 75 83
1 76 94
1 77 83
1 78 80
1 79 98
1 80 85
1 81 98
1 82 95
1 83 99
1 84 84
1 85 85
1 86 85
1 87 84
1 88 88
1 89 95
1 90 94
1 91 82
1 92 81
1 93 85
1 94 89
1 95 94
1 96 94
1 97 100
1 98 84
1 99 83
2 1 91
2 3 96
2 4 98
2 5 93
2 6 81
2 7 88
2 8 82
2 9 84
2 10 93
2 11 89
2 12 82
2 13 84
2 14 94
2 15 97
2 16 81
2 17 81
2 18 94
2 19 96
2 20 94
2 21 87
2 22 96
2 23 80
2 24 92
2 25 94
2 26 92
2 27 93
2 28 80
2 29 89
2 30 91
2 31 97
2 32 85
2 33 83
2 34 85
2 35 95
2 36 93
2 37 93
2 38 86
2 39 92
2 40 98
2 41 97
2 42 89
2 43 82
2 44 97
2 45 80
2 46 88
2 47 94
2 48 82
2 49 84
2 50 96
2 51 84
2 52 86
2 53 91
2 54 88
2 55 90
2 56 83
2 57 90
2 58 90
2 59 97
2 60 92
2 61 81
2 62 83
2 63 86
2 64 90
2 65 87
2 66 92
2 67 84
2 68 86
2 69 84
2 70 99
2 71 84
2 72 82
2 73 87
2 74 90
2 75 90
2 76 95
2 77 94
2 78 91
2 79 99
2 80 83
2 81 88
2 82 81
2 83 82
2 84 84
2 85 97
2 86 87
2 87 99
2 88 80
2 89 80
2 90 87
2 91 98
2 92 94
2 93 96
2 94 96
2 95 95
2 96 83
2 97 82
2 98 88
2 99 89
3 1 93
3 2 96
3 4 80
3 5 94
3 6 98
3 7 97
3 8 82
3 9 89
3 10 83
3 11 87
3 12 98
3 13 95
3 14 84
3 15 93
3 16 82
3 17 90
3 18 90
3 19 92
3 20 95
3 21 99
3 22 93
3 23 93
3 24 88
3 25 80
3 26 87
3 27 80
3 28 95
3 29 100
3 30 90
3 31 86
3 32 89
3 33 83
3 34 90
3 35 82
3 36 80
3 37 85
3 38 96
3 39 92
3 40 90
3 41 94
3 42 82
3 43 88
3 44 87
3 45 98
3 46 95
3 47 97
3 48 89
3 49 86
3 50 94
3 51 83
3 52 93
3 53 92
3 54 83
3 55 96
3 56 81
3 57 80
3 58 97
3 59 80
3 60 99
3 61 96
3 62 98
3 63 95
3 64 82
3 65 84
3 66 82
3 67 80
3 68 86
3 69 87
3 70 85
3 71 80
3 72 87
3 73 81
3 74 90
3 75 83
3 76 95
3 77 86
3 78 100
3 79 100
3 80 81
3 81 83
3 82 98
3 83 97
3 84 86
3 85 83
3 86 89
3 87 82
3 88 93
3 89 91
3 90 81
3 91 90
3 92 88
3 93 83
3 94 97
3 95 90
3 96 92
3 97 87
3 98 95
3 99 90
4 1 90
4 2 98
4 3 80
4 5 88
4 6 100
4 7 93
4 8 92
4 9 84
4 10 82
4 11 92
4 12 86
4 13 89
4 14 87
4 15 85
4 16 80
4 17 88
4 18 83
4 19 81
4 20 89
4 21 93
4 22 98
4 23 83
4 24 87
4 25 82
4 26 95
4 27 94
4 28 98
4 29 80
4 30 86
4 31 89
4 32 88
4 33 92
4 34 92
4 35 91
4 36 89
4 37 96
4 38 90
4 39 98
4 40 86
4 41 88
4 42 90
4 43 80
4 44 81
4 45 88
4 46 80
4 47 93
4 48 100
4 49 82
4 50 95
4 51 86
4 52 87
4 53 81
4 54 90
4 55 95
4 56 89
4 57 89
4 58 85
4 59 91
4 60 81
4 61 90
4 62 95
4 63 86
4 64 99
4 65 93
4 66 85
4 67 91
4 68 84
4 69 94
4 70 92
4 71 87
4 72 89
4 73 81
4 74 96
4 75 99
4 76 92
4 77 93
4 78 87
4 79 84
4 80 91
4 81 95
4 82 84
4 83 80
4 84 100
4 85 99
4 86 80
4 87 100
4 88 90
4 89 85
4 90 99
4 91 93
4 92 100
4 93 96
4 94 82
4 95 99
4 96 95
4 97 85
4 98 100
4 99 99
5 1 82
5 2 93
5 3 94
5 4 88
5 6 88
5 7 93
5 8 93
5 9 100
5 10 97
5 11 83
5 12 92
5 13 87
5 14 88
5 15 95
5 16 80
5 17 80
5 18 87
5 19 82
5 20 80
5 21 98
5 22 100
5 23 90
5 24 89
5 25 89
5 26 87
5 27 100
5 28 88
5 29 98
5 30 81
5 31 82
5 32 98
5 33 94
5 34 87
5 35 81
5 36 91
5 37 87
5 38 86
5 39 80
5 40 98
5 41 80
5 42 99
5 43 81
5 44 82
5 45 86
5 46 91
5 47 91
5 48 96
5 49 85
5 50 81
5 51 90
5 52 82
5 53 94
5 54 84
5 55 96
5 56 86
5 57 81
5 58 87
5 59 91
5 60 95
5 61 89
5 62 95
5 63 93
5 64 96
5 65 95
5 66 87
5 67 97
5 68 86
5 69 86
5 70 82
5 71 88
5 72 86
5 73 87
5 74 99
5 75 88
5 76 96
5 77 99
5 78 86
5 79 81
5 80 99
5 81 97
5 82 96
5 83 90
5 84 91
5 85 87
5 86 98
5 87 80
5 88 95
5 89 89
5 90 100
5 91 81
5 92 98
5 93 100
5 94 96
5 95 81
5 96 86
5 97 95
5 98 99
5 99 81
6 1 80
6 2 81
6 3 98
6 4 100
6 5 88
6 7 93
6 8 85
6 9 91
6 10 83
6 11 92
6 12 92
6 13 99
6 14 100
6 15 83
6 16 90
6 17 100
6 18 99
6 19 81
6 20 91
6 21 93
6 22 91
6 23 94
6 24 93
6 25 83
6 26 86
6 27 84
6 28 98
6 29 92
6 30 84
6 31 81
6 32 83
6 33 94
6 34 89
6 35 100
6 36 96
6 37 94
6 38 82
6 39 84
6 40 89
6 41 91
6 42 98
6 43 86
6 44 84
6 45 83
6 46 89
6 47 83
6 48 82
6 49 90
6 50 82
6 51 100
6 52 96
6 53 86
6 54 87
6 55 81
6 56 95
6 57 95
6 58 89
6 59 81
6 60 92
6 61 94
6 62 94
6 63 83
6 64 88
6 65 84
6 66 88
6 67 94
6 68 98
6 69 100
6 70 99
6 71 90
6 72 96
6 73 84
6 74 92
6 75 85
6 76 95
6 77 85
6 78 87
6 79 97
6 80 90
6 81 90
6 82 86
6 83 91
6 84 100
6 85 91
6 86 83
6 87 96
6 88 94
6 89 100
6 90 83
6 91 96
6 92 86
6 93 92
6 94 85
6 95 87
6 96 86
6 97 87
6 98 91
6 99 98
7 1 97
7 2 88
7 3 97
7 4 93
7 5 93
7 6 93
7 8 87
7 9 88
7 10 84
7 11 93
7 12 96
7 13 93
7 14 83
7 15 81
7 16 92
7 17 99
7 18 99
7 19 82
7 20 91
7 21 90
7 22 86
7 23 99
7 24 86
7 25 89
7 26 88
7 27 99
7 28 98
7 29 96
7 30 99
7 31 99
7 32 98
7 33 92
7 34 90
7 35 85
7 36 91
7 37 82
7 38 94
7 39 88
7 40 93
7 41 91
7 42 89
7 43 80
7 44 88
7 45 96
7 46 99
7 47 87
7 48 92
7 49 83
7 50 95
7 51 94
7 52 83
7 53 86
7 54 80
7 55 91
7 56 84
7 57 85
7 58 92
7 59 88
7 60 99
7 61 89
7 62 91
7 63 97
7 64 92
7 65 85
7 66 95
7 67 81
7 68 97
7 69 85
7 70 95
7 71 95
7 72 94
7 73 89
7 74 89
7 75 99
7 76 85
7 77 82
7 78 84
7 79 92
7 80 91
7 81 81
7 82 88
7 83 100
7 84 96
7 85 95
7 86 91
7 87 92
7 88 89
7 89 80
7 90 89
7 91 93
7 92 94
7 93 95
7 94 97
7 95 87
7 96 96
7 97 80
7 98 80
7 99 90
8 1 82
8 2 82
8 3 82
8 4 92
8 5 93
8 6 85
8 7 87
8 9 94
8 10 86
8 11 97
8 12 81
8 13 92
8 14 100
8 15 81
8 16 85
8 17 88
8 18 85
8 19 86
8 20 97
8 21 96
8 22 93
8 23 88
8 24 85
8 25 92
8 26 83
8 27 83
8 28 86
8 29 90
8 30 89
8 31 85
8 32 82
8 33 97
8 34 100
8 35 81
8 36 95
8 37 95
8 38 92
8 39 99
8 40 85
8 41 80
8 42 99
8 43 82
8 44 98
8 45 100
8 46 84
8 47 84
8 48 85
8 49 84
8 50 89
8 51 84
8 52 100
8 53 89
8 54 89
8 55 89
8 56 92
8 57 94
8 58 81
8 59 82
8 60 99
8 61 80
8 62 93
8 63 98
8 64 98
8 65 88
8 66 84
8 67 96
8 68 95
8 69 94
8 70 99
8 71 91
8 72 86
8 73 91
8 74 88
8 75 92
8 76 100
8 77 100
8 78 100
8 79 99
8 80 80
8 81 80
8 82 99
8 83 100
8 84 80
8 85 98
8 86 94
8 87 86
8 88 98
8 89 85
8 90 99
8 91 89
8 92 86
8 93 95
8 94 89
8 95 95
8 96 99
8 97 88
8 98 100
8 99 100
9 1 95
9 2 84
9 3 89
9 4 84
9 5 100
9 6 91
9 7 88
9 8 94
9 10 89
9 11 96
9 12 93
9 13 99
9 14 93
9 15 97
9 16 86
9 17 82
9 18 83
9 19 93
9 20 86
9 21 88
9 22 84
9 23 88
9 24 82
9 25 94
9 26 95
9 27 85
9 28 82
9 29 95
9 30 86
9 31 91
9 32 84
9 33 80
9 34 84
9 35 88
9 36 97
9 37 83
9 38 90
9 39 98
9 40 91
9 41 93
9 42 98
9 43 81
9 44 80
9 45 98
9 46 88
9 47 93
9 48 98
9 49 96
9 50 97
9 51 96
9 52 95
9 53 98
9 54 94
9 55 97
9 56 95
9 57 90
9 58 94
9 59 94
9 60 84
9 61 93
9 62 99
9 63 89
9 64 84
9 65 98
9 66 91
9 67 80
9 68 89
9 69 98
9 70 95
9 71 99
9 72 99
9 73 88
9 74 84
9 75 92
9 76 85
9 77 98
9 78 84
9 79 98
9 80 93
9 81 90
9 82 85
9 83 86
9 84 82
9 85 82
9 86 83
9 87 93
9 88 80
9 89 93
9 90 99
9 91 95
9 92 84
9 93 88
9 94 98
9 95 99
9 96 92
9 97 93
9 98 84
9 99 82
10 1 81
10 2 93
10 3 83
10 4 82
10 5 97
10 6 83
10 7 84
10 8 86
10 9 89
10 11 96
10 12 81
10 13 85
10 14 93
10 15 80
10 16 94
10 17 81
10 18 93
10 19 95
10 20 91
10 21 99
10 22 98
10 23 87
10 24 84
10 25 88
10 26 85
10 27 97
10 28 99
10 29 81
10 30 99
10 31 87
10 32 98
10 33 97
10 34 94
10 35 80
10 36 94
10 37 97
10 38 91
10 39 86
10 40 83
10 41 80
10 42 86
10 43 84
10 44 84
10 45 88
10 46 87
10 47 85
10 48 80
10 49 90
10 50 87
10 51 81
10 52 88
10 53 86
10 54 81
10 55 97
10 56 97
10 57 82
10 58 94
10 59 91
10 60 100
10 61 84
10 62 80
10 63 84
10 64 95
10 65 88
10 66 85
10 67 91
10 68 87
10 69 96
10 70 99
10 71 100
10 72 93
10 73 89
10 74 97
10 75 96
10 76 84
10 77 81
10 78 94
10 79 81
10 80 88
10 81 81
10 82 80
10 83 100
10 84 95
10 85 84
10 86 81
10 87 83
10 88 82
10 89 96
10 90 100
10 91 88
10 92 82
10 93 98
10 94 91
10 95 84
10 96 93
10 97 81
10 98 80
10 99 88
11 1 83
11 2 89
11 3 87
11 4 92
11 5 83
11 6 92
11 7 93
11 8 97
11 9 96
11 10 96
11 12 80
11 13 84
11 14 87
11 15 80
11 16 88
11 17 89
11 18 81
11 19 85
11 20 97
11 21 90
11 22 94
11 23 80
11 24 92
11 25 98
11 26 100
11 27 85
11 28 93
11 29 89
11 30 100
11 31 100
11 32 82
11 33 100
11 34 100
11 35 80
11 36 99
11 37 82
11 38 92
11 39 97
11 40 83
11 41 80
11 42 100
11 43 92
11 44 86
11 45 99
11 46 85
11 47 83
11 48 90
11 49 89
11 50 95
11 51 88
11 52 88
11 53 90
11 54 82
11 55 98
11 56 91
11 57 97
11 58 90
11 59 97
11 60 93
11 61 80
11 62 85
11 63 97
11 64 81
11 65 89
11 66 89
11 67 93
11 68 90
11 69 85
11 70 99
11 71 93
11 72 90
11 73 84
11 74 84
11 75 96
11 76 90
11 77 98
11 78 95
11 79 99
11 80 84
11 81 89
11 82 83
11 83 86
11 84 94
11 85 89
11 86 95
11 87 83
11 88 100
11 89 83
11 90 91
11 91 99
11 92 81
11 93 93
11 94 87
11 95 89
11 96 90
11 97 84
11 98 91
11 99 98
12 1 80
12 2 82
12 3 98
12 4 86
12 5 92
12 6 92
12 7 96
12 8 81
12 9 93
12 10 81
12 11 80
12 13 87
12 14 90
12 15 85
12 16 92
12 17 81
12 18 83
12 19 82
12 20 90
12 21 84
12 22 94
12 23 87
12 24 92
12 25 95
12 26 98
12 27 99
12 28 85
12 29 83
12 30 82
12 31 98
12 32 84
12 33 83
12 34 92
12 35 94
12 36 99
12 37 88
12 38 92
12 39 83
12 40 98
12 41 96
12 42 86
12 43 100
12 44 90
12 45 94
12 46 92
12 47 96
12 48 92
12 49 99
12 50 91
12 51 91
12 52 95
12 53 98
12 54 91
12 55 89
12 56 93
12 57 82
12 58 95
12 59 85
12 60 88
12 61 81
12 62 97
12 63 97
12 64 91
12 65 94
12 66 96
12 67 94
12 68 96
12 69 92
12 70 96
12 71 81
12 72 97
12 73 97
12 74 99
12 75 85
12 76 92
12 77 80
12 78 95
12 79 99
12 80 89
12 81 96
12 82 93
12 83 100
12 84 88
12 85 83
12 86 80
12 87 85
12 88 80
12 89 91
12 90 93
12 91 87
12 92 90
12 93 95
12 94 100
12 95 99
12 96 96
12 97 96
12 98 84
12 99 93
13 1 93
13 2 84
13 3 95
13 4 89
13 5 87
13 6 99
13 7 93
13 8 92
13 9 99
13 10 85
13 11 84
13 12 87
13 14 81
13 15 100
13 16 89
13 17 91
13 18 100
13 19 89
13 20 90
13 21 86
13 22 85
13 23 95
13 24 87
13 25 82
13 26 92
13 27 100
13 28 100
13 29 94
13 30 94
13 31 90
13 32 93
13 33 94
13 34 90
13 35 87
13 36 93
13 37 97
13 38 93
13 39 98
13 40 94
13 41 92
13 42 99
13 43 96
13 44 87
13 45 94
13 46 98
13 47 97
13 48 81
13 49 80
13 50 87
13 51 85
13 52 84
13 53 87
13 54 97
13 55 89
13 56 81
13 57 98
13 58 95
13 59 83
13 60 90
13 61 89
13 62 99
13 63 80
13 64 83
13 65 95
13 66 82
13 67 88
13 68 82
13 69 86
13 70 99
13 71 86
13 72 80
13 73 85
13 74 100
13 75 100
13 76 87
13 77 88
13 78 99
13 79 97
13 80 89
13 81 84
13 82 96
13 83 90
13 84 83
13 85 84
13 86 90
13 87 99
13 88 94
13 89 92
13 90 98
13 91 100
13 92 96
13 93 95
13 94 87
13 95 87
13 96 99
13 97 95
13 98 90
13 99 100
14 1 84
14 2 94
14 3 84
14 4 87
14 5 88
14 6 100
14 7 83
14 8 100
14 9 93
14 10 93
14 11 87
14 12 90
14 13 81
14 15 80
14 16 84
14 17 86
14 18 99
14 19 81
14 20 86
14 21 91
14 22 96
14 23 93
14 24 81
14 25 89
14 26 92
14 27 97
14 28 80
14 29 93
14 30 89
14 31 90
14 32 95
14 33 98
14 34 92
14 35 98
14 36 85
14 37 84
14 38 83
14 39 91
14 40 100
14 41 97
14 42 83
14 43 95
14 44 94
14 45 82
14 46 86
14 47 95
14 48 98
14 49 92
14 50 91
14 51 92
14 52 89
14 53 90
14 54 80
14 55 87
14 56 94
14 57 87
14 58 92
14 59 85
14 60 92
14 61 100
14 62 97
14 63 97
14 64 96
14 65 85
14 66 93
14 67 93
14 68 90
14 69 86
14 70 90
14 71 89
14 72 92
14 73 85
14 74 99
14 75 87
14 76 94
14 77 90
14 78 95
14 79 81
14 80 86
14 81 89
14 82 82
14 83 97
14 84 100
14 85 80
14 86 95
14 87 92
14 88 80
14 89 99
14 90 89
14 91 99
14 92 89
14 93 97
14 94 84
14 95 94
14 96 91
14 97 81
14 98 100
14 99 89
15 1 99
15 2 97
15 3 93
15 4 85
15 5 95
15 6 83
15 7 81
15 8 81
15 9 97
15 10 80
15 11 80
15 12 85
15 13 100
15 14 80
15 16 92
15 17 91
15 18 85
15 19 84
15 20 83
15 21 95
15 22 89
15 23 84
15 24 81
15 25 91
15 26 86
15 27 94
15 28 91
15 29 92
15 30 93
15 31 90
15 32 98
15 33 91
15 34 82
15 35 93
15 36 81
15 37 80
15 38 86
15 39 92
15 40 83
15 41 98
15 42 95
15 43 97
15 44 98
15 45 80
15 46 100
15 47 91
15 48 86
15 49 82
15 50 86
15 51 88
15 52 86
15 53 96
15 54 87
15 55 94
15 56 88
15 57 91
15 58 95
15 59 80
15 60 81
15 61 99
15 62 87
15 63 83
15 64 100
15 65 90
15 66 100
15 67 84
15 68 88
15 69 85
15 70 84
15 71 90
15 72 98
15 73 84
15 74 80
15 75 95
15 76 100
15 77 92
15 78 95
15 79 98
15 80 97
15 81 87
15 82 80
15 83 92
15 84 90
15 85 98
15 86 91
15 87 97
15 88 93
15 89 100
15 90 85
15 91 85
15 92 83
15 93 97
15 94 83
15 95 98
15 96 97
15 97 81
15 98 100
15 99 92
16 1 93
16 2 81
16 3 82
16 4 80
16 5 80
16 6 90
16 7 92
16 8 85
16 9 86
16 10 94
16 11 88
16 12 92
16 13 89
16 14 84
16 15 92
16 17 86
16 18 85
16 19 85
16 20 98
16 21 100
16 22 86
16 23 81
16 24 83
16 25 95
16 26 92
16 27 90
16 28 80
16 29 81
16 30 89
16 31 82
16 32 86
16 33 94
16 34 81
16 35 84
16 36 81
16 37 86
16 38 90
16 39 96
16 40 97
16 41 81
16 42 83
16 43 81
16 44 84
16 45 87
16 46 80
16 47 100
16 48 83
16 49 94
16 50 93
16 51 94
16 52 98
16 53 96
16 54 96
16 55 100
16 56 99
16 57 85
16 58 81
16 59 95
16 60 92
16 61 86
16 62 88
16 63 86
16 64 92
16 65 85
16 66 85
16 67 97
16 68 96
16 69 88
16 70 85
16 71 80
16 72 82
16 73 81
16 74 86
16 75 83
16 76 87
16 77 84
16 78 93
16 79 95
16 80 100
16 81 82
16 82 84
16 83 92
16 84 85
16 85 96
16 86 98
16 87 97
16 88 80
16 89 87
16 90 86
16 91 88
16 92 92
16 93 88
16 94 90
16 95 91
16 96 84
16 97 80
16 98 81
16 99 100
17 1 82
17 2 81
17 3 90
17 4 88
17 5 80
17 6 100
17 7 99
17 8 88
17 9 82
17 10 81
17 11 89
17 12 81
17 13 91
17 14 86
17 15 91
17 16 86
17 18 87
17 19 80
17 20 84
17 21 99
17 22 88
17 23 97
17 24 84
17 25 98
17 26 99
17 27 98
17 28 99
17 29 96
17 30 100
17 31 93
17 32 98
17 33 92
17 34 87
17 35 85
17 36 86
17 37 80
17 38 85
17 39 100
17 40 95
17 41 91
17 42 80
17 43 84
17 44 98
17 45 82
17 46 93
17 47 82
17 48 88
17 49 83
17 50 84
17 51 96
17 52 95
17 53 96
17 54 91
17 55 93
17 56 83
17 57 99
17 58 94
17 59 82
17 60 97
17 61 94
17 62 97
17 63 96
17 64 90
17 65 100
17 66 81
17 67 88
17 68 82
17 69 98
17 70 84
17 71 85
17 72 92
17 73 99
17 74 94
17 75 81
17 76 87
17 77 99
17 78 80
17 79 98
17 80 88
17 81 99
17 82 100
17 83 98
17 84 100
17 85 90
17 86 90
17 87 93
17 88 87
17 89 90
17 90 94
17 91 97
17 92 97
17 93 81
17 94 95
17 95 89
17 96 97
17 97 99
17 98 91
17 99 99
18 1 83
18 2 94
18 3 90
18 4 83
18 5 87
18 6 99
18 7 99
18 8 85
18 9 83
18 10 93
18 11 81
18 12 83
18 13 100
18 14 99
18 15 85
18 16 85
18 17 87
18 19 81
18 20 94
18 21 82
18 22 82
18 23 89
18 24 91
18 25 93
18 26 87
18 27 91
18 28 97
18 29 85
18 30 94
18 31 95
18 32 91
18 33 97
18 34 86
18 35 92
18 36 87
18 37 88
18 38 94
18 39 90
18 40 95
18 41 98
18 42 95
18 43 80
18 44 94
18 45 98
18 46 92
18 47 81
18 48 97
18 49 88
18 50 95
18 51 81
18 52 86
18 53 97
18 54 100
18 55 95
18 56 85
18 57 91
18 58 87
18 59 82
18 60 88
18 61 100
18 62 87
18 63 87
18 64 89
18 65 93
18 66 94
18 67 83
18 68 97
18 69 97
18 70 96
18 71 84
18 72 80
18 73 91
18 74 84
18 75 94
18 76 80
18 77 86
18 78 87
18 79 96
18 80 94
18 81 99
18 82 83
18 83 89
18 84 100
18 85 81
18 86 91
18 87 90
18 88 94
18 89 86
18 90 98
18 91 87
18 92 88
18 93 99
18 94 95
18 95 95
18 96 100
18 97 95
18 98 82
18 99 88
19 1 97
19 2 96
19 3 92
19 4 81
19 5 82
19 6 81
19 7 82
19 8 86
19 9 93
19 10 95
19 11 85
19 12 82
19 13 89
19 14 81
19 15 84
19 16 85
19 17 80
19 18 81
19 20 92
19 21 97
19 22 80
19 23 81
19 24 86
19 25 96
19 26 85
19 27 94
19 28 97
19 29 84
19 30 96
19 31 87
19 32 87
19 33 99
19 34 97
19 35 95
19 36 100
19 37 98
19 38 85
19 39 100
19 40 85
19 41 88
19 42 100
19 43 94
19 44 89
19 45 98
19 46 85
19 47 89
19 48 99
19 49 82
19 50 91
19 51 83
19 52 95
19 53 89
19 54 81
19 55 91
19 56 98
19 57 80
19 58 98
19 59 85
19 60 90
19 61 90
19 62 92
19 63 91
19 64 97
19 65 82
19 66 90
19 67 97
19 68 84
19 69 86
19 70 100
19 71 85
19 72 99
19 73 80
19 74 88
19 75 96
19 76 88
19 77 81
19 78 94
19 79 80
19 80 80
19 81 99
19 82 95
19 83 81
19 84 86
19 85 94
19 86 90
19 87 83
19 88 99
19 89 90
19 90 88
19 91 86
19 92 89
19 93 81
19 94 94
19 95 82
19 96 84
19 97 81
19 98 96
19 99 100
20 1 85
20 2 94
20 3 95
20 4 89
20 5 80
20 6 91
20 7 91
20 8 97
20 9 86
20 10 91
20 11 97
20 12 90
20 13 90
20 14 86
20 15 83
20 16 98
20 17 84
20 18 94
20 19 92
20 21 81
20 22 97
20 23 95
20 24 84
20 25 87
20 26 82
20 27 96
20 28 100
20 29 83
20 30 83
20 31 86
20 32 84
20 33 90
20 34 92
20 35 100
20 36 87
20 37 86
20 38 93
20 39 93
20 40 83
20 41 87
20 42 82
20 43 83
20 44 84
20 45 89
20 46 100
20 47 83
20 48 80
20 49 97
20 50 92
20 51 92
20 52 92
20 53 94
20 54 92
20 55 83
20 56 95
20 57 81
20 58 82
20 59 100
20 60 81
20 61 86
20 62 89
20 63 82
20 64 91
20 65 87
20 66 83
20 67 83
20 68 84
20 69 90
20 70 94
20 71 82
20 72 92
20 73 86
20 74 97
20 75 90
20 76 92
20 77 93
20 78 86
20 79 80
20 80 97
20 81 88
20 82 92
20 83 95
20 84 87
20 85 97
20 86 80
20 87 84
20 88 93
20 89 90
20 90 85
20 91 81
20 92 90
20 93 91
20 94 95
20 95 85
20 96 100
20 97 90
20 98 85
20 99 91
21 1 80
21 2 87
21 3 99
21 4 93
21 5 98
21 6 93
21 7 90
21 8 96
21 9 88
21 10 99
21 11 90
21 12 84
21 13 86
21 14 91
21 15 95
21 16 100
21 17 99
21 18 82
21 19 97
21 20 81
21 22 80
21 23 82
21 24 96
21 25 83
21 26 90
21 27 85
21 28 94
21 29 86
21 30 81
21 31 83
21 32 82
21 33 80
21 34 82
21 35 94
21 36 87
21 37 90
21 38 87
21 39 90
21 40 91
21 41 95
21 42 96
21 43 93
21 44 87
21 45 87
21 46 97
21 47 87
21 48 83
21 49 99
21 50 80
21 51 81
21 52 88
21 53 87
21 54 82
21 55 93
21 56 91
21 57 90
21 58 95
21 59 87
21 60 93
21 61 94
21 62 94
21 63 86
21 64 84
21 65 91
21 66 89
21 67 94
21 68 84
21 69 100
21 70 90
21 71 89
21 72 91
21 73 95
21 74 97
21 75 84
21 76 85
21 77 94
21 78 99
21 79 86
21 80 83
21 81 98
21 82 80
21 83 94
21 84 100
21 85 92
21 86 81
21 87 87
21 88 85
21 89 87
21 90 82
21 91 93
21 92 94
21 93 84
21 94 91
21 95 86
21 96 96
21 97 89
21 98 92
21 99 84
22 1 90
22 2 96
22 3 93
22 4 98
22 5 100
22 6 91
22 7 86
22 8 93
22 9 84
22 10 98
22 11 94
22 12 94
22 13 85
22 14 96
22 15 89
22 16 86
22 17 88
22 18 82
22 19 80
22 20 97
22 21 80
22 23 95
22 24 84
22 25 89
22 26 91
22 27 96
22 28 84
22 29 84
22 30 84
22 31 92
22 32 96
22 33 82
22 34 97
22 35 83
22 36 93
22 37 90
22 38 98
22 39 91
22 40 97
22 41 81
22 42 89
22 43 85
22 44 87
22 45 85
22 46 86
22 47 87
22 48 91
22 49 99
22 50 84
22 51 97
22 52 99
22 53 94
22 54 94
22 55 86
22 56 85
22 57 98
22 58 87
22 59 91
22 60 94
22 61 97
22 62 91
22 63 86
22 64 81
22 65 83
22 66 98
22 67 95
22 68 92
22 69 87
22 70 80
22 71 82
22 72 85
22 73 83
22 74 92
22 75 96
22 76 93
22 77 95
22 78 92
22 79 99
22 80 95
22 81 80
22 82 100
22 83 88
22 84 89
22 85 99
22 86 80
22 87 88
22 88 85
22 89 80
22 90 94
22 91 84
22 92 89
22 93 87
22 94 90
22 95 89
22 96 86
22 97 86
22 98 89
22 99 94
23 1 86
23 2 80
23 3 93
23 4 83
23 5 90
23 6 94
23 7 99
23 8 88
23 9 88
23 10 87
23 11 80
23 12 87
23 13 95
23 14 93
23 15 84
23 16 81
23 17 97
23 18 89
23 19 81
23 20 95
23 21 82
23 22 95
23 24 93
23 25 94
23 26 100
23 27 81
23 28 98
23 29 81
23 30 87
23 31 86
23 32 99
23 33 88
23 34 91
23 35 100
23 36 99
23 37 84
23 38 87
23 39 81
23 40 100
23 41 97
23 42 94
23 43 94
23 44 97
23 45 98
23 46 90
23 47 80
23 48 85
23 49 98
23 50 94
23 51 96
23 52 96
23 53 91
23 54 94
23 55 84
23 56 98
23 57 97
23 58 82
23 59 81
23 60 86
23 61 93
23 62 84
23 63 93
23 64 97
23 65 82
23 66 87
23 67 82
23 68 83
23 69 97
23 70 89
23 71 94
23 72 83
23 73 97
23 74 80
23 75 94
23 76 86
23 77 85
23 78 82
23 79 91
23 80 89
23 81 100
23 82 99
23 83 96
23 84 100
23 85 96
23 86 99
23 87 81
23 88 89
23 89 91
23 90 97
23 91 90
23 92 96
23 93 99
23 94 93
23 95 94
23 96 90
23 97 96
23 98 91
23 99 90
24 1 85
24 2 92
24 3 88
24 4 87
24 5 89
24 6 93
24 7 86
24 8 85
24 9 82
24 10 84
24 11 92
24 12 92
24 13 87
24 14 81
24 15 81
24 16 83
24 17 84
24 18 91
24 19 86
24 20 84
24 21 96
24 22 84
24 23 93
24 25 91
24 26 99
24 27 100
24 28 99
24 29 89
24 30 82
24 31 85
24 32 88
24 33 86
24 34 83
24 35 86
24 36 81
24 37 98
24 38 95
24 39 95
24 40 85
24 41 80
24 42 89
24 43 99
24 44 99
24 45 81
24 46 94
24 47 88
24 48 83
24 49 96
24 50 100
24 51 85
24 52 88
24 53 80
24 54 97
24 55 98
24 56 95
24 57 81
24 58 95
24 59 81
24 60 95
24 61 99
24 62 89
24 63 100
24 64 98
24 65 87
24 66 80
24 67 81
24 68 94
24 69 80
24 70 93
24 71 100
24 72 81
24 73 85
24 74 84
24 75 93
24 76 80
24 77 97
24 78 82
24 79 100
24 80 96
24 81 100
24 82 83
24 83 92
24 84 93
24 85 91
24 86 84
24 87 96
24 88 100
24 89 83
24 90 87
24 91 80
24 92 84
24 93 96
24 94 92
24 95 93
24 96 99
24 97 90
24 98 95
24 99 83
25 1 80
25 2 94
25 3 80
25 4 82
25 5 89
25 6 83
25 7 89
25 8 92
25 9 94
25 10 88
25 11 98
25 12 95
25 13 82
25 14 89
25 15 91
25 16 95
25 17 98
25 18 93
25 19 96
25 20 87
25 21 83
25 22 89
25 23 94
25 24 91
25 26 80
25 27 84
25 28 93
25 29 91
25 30 88
25 31 87
25 32 85
25 33 93
25 34 82
25 35 91
25 36 82
25 37 81
25 38 90
25 39 80
25 40 90
25 41 91
25 42 86
25 43 96
25 44 82
25 45 89
25 46 88
25 47 93
25 48 99
25 49 87
25 50 93
25 51 88
25 52 98
25 53 93
25 54 90
25 55 81
25 56 95
25 57 81
25 58 88
25 59 92
25 60 83
25 61 89
25 62 86
25 63 92
25 64 81
25 65 88
25 66 93
25 67 86
25 68 88
25 69 88
25 70 92
25 71 95
25 72 88
25 73 88
25 74 98
25 75 89
25 76 93
25 77 86
25 78 84
25 79 95
25 80 83
25 81 92
25 82 86
25 83 88
25 84 81
25 85 94
25 86 87
25 87 93
25 88 88
25 89 87
25 90 86
25 91 98
25 92 98
25 93 90
25 94 91
25 95 93
25 96 100
25 97 84
25 98 89
25 99 87
26 1 89
26 2 92
26 3 87
26 4 95
26 5 87
26 6 86
26 7 88
26 8 83
26 9 95
26 10 85
26 11 100
26 12 98
26 13 92
26 14 92
26 15 86
26 16 92
26 17 99
26 18 87
26 19 85
26 20 82
26 21 90
26 22 91
26 23 100
26 24 99
26 25 80
26 27 90
26 28 80
26 29 88
26 30 88
26 31 85
26 32 97
26 33 95
26 34 89
26 35 100
26 36 86
26 37 87
26 38 97
26 39 93
26 40 99
26 41 91
26 42 93
26 43 85
26 44 86
26 45 90
26 46 86
26 47 94
26 48 92
26 49 98
26 50 96
26 51 87
26 52 83
26 53 82
26 54 95
26 55 84
26 56 99
26 57 93
26 58 96
26 59 90
26 60 96
26 61 85
26 62 92
26 63 89
26 64 92
26 65 100
26 66 98
26 67 98
26 68 90
26 69 83
26 70 97
26 71 84
26 72 84
26 73 98
26 74 100
26 75 89
26 76 81
26 77 84
26 78 84
26 79 91
26 80 88
26 81 94
26 82 99
26 83 90
26 84 87
26 85 93
26 86 80
26 87 84
26 88 96
26 89 90
26 90 89
26 91 80
26 92 100
26 93 86
26 94 84
26 95 82
26 96 95
26 97 92
26 98 81
26 99 95
27 1 81
27 2 93
27 3 80
27 4 94
27 5 100
27 6 84
27 7 99
27 8 83
27 9 85
27 10 97
27 11 85
27 12 99
27 13 100
27 14 97
27 15 94
27 16 90
27 17 98
27 18 91
27 19 94
27 20 96
27 21 85
27 22 96
27 23 81
27 24 100
27 25 84
27 26 90
27 28 95
27 29 81
27 30 93
27 31 92
27 32 86
27 33 90
27 34 82
27 35 81
27 36 95
27 37 92
27 38 89
27 39 95
27 40 82
27 41 93
27 42 90
27 43 97
27 44 99
27 45 95
27 46 84
27 47 81
27 48 90
27 49 88
27 50 96
27 51 99
27 52 95
27 53 80
27 54 89
27 55 85
27 56 85
27 57 90
27 58 100
27 59 82
27 60 99
27 61 82
27 62 100
27 63 80
27 64 80
27 65 87
27 66 97
27 67 94
27 68 84
27 69 84
27 70 96
27 71 97
27 72 87
27 73 89
27 74 93
27 75 93
27 76 100
27 77 80
27 78 88
27 79 97
27 80 90
27 81 81
27 82 93
27 83 97
27 84 85
27 85 90
27 86 89
27 87 87
27 88 95
27 89 95
27 90 81
27 91 85
27 92 94
27 93 97
27 94 100
27 95 99
27 96 90
27 97 90
27 98 88
27 99 93
28 1 89
28 2 80
28 3 95
28 4 98
28 5 88
28 6 98
28 7 98
28 8 86
28 9 82
28 10 99
28 11 93
28 12 85
28 13 100
28 14 80
28 15 91
28 16 80
28 17 99
28 18 97
28 19 97
28 20 100
28 21 94
28 22 84
28 23 98
28 24 99
28 25 93
28 26 80
28 27 95
28 29 81
28 30 94
28 31 90
28 32 82
28 33 99
28 34 82
28 35 80
28 36 81
28 37 97
28 38 83
28 39 90
28 40 97
28 41 90
28 42 95
28 43 92
28 44 96
28 45 94
28 46 88
28 47 87
28 48 91
28 49 94
28 50 100
28 51 81
28 52 86
28 53 83
28 54 95
28 55 92
28 56 88
28 57 85
28 58 88
28 59 81
28 60 96
28 61 91
28 62 86
28 63 99
28 64 100
28 65 93
28 66 99
28 67 98
28 68 100
28 69 99
28 70 81
28 71 84
28 72 94
28 73 83
28 74 86
28 75 96
28 76 97
28 77 93
28 78 99
28 79 96
28 80 100
28 81 92
28 82 88
28 83 94
28 84 90
28 85 96
28 86 94
28 87 94
28 88 80
28 89 81
28 90 98
28 91 97
28 92 89
28 93 93
28 94 100
28 95 80
28 96 97
28 97 88
28 98 100
28 99 83
29 1 95
29 2 89
29 3 100
29 4 80
29 5 98
29 6 92
29 7 96
29 8 90
29 9 95
29 10 81
29 11 89
29 12 83
29 13 94
29 14 93
29 15 92
29 16 81
29 17 96
29 18 85
29 19 84
29 20 83
29 21 86
29 22 84
29 23 81
29 24 89
29 25 91
29 26 88
29 27 81
29 28 81
29 30 86
29 31 86
29 32 83
29 33 92
29 34 88
29 35 91
29 36 89
29 37 88
29 38 99
29 39 100
29 40 94
29 41 97
29 42 90
29 43 80
29 44 93
29 45 82
29 46 84
29 47 80
29 48 90
29 49 94
29 50 81
29 51 100
29 52 81
29 53 96
29 54 95
29 55 92
29 56 87
29 57 98
29 58 99
29 59 91
29 60 92
29 61 85
29 62 88
29 63 96
29 64 84
29 65 99
29 66 100
29 67 82
29 68 90
29 69 84
29 70 100
29 71 81
29 72 95
29 73 83
29 74 82
29 75 80
29 76 99
29 77 100
29 78 91
29 79 82
29 80 92
29 81 90
29 82 90
29 83 90
29 84 83
29 85 85
29 86 81
29 87 98
29 88 97
29 89 82
29 90 84
29 91 91
29 92 83
29 93 83
29 94 88
29 95 100
29 96 82
29 97 87
29 98 89
29 99 84
30 1 100
30 2 91
30 3 90
30 4 86
30 5 81
30 6 84
30 7 99
30 8 89
30 9 86
30 10 99
30 11 100
30 12 82
30 13 94
30 14 89
30 15 93
30 16 89
30 17 100
30 18 94
30 19 96
30 20 83
30 21 81
30 22 84
30 23 87
30 24 82
30 25 88
30 26 88
30 27 93
30 28 94
30 29 86
30 31 93
30 32 98
30 33 99
30 34 100
30 35 99
30 36 82
30 37 81
30 38 93
30 39 99
30 40 94
30 41 93
30 42 100
30 43 81
30 44 94
30 45 98
30 46 86
30 47 96
30 48 99
30 49 81
30 50 82
30 51 97
30 52 87
30 53 97
30 54 89
30 55 96
30 56 99
30 57 86
30 58 87
30 59 93
30 60 98
30 61 85
30 62 85
30 63 83
30 64 89
30 65 89
30 66 92
30 67 81
30 68 97
30 69 87
30 70 84
30 71 95
30 72 86
30 73 88
30 74 81
30 75 99
30 76 82
30 77 92
30 78 84
30 79 93
30 80 89
30 81 81
30 82 81
30 83 83
30 84 91
30 85 93
30 86 87
30 87 97
30 88 100
30 89 91
30 90 93
30 91 87
30 92 80
30 93 84
30 94 92
30 95 90
30 96 81
30 97 98
30 98 100
30 99 89
31 1 100
31 2 97
31 3 86
31 4 89
31 5 82
31 6 81
31 7 99
31 8 85
31 9 91
31 10 87
31 11 100
31 12 98
31 13 90
31 14 90
31 15 90
31 16 82
31 17 93
31 18 95
31 19 87
31 20 86
31 21 83
31 22 92
31 23 86
31 24 85
31 25 87
31 26 85
31 27 92
31 28 90
31 29 86
31 30 93
31 32 94
31 33 84
31 34 82
31 35 86
31 36 80
31 37 89
31 38 94
31 39 81
31 40 83
31 41 86
31 42 81
31 43 91
31 44 98
31 45 83
31 46 80
31 47 88
31 48 88
31 49 80
31 50 97
31 51 86
31 52 84
31 53 87
31 54 95
31 55 80
31 56 95
31 57 89
31 58 98
31 59 80
31 60 90
31 61 93
31 62 83
31 63 95
31 64 81
31 65 93
31 66 86
31 67 89
31 68 98
31 69 83
31 70 96
31 71 85
31 72 87
31 73 95
31 74 88
31 75 90
31 76 92
31 77 93
31 78 86
31 79 92
31 80 80
31 81 89
31 82 83
31 83 98
31 84 98
31 85 99
31 86 94
31 87 82
31 88 88
31 89 82
31 90 87
31 91 86
31 92 96
31 93 94
31 94 88
31 95 85
31 96 81
31 97 99
31 98 98
31 99 80
32 1 82
32 2 85
32 3 89
32 4 88
32 5 98
32 6 83
32 7 98
32 8 82
32 9 84
32 10 98
32 11 82
32 12 84
32 13 93
32 14 95
32 15 98
32 16 86
32 17 98
32 18 91
32 19 87
32 20 84
32 21 82
32 22 96
32 23 99
32 24 88
32 25 85
32 26 97
32 27 86
32 28 82
32 29 83
32 30 98
32 31 94
32 33 80
32 34 96
32 35 86
32 36 99
32 37 98
32 38 100
32 39 87
32 40 84
32 41 93
32 42 82
32 43 93
32 44 94
32 45 99
32 46 97
32 47 87
32 48 100
32 49 96
32 50 94
32 51 85
32 52 88
32 53 87
32 54 84
32 55 87
32 56 82
32 57 91
32 58 80
32 59 99
32 60 89
32 61 80
32 62 92
32 63 96
32 64 92
32 65 99
32 66 85
32 67 95
32 68 93
32 69 99
32 70 93
32 71 88
32 72 96
32 73 93
32 74 93
32 75 83
32 76 80
32 77 91
32 78 99
32 79 87
32 80 99
32 81 100
32 82 90
32 83 89
32 84 90
32 85 89
32 86 84
32 87 89
32 88 100
32 89 98
32 90 83
32 91 99
32 92 81
32 93 84
32 94 90
32 95 91
32 96 94
32 97 97
32 98 81
32 99 98
33 1 85
33 2 83
33 3 83
33 4 92
33 5 94
33 6 94
33 7 92
33 8 97
33 9 80
33 10 97
33 11 100
33 12 83
33 13 94
33 14 98
33 15 91
33 16 94
33 17 92
33 18 97
33 19 99
33 20 90
33 21 80
33 22 82
33 23 88
33 24 86
33 25 93
33 26 95
33 27 90
33 28 99
33 29 92
33 30 99
33 31 84
33 32 80
33 34 98
33 35 96
33 36 82
33 37 97
33 38 90
33 39 83
33 40 85
33 41 94
33 42 85
33 43 80
33 44 90
33 45 92
33 46 100
33 47 93
33 48 93
33 49 93
33 50 98
33 51 84
33 52 85
33 53 87
33 54 99
33 55 81
33 56 100
33 57 80
33 58 94
33 59 97
33 60 88
33 61 99
33 62 91
33 63 93
33 64 80
33 65 97
33 66 100
33 67 94
33 68 95
33 69 97
33 70 82
33 71 91
33 72 85
33 73 98
33 74 89
33 75 82
33 76 90
33 77 94
33 78 86
33 79 83
33 80 96
33 81 85
33 82 94
33 83 88
33 84 94
33 85 81
33 86 95
33 87 88
33 88 90
33 89 90
33 90 98
33 91 100
33 92 95
33 93 95
33 94 80
33 95 85
33 96 86
33 97 97
33 98 100
33 99 99
34 1 95
34 2 85
34 3 90
34 4 92
34 5 87
34 6 89
34 7 90
34 8 100
34 9 84
34 10 94
34 11 100
34 12 92
34 13 90
34 14 92
34 15 82
34 16 81
34 17 87
34 18 86
34 19 97
34 20 92
34 21 82
34 22 97
34 23 91
34 24 83
34 25 82
34 26 89
34 27 82
34 28 82
34 29 88
34 30 100
34 31 82
34 32 96
34 33 98
34 35 88
34 36 92
34 37 81
34 38 92
34 39 86
34 40 90
34 41 88
34 42 88
34 43 95
34 44 91
34 45 82
34 46 100
34 47 83
34 48 97
34 49 91
34 50 100
34 51 96
34 52 89
34 53 94
34 54 100
34 55 97
34 56 97
34 57 83
34 58 95
34 59 93
34 60 100
34 61 96
34 62 92
34 63 82
34 64 100
34 65 100
34 66 87
34 67 92
34 68 84
34 69 92
34 70 97
34 71 95
34 72 95
34 73 92
34 74 100
34 75 97
34 76 88
34 77 92
34 78 100
34 79 95
34 80 89
34 81 90
34 82 95
34 83 96
34 84 100
34 85 88
34 86 95
34 87 98
34 88 98
34 89 89
34 90 89
34 91 94
34 92 84
34 93 95
34 94 80
34 95 99
34 96 86
34 97 93
34 98 83
34 99 85
35 1 82
35 2 95
35 3 82
35 4 91
35 5 81
35 6 100
35 7 85
35 8 81
35 9 88
35 10 80
35 11 80
35 12 94
35 13 87
35 14 98
35 15 93
35 16 84
35 17 85
35 18 92
35 19 95
35 20 100
35 21 94
35 22 83
35 23 100
35 24 86
35 25 91
35 26 100
35 27 81
35 28 80
35 29 91
35 30 99
35 31 86
35 32 86
35 33 96
35 34 88
35 36 83
35 37 96
35 38 96
35 39 92
35 40 83
35 41 81
35 42 96
35 43 86
35 44 85
35 45 85
35 46 84
35 47 84
35 48 91
35 49 83
35 50 94
35 51 81
35 52 83
35 53 92
35 54 85
35 55 100
35 56 83
35 57 82
35 58 97
35 59 83
35 60 100
35 61 90
35 62 99
35 63 96
35 64 92
35 65 82
35 66 80
35 67 81
35 68 95
35 69 96
35 70 92
35 71 90
35 72 85
35 73 86
35 74 87
35 75 100
35 76 87
35 77 93
35 78 96
35 79 83
35 80 81
35 81 88
35 82 97
35 83 92
35 84 99
35 85 90
35 86 87
35 87 90
35 88 92
35 89 93
35 90 87
35 91 88
35 92 87
35 93 97
35 94 93
35 95 83
35 96 94
35 97 85
35 98 93
35 99 98
36 1 88
36 2 93
36 3 80
36 4 89
36 5 91
36 6 96
36 7 91
36 8 95
36 9 97
36 10 94
36 11 99
36 12 99
36 13 93
36 14 85
36 15 81
36 16 81
36 17 86
36 18 87
36 19 100
36 20 87
36 21 87
36 22 93
36 23 99
36 24 81
36 25 82
36 26 86
36 27 95
36 28 81
36 29 89
36 30 82
36 31 80
36 32 99
36 33 82
36 34 92
36 35 83
36 37 91
36 38 99
36 39 99
36 40 97
36 41 86
36 42 95
36 43 96
36 44 99
36 45 82
36 46 89
36 47 82
36 48 88
36 49 83
36 50 82
36 51 95
36 52 84
36 53 96
36 54 93
36 55 89
36 56 88
36 57 89
36 58 86
36 59 85
36 60 82
36 61 91
36 62 95
36 63 87
36 64 100
36 65 88
36 66 90
36 67 93
36 68 95
36 69 98
36 70 89
36 71 93
36 72 89
36 73 82
36 74 88
36 75 81
36 76 90
36 77 99
36 78 85
36 79 98
36 80 95
36 81 89
36 82 87
36 83 100
36 84 86
36 85 99
36 86 86
36 87 83
36 88 96
36 89 92
36 90 88
36 91 92
36 92 95
36 93 84
36 94 91
36 95 88
36 96 82
36 97 98
36 98 84
36 99 82
37 1 85
37 2 93
37 3 85
37 4 96
37 5 87
37 6 94
37 7 82
37 8 95
37 9 83
37 10 97
37 11 82
37 12 88
37 13 97
37 14 84
37 15 80
37 16 86
37 17 80
37 18 88
37 19 98
37 20 86
37 21 90
37 22 90
37 23 84
37 24 98
37 25 81
37 26 87
37 27 92
37 28 97
37 29 88
37 30 81
37 31 89
37 32 98
37 33 97
37 34 81
37 35 96
37 36 91
37 38 87
37 39 85
37 40 97
37 41 91
37 42 93
37 43 94
37 44 100
37 45 93
37 46 97
37 47 90
37 48 92
37 49 88
37 50 90
37 51 99
37 52 80
37 53 96
37 54 98
37 55 85
37 56 89
37 57 98
37 58 81
37 59 89
37 60 92
37 61 82
37 62 96
37 63 80
37 64 88
37 65 87
37 66 85
37 67 93
37 68 84
37 69 90
37 70 91
37 71 90
37 72 96
37 73 93
37 74 89
37 75 94
37 76 97
37 77 100
37 78 91
37 79 88
37 80 86
37 81 88
37 82 93
37 83 96
37 84 97
37 85 83
37 86 94
37 87 86
37 88 94
37 89 96
37 90 90
37 91 98
37 92 88
37 93 90
37 94 93
37 95 82
37 96 86
37 97 97
37 98 96
37 99 93
38 1 96
38 2 86
38 3 96
38 4 90
38 5 86
38 6 82
38 7 94
38 8 92
38 9 90
38 10 91
38 11 92
38 12 92
38 13 93
38 14 83
38 15 86
38 16 90
38 17 85
38 18 94
38 19 85
38 20 93
38 21 87
38 22 98
38 23 87
38 24 95
38 25 90
38 26 97
38 27 89
38 28 83
38 29 99
38 30 93
38 31 94
38 32 100
38 33 90
38 34 92
38 35 96
38 36 99
38 37 87
38 39 93
38 40 82
38 41 92
38 42 83
38 43 97
38 44 92
38 45 82
38 46 97
38 47 98
38 48 87
38 49 94
38 50 92
38 51 100
38 52 81
38 53 97
38 54 94
38 55 91
38 56 96
38 57 85
38 58 98
38 59 97
38 60 95
38 61 88
38 62 88
38 63 95
38 64 95
38 65 89
38 66 90
38 67 100
38 68 90
38 69 96
38 70 83
38 71 83
38 72 96
38 73 91
38 74 80
38 75 98
38 76 94
38 77 92
38 78 80
38 79 80
38 80 84
38 81 100
38 82 100
38 83 81
38 84 90
38 85 92
38 86 91
38 87 92
38 88 86
38 89 100
38 90 92
38 91 100
38 92 95
38 93 84
38 94 85
38 95 90
38 96 85
38 97 99
38 98 96
38 99 99
39 1 98
39 2 92
39 3 92
39 4 98
39 5 80
39 6 84
39 7 88
39 8 99
39 9 98
39 10 86
39 11 97
39 12 83
39 13 98
39 14 91
39 15 92
39 16 96
39 17 100
39 18 90
39 19 100
39 20 93
39 21 90
39 22 91
39 23 81
39 24 95
39 25 80
39 26 93
39 27 95
39 28 90
39 29 100
39 30 99
39 31 81
39 32 87
39 33 83
39 34 86
39 35 92
39 36 99
39 37 85
39 38 93
39 40 89
39 41 85
39 42 90
39 43 98
39 44 88
39 45 92
39 46 97
39 47 95
39 48 92
39 49 85
39 50 85
39 51 86
39 52 99
39 53 93
39 54 82
39 55 87
39 56 84
39 57 98
39 58 80
39 59 86
39 60 96
39 61 94
39 62 95
39 63 81
39 64 98
39 65 93
39 66 100
39 67 85
39 68 96
39 69 88
39 70 94
39 71 95
39 72 92
39 73 96
39 74 80
39 75 96
39 76 81
39 77 93
39 78 80
39 79 94
39 80 80
39 81 85
39 82 94
39 83 94
39 84 96
39 85 85
39 86 92
39 87 88
39 88 87
39 89 97
39 90 85
39 91 84
39 92 95
39 93 88
39 94 80
39 95 85
39 96 95
39 97 98
39 98 84
39 99 87
40 1 90
40 2 98
40 3 90
40 4 86
40 5 98
40 6 89
40 7 93
40 8 85
40 9 91
40 10 83
40 11 83
40 12 98
40 13 94
40 14 100
40 15 83
40 16 97
40 17 95
40 18 95
40 19 85
40 20 83
40 21 91
40 22 97
40 23 100
40 24 85
40 25 90
40 26 99
40 27 82
40 28 97
40 29 94
40 30 94
40 31 83
40 32 84
40 33 85
40 34 90
40 35 83
40 36 97
40 37 97
40 38 82
40 39 89
40 41 95
40 42 81
40 43 96
40 44 90
40 45 98
40 46 100
40 47 89
40 48 86
40 49 100
40 50 92
40 51 84
40 52 85
40 53 93
40 54 94
40 55 99
40 56 85
40 57 90
40 58 81
40 59 95
40 60 86
40 61 100
40 62 90
40 63 97
40 64 96
40 65 91
40 66 96
40 67 94
40 68 94
40 69 93
40 70 89
40 71 80
40 72 97
40 73 97
40 74 91
40 75 88
40 76 88
40 77 93
40 78 81
40 79 97
40 80 91
40 81 82
40 82 100
40 83 82
40 84 85
40 85 89
40 86 92
40 87 99
40 88 81
40 89 84
40 90 86
40 91 96
40 92 96
40 93 87
40 94 99
40 95 92
40 96 97
40 97 89
40 98 82
40 99 91
41 1 88
41 2 97
41 3 94
41 4 88
41 5 80
41 6 91
41 7 91
41 8 80
41 9 93
41 10 80
41 11 80
41 12 96
41 13 92
41 14 97
41 15 98
41 16 81
41 17 91
41 18 98
41 19 88
41 20 87
41 21 95
41 22 81
41 23 97
41 24 80
41 25 91
41 26 91
41 27 93
41 28 90
41 29 97
41 30 93
41 31 86
41 32 93
41 33 94
41 34 88
41 35 81
41 36 86
41 37 91
41 38 92
41 39 85
41 40 95
41 42 92
41 43 81
41 44 98
41 45 84
41 46 90
41 47 82
41 48 100
41 49 95
41 50 88
41 51 90
41 52 88
41 53 98
41 54 95
41 55 88
41 56 97
41 57 94
41 58 83
41 59 91
41 60 82
41 61 96
41 62 83
41 63 88
41 64 86
41 65 85
41 66 91
41 67 88
41 68 81
41 69 98
41 70 92
41 71 84
41 72 99
41 73 88
41 74 95
41 75 97
41 76 82
41 77 95
41 78 84
41 79 94
41 80 99
41 81 87
41 82 85
41 83 85
41 84 83
41 85 100
41 86 97
41 87 92
41 88 100
41 89 84
41 90 85
41 91 97
41 92 100
41 93 97
41 94 83
41 95 86
41 96 88
41 97 100
41 98 88
41 99 92
42 1 82
42 2 89
42 3 82
42 4 90
42 5 99
42 6 98
42 7 89
42 8 99
42 9 98
42 10 86
42 11 100
42 12 86
42 13 99
42 14 83
42 15 95
42 16 83
42 17 80
42 18 95
42 19 100
42 20 82
42 21 96
42 22 89
42 23 94
42 24 89
42 25 86
42 26 93
42 27 90
42 28 95
42 29 90
42 30 100
42 31 81
42 32 82
42 33 85
42 34 88
42 35 96
42 36 95
42 37 93
42 38 83
42 39 90
42 40 81
42 41 92
42 43 91
42 44 89
42 45 100
42 46 91
42 47 92
42 48 97
42 49 91
42 50 85
42 51 90
42 52 83
42 53 87
42 54 81
42 55 80
42 56 97
42 57 89
42 58 90
42 59 97
42 60 96
42 61 80
42 62 85
42 63 80
42 64 85
42 65 83
42 66 83
42 67 81
42 68 87
42 69 89
42 70 83
42 71 94
42 72 99
42 73 94
42 74 98
42 75 81
42 76 87
42 77 99
42 78 100
42 79 98
42 80 97
42 81 88
42 82 100
42 83 84
42 84 97
42 85 85
42 86 92
42 87 100
42 88 83
42 89 90
42 90 98
42 91 94
42 92 98
42 93 85
42 94 98
42 95 100
42 96 84
42 97 81
42 98 92
42 99 80
43 1 88
43 2 82
43 3 88
43 4 80
43 5 81
43 6 86
43 7 80
43 8 82
43 9 81
43 10 84
43 11 92
43 12 100
43 13 96
43 14 95
43 15 97
43 16 81
43 17 84
43 18 80
43 19 94
43 20 83
43 21 93
43 22 85
43 23 94
43 24 99
43 25 96
43 26 85
43 27 97
43 28 92
43 29 80
43 30 81
43 31 91
43 32 93
43 33 80
43 34 95
43 35 86
43 36 96
43 37 94
43 38 97
43 39 98
43 40 96
43 41 81
43 42 91
43 44 97
43 45 91
43 46 100
43 47 90
43 48 93
43 49 95
43 50 80
43 51 98
43 52 100
43 53 85
43 54 94
43 55 98
43 56 86
43 57 82
43 58 83
43 59 87
43 60 87
43 61 88
43 62 97
43 63 91
43 64 90
43 65 83
43 66 98
43 67 95
43 68 82
43 69 95
43 70 89
43 71 85
43 72 86
43 73 89
43 74 86
43 75 81
43 76 89
43 77 97
43 78 99
43 79 94
43 80 83
43 81 89
43 82 90
43 83 87
43 84 92
43 85 99
43 86 95
43 87 81
43 88 92
43 89 93
43 90 81
43 91 98
43 92 83
43 93 98
43 94 93
43 95 92
43 96 93
43 97 86
43 98 97
43 99 84
44 1 99
44 2 97
44 3 87
44 4 81
44 5 82
44 6 84
44 7 88
44 8 98
44 9 80
44 10 84
44 11 86
44 12 90
44 13 87
44 14 94
44 15 98
44 16 84
44 17 98
44 18 94
44 19 89
44 20 84
44 21 87
44 22 87
44 23 97
44 24 99
44 25 82
44 26 86
44 27 99
44 28 96
44 29 93
44 30 94
44 31 98
44 32 94
44 33 90
44 34 91
44 35 85
44 36 99
44 37 100
44 38 92
44 39 88
44 40 90
44 41 98
44 42 89
44 43 97
44 45 86
44 46 97
44 47 83
44 48 89
44 49 98
44 50 88
44 51 92
44 52 87
44 53 87
44 54 94
44 55 97
44 56 97
44 57 88
44 58 82
44 59 86
44 60 83
44 61 91
44 62 82
44 63 94
44 64 90
44 65 98
44 66 86
44 67 91
44 68 92
44 69 94
44 70 93
44 71 88
44 72 95
44 73 100
44 74 81
44 75 86
44 76 95
44 77 90
44 78 93
44 79 81
44 80 81
44 81 95
44 82 89
44 83 94
44 84 94
44 85 91
44 86 87
44 87 88
44 88 98
44 89 85
44 90 95
44 91 86
44 92 88
44 93 98
44 94 93
44 95 92
44 96 91
44 97 94
44 98 92
44 99 85
45 1 93
45 2 80
45 3 98
45 4 88
45 5 86
45 6 83
45 7 96
45 8 100
45 9 98
45 10 88
45 11 99
45 12 94
45 13 94
45 14 82
45 15 80
45 16 87
45 17 82
45 18 98
45 19 98
45 20 89
45 21 87
45 22 85
45 23 98
45 24 81
45 25 89
45 26 90
45 27 95
45 28 94
45 29 82
45 30 98
45 31 83
45 32 99
45 33 92
45 34 82
45 35 85
45 36 82
45 37 93
45 38 82
45 39 92
45 40 98
45 41 84
45 42 100
45 43 91
45 44 86
45 46 85
45 47 93
45 48 95
45 49 96
45 50 90
45 51 97
45 52 90
45 53 88
45 54 93
45 55 81
45 56 86
45 57 85
45 58 83
45 59 81
45 60 92
45 61 100
45 62 86
45 63 88
45 64 81
45 65 95
45 66 89
45 67 99
45 68 86
45 69 89
45 70 86
45 71 81
45 72 99
45 73 84
45 74 85
45 75 83
45 76 81
45 77 92
45 78 83
45 79 81
45 80 85
45 81 91
45 82 99
45 83 86
45 84 89
45 85 80
45 86 94
45 87 84
45 88 83
45 89 81
45 90 94
45 91 85
45 92 85
45 93 94
45 94 92
45 95 91
45 96 86
45 97 94
45 98 97
45 99 89
46 1 92
46 2 88
46 3 95
46 4 80
46 5 91
46 6 89
46 7 99
46 8 84
46 9 88
46 10 87
46 11 85
46 12 92
46 13 98
46 14 86
46 15 100
46 16 80
46 17 93
46 18 92
46 19 85
46 20 100
46 21 97
46 22 86
46 23 90
46 24 94
46 25 88
46 26 86
46 27 84
46 28 88
46 29 84
46 30 86
46 31 80
46 32 97
46 33 100
46 34 100
46 35 84
46 36 89
46 37 97
46 38 97
46 39 97
46 40 100
46 41 90
46 42 91
46 43 100
46 44 97
46 45 85
46 47 89
46 48 92
46 49 93
46 50 91
46 51 95
46 52 98
46 53 92
46 54 99
46 55 99
46 56 80
46 57 81
46 58 100
46 59 86
46 60 100
46 61 87
46 62 94
46 63 83
46 64 81
46 65 99
46 66 99
46 67 95
46 68 80
46 69 80
46 70 80
46 71 83
46 72 86
46 73 93
46 74 95
46 75 81
46 76 96
46 77 91
46 78 94
46 79 93
46 80 80
46 81 95
46 82 87
46 83 82
46 84 85
46 85 94
46 86 92
46 87 97
46 88 80
46 89 97
46 90 95
46 91 100
46 92 98
46 93 94
46 94 89
46 95 84
46 96 95
46 97 81
46 98 100
46 99 95
47 1 88
47 2 94
47 3 97
47 4 93
47 5 91
47 6 83
47 7 87
47 8 84
47 9 93
47 10 85
47 11 83
47 12 96
47 13 97
47 14 95
47 15 91
47 16 100
47 17 82
47 18 81
47 19 89
47 20 83
47 21 87
47 22 87
47 23 80
47 24 88
47 25 93
47 26 94
47 27 81
47 28 87
47 29 80
47 30 96
47 31 88
47 32 87
47 33 93
47 34 83
47 35 84
47 36 82
47 37 90
47 38 98
47 39 95
47 40 89
47 41 82
47 42 92
47 43 90
47 44 83
47 45 93
47 46 89
47 48 88
47 49 98
47 50 97
47 51 93
47 52 90
47 53 94
47 54 90
47 55 98
47 56 87
47 57 89
47 58 99
47 59 88
47 60 83
47 61 81
47 62 99
47 63 90
47 64 80
47 65 81
47 66 94
47 67 90
47 68 92
47 69 82
47 70 86
47 71 98
47 72 95
47 73 91
47 74 96
47 75 99
47 76 100
47 77 83
47 78 100
47 79 90
47 80 98
47 81 96
47 82 82
47 83 98
47 84 81
47 85 98
47 86 97
47 87 90
47 88 81
47 89 95
47 90 98
47 91 98
47 92 100
47 93 84
47 94 87
47 95 83
47 96 86
47 97 81
47 98 91
47 99 95
48 1 98
48 2 82
48 3 89
48 4 100
48 5 96
48 6 82
48 7 92
48 8 85
48 9 98
48 10 80
48 11 90
48 12 92
48 13 81
48 14 98
48 15 86
48 16 83
48 17 88
48 18 97
48 19 99
48 20 80
48 21 83
48 22 91
48 23 85
48 24 83
48 25 99
48 26 92
48 27 90
48 28 91
48 29 90
48 30 99
48 31 88
48 32 100
48 33 93
48 34 97
48 35 91
48 36 88
48 37 92
48 38 87
48 39 92
48 40 86
48 41 100
48 42 97
48 43 93
48 44 89
48 45 95
48 46 92
48 47 88
48 49 93
48 50 91
48 51 80
48 52 88
48 53 95
48 54 81
48 55 87
48 56 91
48 57 96
48 58 99
48 59 81
48 60 100
48 61 83
48 62 86
48 63 99
48 64 81
48 65 86
48 66 83
48 67 82
48 68 87
48 69 90
48 70 92
48 71 84
48 72 83
48 73 94
48 74 100
48 75 85
48 76 85
48 77 85
48 78 84
48 79 97
48 80 84
48 81 100
48 82 100
48 83 95
48 84 81
48 85 94
48 86 84
48 87 81
48 88 89
48 89 94
48 90 96
48 91 86
48 92 100
48 93 85
48 94 99
48 95 84
48 96 90
48 97 98
48 98 86
48 99 80
49 1 95
49 2 84
49 3 86
49 4 82
49 5 85
49 6 90
49 7 83
49 8 84
49 9 96
49 10 90
49 11 89
49 12 99
49 13 80
49 14 92
49 15 82
49 16 94
49 17 83
49 18 88
49 19 82
49 20 97
49 21 99
49 22 99
49 23 98
49 24 96
49 25 87
49 26 98
49 27 88
49 28 94
49 29 94
49 30 81
49 31 80
49 32 96
49 33 93
49 34 91
49 35 83
49 36 83
49 37 88
49 38 94
49 39 85
49 40 100
49 41 95
49 42 91
49 43 95
49 44 98
49 45 96
49 46 93
49 47 98
49 48 93
49 50 84
49 51 100
49 52 100
49 53 95
49 54 92
49 55 86
49 56 88
49 57 91
49 58 90
49 59 100
49 60 100
49 61 86
49 62 94
49 63 81
49 64 86
49 65 80
49 66 83
49 67 98
49 68 95
49 69 86
49 70 89
49 71 97
49 72 95
49 73 83
49 74 91
49 75 85
49 76 86
49 77 92
49 78 100
49 79 89
49 80 86
49 81 98
49 82 95
49 83 83
49 84 93
49 85 81
49 86 83
49 87 83
49 88 80
49 89 92
49 90 94
49 91 89
49 92 92
49 93 90
49 94 95
49 95 93
49 96 97
49 97 98
49 98 97
49 99 81
50 1 81
50 2 96
50 3 94
50 4 95
50 5 81
50 6 82
50 7 95
50 8 89
50 9 97
50 10 87
50 11 95
50 12 91
50 13 87
50 14 91
50 15 86
50 16 93
50 17 84
50 18 95
50 19 91
50 20 92
50 21 80
50 22 84
50 23 94
50 24 100
50 25 93
50 26 96
50 27 96
50 28 100
50 29 81
50 30 82
50 31 97
50 32 94
50 33 98
50 34 100
50 35 94
50 36 82
50 37 90
50 38 92
50 39 85
50 40 92
50 41 88
50 42 85
50 43 80
50 44 88
50 45 90
50 46 91
50 47 97
50 48 91
50 49 84
50 51 98
50 52 90
50 53 96
50 54 93
50 55 89
50 56 97
50 57 87
50 58 85
50 59 95
50 60 96
50 61 99
50 62 99
50 63 92
50 64 85
50 65 87
50 66 84
50 67 91
50 68 81
50 69 92
50 70 83
50 71 99
50 72 94
50 73 100
50 74 84
50 75 95
50 76 98
50 77 95
50 78 87
50 79 97
50 80 91
50 81 85
50 82 97
50 83 95
50 84 84
50 85 93
50 86 95
50 87 100
50 88 82
50 89 90
50 90 83
50 91 89
50 92 93
50 93 82
50 94 82
50 95 81
50 96 95
50 97 93
50 98 99
50 99 98
51 1 80
51 2 84
51 3 83
51 4 86
51 5 90
51 6 100
51 7 94
51 8 84
51 9 96
51 10 81
51 11 88
51 12 91
51 13 85
51 14 92
51 15 88
51 16 94
51 17 96
51 18 81
51 19 83
51 20 92
51 21 81
51 22 97
51 23 96
51 24 85
51 25 88
51 26 87
51 27 99
51 28 81
51 29 100
51 30 97
51 31 86
51 32 85
51 33 84
51 34 96
51 35 81
51 36 95
51 37 99
51 38 100
51 39 86
51 40 84
51 41 90
51 42 90
51 43 98
51 44 92
51 45 97
51 46 95
51 47 93
51 48 80
51 49 100
51 50 98
51 52 86
51 53 83
51 54 96
51 55 100
51 56 82
51 57 98
51 58 82
51 59 83
51 60 82
51 61 99
51 62 97
51 63 89
51 64 98
51 65 83
51 66 98
51 67 98
51 68 81
51 69 80
51 70 86
51 71 99
51 72 81
51 73 99
51 74 84
51 75 91
51 76 88
51 77 93
51 78 88
51 79 100
51 80 86
51 81 99
51 82 90
51 83 91
51 84 90
51 85 87
51 86 95
51 87 96
51 88 86
51 89 88
51 90 97
51 91 80
51 92 80
51 93 93
51 94 83
51 95 83
51 96 92
51 97 94
51 98 89
51 99 86
52 1 97
52 2 86
52 3 93
52 4 87
52 5 82
52 6 96
52 7 83
52 8 100
52 9 95
52 10 88
52 11 88
52 12 95
52 13 84
52 14 89
52 15 86
52 16 98
52 17 95
52 18 86
52 19 95
52 20 92
52 21 88
52 22 99
52 23 96
52 24 88
52 25 98
52 26 83
52 27 95
52 28 86
52 29 81
52 30 87
52 31 84
52 32 88
52 33 85
52 34 89
52 35 83
52 36 84
52 37 80
52 38 81
52 39 99
52 40 85
52 41 88
52 42 83
52 43 100
52 44 87
52 45 90
52 46 98
52 47 90
52 48 88
52 49 100
52 50 90
52 51 86
52 53 99
52 54 83
52 55 94
52 56 84
52 57 97
52 58 85
52 59 91
52 60 81
52 61 83
52 62 84
52 63 88
52 64 88
52 65 87
52 66 80
52 67 96
52 68 81
52 69 87
52 70 96
52 71 95
52 72 86
52 73 92
52 74 100
52 75 96
52 76 82
52 77 84
52 78 90
52 79 88
52 80 92
52 81 97
52 82 89
52 83 89
52 84 88
52 85 98
52 86 91
52 87 82
52 88 80
52 89 87
52 90 98
52 91 100
52 92 87
52 93 97
52 94 83
52 95 95
52 96 91
52 97 80
52 98 83
52 99 85
53 1 88
53 2 91
53 3 92
53 4 81
53 5 94
53 6 86
53 7 86
53 8 89
53 9 98
53 10 86
53 11 90
53 12 98
53 13 87
53 14 90
53 15 96
53 16 96
53 17 96
53 18 97
53 19 89
53 20 94
53 21 87
53 22 94
53 23 91
53 24 80
53 25 93
53 26 82
53 27 80
53 28 83
53 29 96
53 30 97
53 31 87
53 32 87
53 33 87
53 34 94
53 35 92
53 36 96
53 37 96
53 38 97
53 39 93
53 40 93
53 41 98
53 42 87
53 43 85
53 44 87
53 45 88
53 46 92
53 47 94
53 48 95
53 49 95
53 50 96
53 51 83
53 52 99
53 54 99
53 55 84
53 56 100
53 57 80
53 58 84
53 59 85
53 60 98
53 61 97
53 62 89
53 63 88
53 64 92
53 65 82
53 66 90
53 67 89
53 68 82
53 69 96
53 70 94
53 71 92
53 72 84
53 73 80
53 74 97
53 75 94
53 76 90
53 77 85
53 78 97
53 79 98
53 80 89
53 81 80
53 82 82
53 83 80
53 84 85
53 85 91
53 86 86
53 87 90
53 88 82
53 89 81
53 90 87
53 91 86
53 92 87
53 93 83
53 94 80
53 95 85
53 96 84
53 97 96
53 98 99
53 99 96
54 1 81
54 2 88
54 3 83
54 4 90
54 5 84
54 6 87
54 7 80
54 8 89
54 9 94
54 10 81
54 11 82
54 12 91
54 13 97
54 14 80
54 15 87
54 16 96
54 17 91
54 18 100
54 19 81
54 20 92
54 21 82
54 22 94
54 23 94
54 24 97
54 25 90
54 26 95
54 27 89
54 28 95
54 29 95
54 30 89
54 31 95
54 32 84
54 33 99
54 34 100
54 35 85
54 36 93
54 37 98
54 38 94
54 39 82
54 40 94
54 41 95
54 42 81
54 43 94
54 44 94
54 45 93
54 46 99
54 47 90
54 48 81
54 49 92
54 50 93
54 51 96
54 52 83
54 53 99
54 55 96
54 56 85
54 57 94
54 58 81
54 59 94
54 60 99
54 61 97
54 62 97
54 63 94
54 64 94
54 65 100
54 66 87
54 67 88
54 68 97
54 69 92
54 70 95
54 71 85
54 72 100
54 73 100
54 74 98
54 75 98
54 76 95
54 77 94
54 78 85
54 79 95
54 80 95
54 81 82
54 82 80
54 83 96
54 84 89
54 85 98
54 86 93
54 87 99
54 88 84
54 89 86
54 90 84
54 91 88
54 92 85
54 93 87
54 94 95
54 95 87
54 96 81
54 97 92
54 98 83
54 99 93
55 1 88
55 2 90
55 3 96
55 4 95
55 5 96
55 6 81
55 7 91
55 8 89
55 9 97
55 10 97
55 11 98
55 12 89
55 13 89
55 14 87
55 15 94
55 16 100
55 17 93
55 18 95
55 19 91
55 20 83
55 21 93
55 22 86
55 23 84
55 24 98
55 25 81
55 26 84
55 27 85
55 28 92
55 29 92
55 30 96
55 31 80
55 32 87
55 33 81
55 34 97
55 35 100
55 36 89
55 37 85
55 38 91
55 39 87
55 40 99
55 41 88
55 42 80
55 43 98
55 44 97
55 45 81
55 46 99
55 47 98
55 48 87
55 49 86
55 50 89
55 51 100
55 52 94
55 53 84
55 54 96
55 56 84
55 57 89
55 58 82
55 59 85
55 60 91
55 61 100
55 62 95
55 63 82
55 64 87
55 65 86
55 66 98
55 67 94
55 68 99
55 69 93
55 70 89
55 71 98
55 72 80
55 73 100
55 74 82
55 75 84
55 76 100
55 77 87
55 78 82
55 79 95
55 80 100
55 81 100
55 82 82
55 83 87
55 84 80
55 85 89
55 86 80
55 87 97
55 88 84
55 89 100
55 90 94
55 91 81
55 92 98
55 93 88
55 94 98
55 95 99
55 96 81
55 97 83
55 98 84
55 99 97
56 1 87
56 2 83
56 3 81
56 4 89
56 5 86
56 6 95
56 7 84
56 8 92
56 9 95
56 10 97
56 11 91
56 12 93
56 13 81
56 14 94
56 15 88
56 16 99
56 17 83
56 18 85
56 19 98
56 20 95
56 21 91
56 22 85
56 23 98
56 24 95
56 25 95
56 26 99
56 27 85
56 28 88
56 29 87
56 30 99
56 31 95
56 32 82
56 33 100
56 34 97
56 35 83
56 36 88
56 37 89
56 38 96
56 39 84
56 40 85
56 41 97
56 42 97
56 43 86
56 44 97
56 45 86
56 46 80
56 47 87
56 48 91
56 49 88
56 50 97
56 51 82
56 52 84
56 53 100
56 54 85
56 55 84
56 57 88
56 58 96
56 59 97
56 60 95
56 61 84
56 62 90
56 63 97
56 64 84
56 65 96
56 66 94
56 67 82
56 68 84
56 69 97
56 70 98
56 71 82
56 72 83
56 73 89
56 74 91
56 75 97
56 76 81
56 77 96
56 78 80
56 79 90
56 80 85
56 81 81
56 82 95
56 83 99
56 84 94
56 85 100
56 86 84
56 87 97
56 88 93
56 89 92
56 90 97
56 91 82
56 92 90
56 93 97
56 94 96
56 95 83
56 96 94
56 97 85
56 98 97
56 99 89
57 1 94
57 2 90
57 3 80
57 4 89
57 5 81
57 6 95
57 7 85
57 8 94
57 9 90
57 10 82
57 11 97
57 12 82
57 13 98
57 14 87
57 15 91
57 16 85
57 17 99
57 18 91
57 19 80
57 20 81
57 21 90
57 22 98
57 23 97
57 24 81
57 25 81
57 26 93
57 27 90
57 28 85
57 29 98
57 30 86
57 31 89
57 32 91
57 33 80
57 34 83
57 35 82
57 36 89
57 37 98
57 38 85
57 39 98
57 40 90
57 41 94
57 42 89
57 43 82
57 44 88
57 45 85
57 46 81
57 47 89
57 48 96
57 49 91
57 50 87
57 51 98
57 52 97
57 53 80
57 54 94
57 55 89
57 56 88
57 58 85
57 59 89
57 60 96
57 61 100
57 62 85
57 63 81
57 64 89
57 65 97
57 66 91
57 67 81
57 68 85
57 69 85
57 70 87
57 71 84
57 72 97
57 73 97
57 74 96
57 75 85
57 76 84
57 77 83
57 78 99
57 79 90
57 80 82
57 81 88
57 82 88
57 83 92
57 84 99
57 85 85
57 86 92
57 87 96
57 88 82
57 89 93
57 90 98
57 91 81
57 92 95
57 93 97
57 94 83
57 95 82
57 96 82
57 97 88
57 98 80
57 99 87
58 1 97
58 2 90
58 3 97
58 4 85
58 5 87
58 6 89
58 7 92
58 8 81
58 9 94
58 10 94
58 11 90
58 12 95
58 13 95
58 14 92
58 15 95
58 16 81
58 17 94
58 18 87
58 19 98
58 20 82
58 21 95
58 22 87
58 23 82
58 24 95
58 25 88
58 26 96
58 27 100
58 28 88
58 29 99
58 30 87
58 31 98
58 32 80
58 33 94
58 34 95
58 35 97
58 36 86
58 37 81
58 38 98
58 39 80
58 40 81
58 41 83
58 42 90
58 43 83
58 44 82
58 45 83
58 46 100
58 47 99
58 48 99
58 49 90
58 50 85
58 51 82
58 52 85
58 53 84
58 54 81
58 55 82
58 56 96
58 57 85
58 59 91
58 60 99
58 61 81
58 62 92
58 63 92
58 64 80
58 65 90
58 66 80
58 67 94
58 68 97
58 69 94
58 70 95
58 71 95
58 72 95
58 73 97
58 74 88
58 75 82
58 76 100
58 77 97
58 78 86
58 79 80
58 80 88
58 81 88
58 82 82
58 83 94
58 84 91
58 85 97
58 86 90
58 87 87
58 88 82
58 89 95
58 90 98
58 91 85
58 92 86
58 93 100
58 94 89
58 95 99
58 96 81
58 97 86
58 98 84
58 99 97
59 1 81
59 2 97
59 3 80
59 4 91
59 5 91
59 6 81
59 7 88
59 8 82
59 9 94
59 10 91
59 11 97
59 12 85
59 13 83
59 14 85
59 15 80
59 16 95
59 17 82
59 18 82
59 19 85
59 20 100
59 21 87
59 22 91
59 23 81
59 24 81
59 25 92
59 26 90
59 27 82
59 28 81
59 29 91
59 30 93
59 31 80
59 32 99
59 33 97
59 34 93
59 35 83
59 36 85
59 37 89
59 38 97
59 39 86
59 40 95
59 41 91
59 42 97
59 43 87
59 44 86
59 45 81
59 46 86
59 47 88
59 48 81
59 49 100
59 50 95
59 51 83
59 52 91
59 53 85
59 54 94
59 55 85
59 56 97
59 57 89
59 58 91
59 60 84
59 61 97
59 62 82
59 63 80
59 64 91
59 65 90
59 66 98
59 67 88
59 68 92
59 69 94
59 70 84
59 71 90
59 72 100
59 73 97
59 74 87
59 75 100
59 76 87
59 77 95
59 78 100
59 79 89
59 80 98
59 81 87
59 82 93
59 83 80
59 84 86
59 85 99
59 86 89
59 87 84
59 88 89
59 89 86
59 90 99
59 91 91
59 92 99
59 93 80
59 94 100
59 95 94
59 96 94
59 97 100
59 98 94
59 99 92
60 1 98
60 2 92
60 3 99
60 4 81
60 5 95
60 6 92
60 7 99
60 8 99
60 9 84
60 10 100
60 11 93
60 12 88
60 13 90
60 14 92
60 15 81
60 16 92
60 17 97
60 18 88
60 19 90
60 20 81
60 21 93
60 22 94
60 23 86
60 24 95
60 25 83
60 26 96
60 27 99
60 28 96
60 29 92
60 30 98
60 31 90
60 32 89
60 33 88
60 34 100
60 35 100
60 36 82
60 37 92
60 38 95
60 39 96
60 40 86
60 41 82
60 42 96
60 43 87
60 44 83
60 45 92
60 46 100
60 47 83
60 48 100
60 49 100
60 50 96
60 51 82
60 52 81
60 53 98
60 54 99
60 55 91
60 56 95
60 57 96
60 58 99
60 59 84
60 61 80
60 62 91
60 63 82
60 64 83
60 65 81
60 66 89
60 67 99
60 68 100
60 69 98
60 70 100
60 71 87
60 72 99
60 73 95
60 74 95
60 75 81
60 76 82
60 77 94
60 78 99
60 79 94
60 80 98
60 81 98
60 82 80
60 83 94
60 84 91
60 85 81
60 86 85
60 87 81
60 88 87
60 89 81
60 90 94
60 91 80
60 92 98
60 93 93
60 94 89
60 95 99
60 96 88
60 97 94
60 98 95
60 99 95
61 1 93
61 2 81
61 3 96
61 4 90
61 5 89
61 6 94
61 7 89
61 8 80
61 9 93
61 10 84
61 11 80
61 12 81
61 13 89
61 14 100
61 15 99
61 16 86
61 17 94
61 18 100
61 19 90
61 20 86
61 21 94
61 22 97
61 23 93
61 24 99
61 25 89
61 26 85
61 27 82
61 28 91
61 29 85
61 30 85
61 31 93
61 32 80
61 33 99
61 34 96
61 35 90
61 36 91
61 37 82
61 38 88
61 39 94
61 40 100
61 41 96
61 42 80
61 43 88
61 44 91
61 45 100
61 46 87
61 47 81
61 48 83
61 49 86
61 50 99
61 51 99
61 52 83
61 53 97
61 54 97
61 55 100
61 56 84
61 57 100
61 58 81
61 59 97
61 60 80
61 62 99
61 63 81
61 64 84
61 65 84
61 66 83
61 67 97
61 68 92
61 69 95
61 70 88
61 71 93
61 72 96
61 73 84
61 74 90
61 75 98
61 76 99
61 77 97
61 78 81
61 79 97
61 80 83
61 81 91
61 82 98
61 83 86
61 84 99
61 85 82
61 86 80
61 87 86
61 88 98
61 89 100
61 90 98
61 91 92
61 92 91
61 93 98
61 94 86
61 95 91
61 96 87
61 97 89
61 98 90
61 99 83
62 1 99
62 2 83
62 3 98
62 4 95
62 5 95
62 6 94
62 7 91
62 8 93
62 9 99
62 10 80
62 11 85
62 12 97
62 13 99
62 14 97
62 15 87
62 16 88
62 17 97
62 18 87
62 19 92
62 20 89
62 21 94
62 22 91
62 23 84
62 24 89
62 25 86
62 26 92
62 27 100
62 28 86
62 29 88
62 30 85
62 31 83
62 32 92
62 33 91
62 34 92
62 35 99
62 36 95
62 37 96
62 38 88
62 39 95
62 40 90
62 41 83
62 42 85
62 43 97
62 44 82
62 45 86
62 46 94
62 47 99
62 48 86
62 49 94
62 50 99
62 51 97
62 52 84
62 53 89
62 54 97
62 55 95
62 56 90
62 57 85
62 58 92
62 59 82
62 60 91
62 61 99
62 63 83
62 64 91
62 65 95
62 66 91
62 67 87
62 68 86
62 69 84
62 70 80
62 71 96
62 72 90
62 73 84
62 74 83
62 75 93
62 76 100
62 77 97
62 78 84
62 79 80
62 80 89
62 81 86
62 82 84
62 83 92
62 84 84
62 85 88
62 86 85
62 87 94
62 88 83
62 89 87
62 90 82
62 91 97
62 92 86
62 93 96
62 94 91
62 95 94
62 96 91
62 97 92
62 98 92
62 99 82
63 1 90
63 2 86
63 3 95
63 4 86
63 5 93
63 6 83
63 7 97
63 8 98
63 9 89
63 10 84
63 11 97
63 12 97
63 13 80
63 14 97
63 15 83
63 16 86
63 17 96
63 18 87
63 19 91
63 20 82
63 21 86
63 22 86
63 23 93
63 24 100
63 25 92
63 26 89
63 27 80
63 28 99
63 29 96
63 30 83
63 31 95
63 32 96
63 33 93
63 34 82
63 35 96
63 36 87
63 37 80
63 38 95
63 39 81
63 40 97
63 41 88
63 42 80
63 43 91
63 44 94
63 45 88
63 46 83
63 47 90
63 48 99
63 49 81
63 50 92
63 51 89
63 52 88
63 53 88
63 54 94
63 55 82
63 56 97
63 57 81
63 58 92
63 59 80
63 60 82
63 61 81
63 62 83
63 64 86
63 65 99
63 66 100
63 67 88
63 68 95
63 69 94
63 70 83
63 71 97
63 72 95
63 73 98
63 74 97
63 75 99
63 76 90
63 77 96
63 78 81
63 79 91
63 80 90
63 81 100
63 82 83
63 83 83
63 84 93
63 85 86
63 86 83
63 87 80
63 88 97
63 89 86
63 90 84
63 91 85
63 92 98
63 93 83
63 94 88
63 95 97
63 96 85
63 97 93
63 98 92
63 99 81
64 1 88
64 2 90
64 3 82
64 4 99
64 5 96
64 6 88
64 7 92
64 8 98
64 9 84
64 10 95
64 11 81
64 12 91
64 13 83
64 14 96
64 15 100
64 16 92
64 17 90
64 18 89
64 19 97
64 20 91
64 21 84
64 22 81
64 23 97
64 24 98
64 25 81
64 26 92
64 27 80
64 28 100
64 29 84
64 30 89
64 31 81
64 32 92
64 33 80
64 34 100
64 35 92
64 36 100
64 37 88
64 38 95
64 39 98
64 40 96
64 41 86
64 42 85
64 43 90
64 44 90
64 45 81
64 46 81
64 47 80
64 48 81
64 49 86
64 50 85
64 51 98
64 52 88
64 53 92
64 54 94
64 55 87
64 56 84
64 57 89
64 58 80
64 59 91
64 60 83
64 61 84
64 62 91
64 63 86
64 65 84
64 66 98
64 67 98
64 68 80
64 69 89
64 70 96
64 71 85
64 72 81
64 73 83
64 74 90
64 75 92
64 76 85
64 77 89
64 78 84
64 79 100
64 80 95
64 81 81
64 82 86
64 83 92
64 84 94
64 85 92
64 86 85
64 87 97
64 88 94
64 89 97
64 90 82
64 91 81
64 92 92
64 93 81
64 94 89
64 95 80
64 96 99
64 97 95
64 98 84
64 99 99
65 1 80
65 2 87
65 3 84
65 4 93
65 5 95
65 6 84
65 7 85
65 8 88
65 9 98
65 10 88
65 11 89
65 12 94
65 13 95
65 14 85
65 15 90
65 16 85
65 17 100
65 18 93
65 19 82
65 20 87
65 21 91
65 22 83
65 23 82
65 24 87
65 25 88
65 26 100
65 27 87
65 28 93
65 29 99
65 30 89
65 31 93
65 32 99
65 33 97
65 34 100
65 35 82
65 36 88
65 37 87
65 38 89
65 39 93
65 40 91
65 41 85
65 42 83
65 43 83
65 44 98
65 45 95
65 46 99
65 47 81
65 48 86
65 49 80
65 50 87
65 51 83
65 52 87
65 53 82
65 54 100
65 55 86
65 56 96
65 57 97
65 58 90
65 59 90
65 60 81
65 61 84
65 62 95
65 63 99
65 64 84
65 66 98
65 67 98
65 68 82
65 69 98
65 70 86
65 71 93
65 72 98
65 73 84
65 74 99
65 75 86
65 76 87
65 77 80
65 78 84
65 79 83
65 80 92
65 81 94
65 82 89
65 83 89
65 84 97
65 85 92
65 86 93
65 87 88
65 88 97
65 89 100
65 90 88
65 91 94
65 92 80
65 93 98
65 94 92
65 95 95
65 96 97
65 97 85
65 98 99
65 99 89
66 1 83
66 2 92
66 3 82
66 4 85
66 5 87
66 6 88
66 7 95
66 8 84
66 9 91
66 10 85
66 11 89
66 12 96
66 13 82
66 14 93
66 15 100
66 16 85
66 17 81
66 18 94
66 19 90
66 20 83
66 21 89
66 22 98
66 23 87
66 24 80
66 25 93
66 26 98
66 27 97
66 28 99
66 29 100
66 30 92
66 31 86
66 32 85
66 33 100
66 34 87
66 35 80
66 36 90
66 37 85
66 38 90
66 39 100
66 40 96
66 41 91
66 42 83
66 43 98
66 44 86
66 45 89
66 46 99
66 47 94
66 48 83
66 49 83
66 50 84
66 51 98
66 52 80
66 53 90
66 54 87
66 55 98
66 56 94
66 57 91
66 58 80
66 59 98
66 60 89
66 61 83
66 62 91
66 63 100
66 64 98
66 65 98
66 67 86
66 68 91
66 69 83
66 70 94
66 71 99
66 72 87
66 73 91
66 74 100
66 75 98
66 76 88
66 77 90
66 78 89
66 79 86
66 80 90
66 81 85
66 82 88
66 83 91
66 84 80
66 85 91
66 86 97
66 87 80
66 88 89
66 89 85
66 90 98
66 91 91
66 92 93
66 93 100
66 94 88
66 95 95
66 96 94
66 97 94
66 98 95
66 99 82
67 1 87
67 2 84
67 3 80
67 4 91
67 5 97
67 6 94
67 7 81
67 8 96
67 9 80
67 10 91
67 11 93
67 12 94
67 13 88
67 14 93
67 15 84
67 16 97
67 17 88
67 18 83
67 19 97
67 20 83
67 21 94
67 22 95
67 23 82
67 24 81
67 25 86
67 26 98
67 27 94
67 28 98
67 29 82
67 30 81
67 31 89
67 32 95
67 33 94
67 34 92
67 35 81
67 36 93
67 37 93
67 38 100
67 39 85
67 40 94
67 41 88
67 42 81
67 43 95
67 44 91
67 45 99
67 46 95
67 47 90
67 48 82
67 49 98
67 50 91
67 51 98
67 52 96
67 53 89
67 54 88
67 55 94
67 56 82
67 57 81
67 58 94
67 59 88
67 60 99
67 61 97
67 62 87
67 63 88
67 64 98
67 65 98
67 66 86
67 68 95
67 69 89
67 70 87
67 71 85
67 72 96
67 73 93
67 74 99
67 75 80
67 76 93
67 77 94
67 78 83
67 79 92
67 80 80
67 81 98
67 82 91
67 83 84
67 84 82
67 85 81
67 86 88
67 87 94
67 88 82
67 89 90
67 90 98
67 91 92
67 92 98
67 93 98
67 94 94
67 95 88
67 96 86
67 97 88
67 98 91
67 99 81
68 1 97
68 2 86
68 3 86
68 4 84
68 5 86
68 6 98
68 7 97
68 8 95
68 9 89
68 10 87
68 11 90
68 12 96
68 13 82
68 14 90
68 15 88
68 16 96
68 17 82
68 18 97
68 19 84
68 20 84
68 21 84
68 22 92
68 23 83
68 24 94
68 25 88
68 26 90
68 27 84
68 28 100
68 29 90
68 30 97
68 31 98
68 32 93
68 33 95
68 34 84
68 35 95
68 36 95
68 37 84
68 38 90
68 39 96
68 40 94
68 41 81
68 42 87
68 43 82
68 44 92
68 45 86
68 46 80
68 47 92
68 48 87
68 49 95
68 50 81
68 51 81
68 52 81
68 53 82
68 54 97
68 55 99
68 56 84
68 57 85
68 58 97
68 59 92
68 60 100
68 61 92
68 62 86
68 63 95
68 64 80
68 65 82
68 66 91
68 67 95
68 69 87
68 70 98
68 71 92
68 72 85
68 73 86
68 74 96
68 75 80
68 76 94
68 77 100
68 78 80
68 79 80
68 80 96
68 81 96
68 82 80
68 83 88
68 84 97
68 85 82
68 86 85
68 87 80
68 88 91
68 89 81
68 90 100
68 91 93
68 92 83
68 93 90
68 94 91
68 95 87
68 96 97
68 97 91
68 98 88
68 99 86
69 1 98
69 2 84
69 3 87
69 4 94
69 5 86
69 6 100
69 7 85
69 8 94
69 9 98
69 10 96
69 11 85
69 12 92
69 13 86
69 14 86
69 15 85
69 16 88
69 17 98
69 18 97
69 19 86
69 20 90
69 21 100
69 22 87
69 23 97
69 24 80
69 25 88
69 26 83
69 27 84
69 28 99
69 29 84
69 30 87
69 31 83
69 32 99
69 33 97
69 34 92
69 35 96
69 36 98
69 37 90
69 38 96
69 39 88
69 40 93
69 41 98
69 42 89
69 43 95
69 44 94
69 45 89
69 46 80
69 47 82
69 48 90
69 49 86
69 50 92
69 51 80
69 52 87
69 53 96
69 54 92
69 55 93
69 56 97
69 57 85
69 58 94
69 59 94
69 60 98
69 61 95
69 62 84
69 63 94
69 64 89
69 65 98
69 66 83
69 67 89
69 68 87
69 70 84
69 71 83
69 72 98
69 73 88
69 74 87
69 75 86
69 76 84
69 77 97
69 78 100
69 79 94
69 80 93
69 81 91
69 82 86
69 83 96
69 84 99
69 85 85
69 86 90
69 87 92
69 88 88
69 89 93
69 90 95
69 91 86
69 92 88
69 93 80
69 94 93
69 95 85
69 96 90
69 97 86
69 98 94
69 99 100
70 1 95
70 2 99
70 3 85
70 4 92
70 5 82
70 6 99
70 7 95
70 8 99
70 9 95
70 10 99
70 11 99
70 12 96
70 13 99
70 14 90
70 15 84
70 16 85
70 17 84
70 18 96
70 19 100
70 20 94
70 21 90
70 22 80
70 23 89
70 24 93
70 25 92
70 26 97
70 27 96
70 28 81
70 29 100
70 30 84
70 31 96
70 32 93
70 33 82
70 34 97
70 35 92
70 36 89
70 37 91
70 38 83
70 39 94
70 40 89
70 41 92
70 42 83
70 43 89
70 44 93
70 45 86
70 46 80
70 47 86
70 48 92
70 49 89
70 50 83
70 51 86
70 52 96
70 53 94
70 54 95
70 55 89
70 56 98
70 57 87
70 58 95
70 59 84
70 60 100
70 61 88
70 62 80
70 63 83
70 64 96
70 65 86
70 66 94
70 67 87
70 68 98
70 69 84
70 71 91
70 72 96
70 73 98
70 74 91
70 75 92
70 76 96
70 77 80
70 78 98
70 79 99
70 80 99
70 81 93
70 82 100
70 83 85
70 84 99
70 85 97
70 86 97
70 87 96
70 88 97
70 89 81
70 90 98
70 91 84
70 92 96
70 93 97
70 94 99
70 95 97
70 96 86
70 97 82
70 98 99
70 99 99
71 1 86
71 2 84
71 3 80
71 4 87
71 5 88
71 6 90
71 7 95
71 8 91
71 9 99
71 10 100
71 11 93
71 12 81
71 13 86
71 14 89
71 15 90
71 16 80
71 17 85
71 18 84
71 19 85
71 20 82
71 21 89
71 22 82
71 23 94
71 24 100
71 25 95
71 26 84
71 27 97
71 28 84
71 29 81
71 30 95
71 31 85
71 32 88
71 33 91
71 34 95
71 35 90
71 36 93
71 37 90
71 38 83
71 39 95
71 40 80
71 41 84
71 42 94
71 43 85
71 44 88
71 45 81
71 46 83
71 47 98
71 48 84
71 49 97
71 50 99
71 51 99
71 52 95
71 53 92
71 54 85
71 55 98
71 56 82
71 57 84
71 58 95
71 59 90
71 60 87
71 61 93
71 62 96
71 63 97
71 64 85
71 65 93
71 66 99
71 67 85
71 68 92
71 69 83
71 70 91
71 72 99
71 73 82
71 74 85
71 75 95
71 76 84
71 77 95
71 78 83
71 79 88
71 80 97
71 81 97
71 82 93
71 83 81
71 84 98
71 85 96
71 86 85
71 87 89
71 88 100
71 89 87
71 90 81
71 91 93
71 92 83
71 93 99
71 94 95
71 95 98
71 96 97
71 97 87
71 98 80
71 99 85
72 1 100
72 2 82
72 3 87
72 4 89
72 5 86
72 6 96
72 7 94
72 8 86
72 9 99
72 10 93
72 11 90
72 12 97
72 13 80
72 14 92
72 15 98
72 16 82
72 17 92
72 18 80
72 19 99
72 20 92
72 21 91
72 22 85
72 23 83
72 24 81
72 25 88
72 26 84
72 27 87
72 28 94
72 29 95
72 30 86
72 31 87
72 32 96
72 33 85
72 34 95
72 35 85
72 36 89
72 37 96
72 38 96
72 39 92
72 40 97
72 41 99
72 42 99
72 43 86
72 44 95
72 45 99
72 46 86
72 47 95
72 48 83
72 49 95
72 50 94
72 51 81
72 52 86
72 53 84
72 54 100
72 55 80
72 56 83
72 57 97
72 58 95
72 59 100
72 60 99
72 61 96
72 62 90
72 63 95
72 64 81
72 65 98
72 66 87
72 67 96
72 68 85
72 69 98
72 70 96
72 71 99
72 73 90
72 74 82
72 75 82
72 76 94
72 77 87
72 78 86
72 79 80
72 80 94
72 81 91
72 82 81
72 83 85
72 84 82
72 85 91
72 86 91
72 87 81
72 88 93
72 89 89
72 90 87
72 91 99
72 92 82
72 93 87
72 94 85
72 95 80
72 96 100
72 97 94
72 98 85
72 99 90
73 1 88
73 2 87
73 3 81
73 4 81
73 5 87
73 6 84
73 7 89
73 8 91
73 9 88
73 10 89
73 11 84
73 12 97
73 13 85
73 14 85
73 15 84
73 16 81
73 17 99
73 18 91
73 19 80
73 20 86
73 21 95
73 22 83
73 23 97
73 24 85
73 25 88
73 26 98
73 27 89
73 28 83
73 29 83
73 30 88
73 31 95
73 32 93
73 33 98
73 34 92
73 35 86
73 36 82
73 37 93
73 38 91
73 39 96
73 40 97
73 41 88
73 42 94
73 43 89
73 44 100
73 45 84
73 46 93
73 47 91
73 48 94
73 49 83
73 50 100
73 51 99
73 52 92
73 53 80
73 54 100
73 55 100
73 56 89
73 57 97
73 58 97
73 59 97
73 60 95
73 61 84
73 62 84
73 63 98
73 64 83
73 65 84
73 66 91
73 67 93
73 68 86
73 69 88
73 70 98
73 71 82
73 72 90
73 74 82
73 75 99
73 76 90
73 77 88
73 78 89
73 79 92
73 80 93
73 81 93
73 82 84
73 83 87
73 84 92
73 85 87
73 86 84
73 87 96
73 88 82
73 89 95
73 90 98
73 91 88
73 92 92
73 93 98
73 94 100
73 95 88
73 96 100
73 97 95
73 98 83
73 99 93
74 1 90
74 2 90
74 3 90
74 4 96
74 5 99
74 6 92
74 7 89
74 8 88
74 9 84
74 10 97
74 11 84
74 12 99
74 13 100
74 14 99
74 15 80
74 16 86
74 17 94
74 18 84
74 19 88
74 20 97
74 21 97
74 22 92
74 23 80
74 24 84
74 25 98
74 26 100
74 27 93
74 28 86
74 29 82
74 30 81
74 31 88
74 32 93
74 33 89
74 34 100
74 35 87
74 36 88
74 37 89
74 38 80
74 39 80
74 40 91
74 41 95
74 42 98
74 43 86
74 44 81
74 45 85
74 46 95
74 47 96
74 48 100
74 49 91
74 50 84
74 51 84
74 52 100
74 53 97
74 54 98
74 55 82
74 56 91
74 57 96
74 58 88
74 59 87
74 60 95
74 61 90
74 62 83
74 63 97
74 64 90
74 65 99
74 66 100
74 67 99
74 68 96
74 69 87
74 70 91
74 71 85
74 72 82
74 73 82
74 75 94
74 76 100
74 77 93
74 78 94
74 79 92
74 80 97
74 81 98
74 82 92
74 83 94
74 84 84
74 85 96
74 86 85
74 87 91
74 88 99
74 89 80
74 90 92
74 91 82
74 92 89
74 93 89
74 94 86
74 95 81
74 96 81
74 97 89
74 98 94
74 99 84
75 1 83
75 2 90
75 3 83
75 4 99
75 5 88
75 6 85
75 7 99
75 8 92
75 9 92
75 10 96
75 11 96
75 12 85
75 13 100
75 14 87
75 15 95
75 16 83
75 17 81
75 18 94
75 19 96
75 20 90
75 21 84
75 22 96
75 23 94
75 24 93
75 25 89
75 26 89
75 27 93
75 28 96
75 29 80
75 30 99
75 31 90
75 32 83
75 33 82
75 34 97
75 35 100
75 36 81
75 37 94
75 38 98
75 39 96
75 40 88
75 41 97
75 42 81
75 43 81
75 44 86
75 45 83
75 46 81
75 47 99
75 48 85
75 49 85
75 50 95
75 51 91
75 52 96
75 53 94
75 54 98
75 55 84
75 56 97
75 57 85
75 58 82
75 59 100
75 60 81
75 61 98
75 62 93
75 63 99
75 64 92
75 65 86
75 66 98
75 67 80
75 68 80
75 69 86
75 70 92
75 71 95
75 72 82
75 73 99
75 74 94
75 76 98
75 77 97
75 78 86
75 79 90
75 80 82
75 81 97
75 82 85
75 83 86
75 84 100
75 85 84
75 86 82
75 87 80
75 88 98
75 89 86
75 90 86
75 91 100
75 92 91
75 93 81
75 94 96
75 95 92
75 96 93
75 97 95
75 98 99
75 99 93
76 1 94
76 2 95
76 3 95
76 4 92
76 5 96
76 6 95
76 7 85
76 8 100
76 9 85
76 10 84
76 11 90
76 12 92
76 13 87
76 14 94
76 15 100
76 16 87
76 17 87
76 18 80
76 19 88
76 20 92
76 21 85
76 22 93
76 23 86
76 24 80
76 25 93
76 26 81
76 27 100
76 28 97
76 29 99
76 30 82
76 31 92
76 32 80
76 33 90
76 34 88
76 35 87
76 36 90
76 37 97
76 38 94
76 39 81
76 40 88
76 41 82
76 42 87
76 43 89
76 44 95
76 45 81
76 46 96
76 47 100
76 48 85
76 49 86
76 50 98
76 51 88
76 52 82
76 53 90
76 54 95
76 55 100
76 56 81
76 57 84
76 58 100
76 59 87
76 60 82
76 61 99
76 62 100
76 63 90
76 64 85
76 65 87
76 66 88
76 67 93
76 68 94
76 69 84
76 70 96
76 71 84
76 72 94
76 73 90
76 74 100
76 75 98
76 77 92
76 78 93
76 79 85
76 80 90
76 81 83
76 82 88
76 83 83
76 84 86
76 85 85
76 86 100
76 87 81
76 88 94
76 89 82
76 90 85
76 91 100
76 92 92
76 93 81
76 94 89
76 95 95
76 96 87
76 97 87
76 98 89
76 99 88
77 1 83
77 2 94
77 3 86
77 4 93
77 5 99
77 6 85
77 7 82
77 8 100
77 9 98
77 10 81
77 11 98
77 12 80
77 13 88
77 14 90
77 15 92
77 16 84
77 17 99
77 18 86
77 19 81
77 20 93
77 21 94
77 22 95
77 23 85
77 24 97
77 25 86
77 26 84
77 27 80
77 28 93
77 29 100
77 30 92
77 31 93
77 32 91
77 33 94
77 34 92
77 35 93
77 36 99
77 37 100
77 38 92
77 39 93
77 40 93
77 41 95
77 42 99
77 43 97
77 44 90
77 45 92
77 46 91
77 47 83
77 48 85
77 49 92
77 50 95
77 51 93
77 52 84
77 53 85
77 54 94
77 55 87
77 56 96
77 57 83
77 58 97
77 59 95
77 60 94
77 61 97
77 62 97
77 63 96
77 64 89
77 65 80
77 66 90
77 67 94
77 68 100
77 69 97
77 70 80
77 71 95
77 72 87
77 73 88
77 74 93
77 75 97
77 76 92
77 78 86
77 79 86
77 80 98
77 81 90
77 82 80
77 83 98
77 84 93
77 85 88
77 86 94
77 87 100
77 88 94
77 89 96
77 90 81
77 91 90
77 92 80
77 93 85
77 94 95
77 95 94
77 96 84
77 97 98
77 98 91
77 99 94
78 1 80
78 2 91
78 3 100
78 4 87
78 5 86
78 6 87
78 7 84
78 8 100
78 9 84
78 10 94
78 11 95
78 12 95
78 13 99
78 14 95
78 15 95
78 16 93
78 17 80
78 18 87
78 19 94
78 20 86
78 21 99
78 22 92
78 23 82
78 24 82
78 25 84
78 26 84
78 27 88
78 28 99
78 29 91
78 30 84
78 31 86
78 32 99
78 33 86
78 34 100
78 35 96
78 36 85
78 37 91
78 38 80
78 39 80
78 40 81
78 41 84
78 42 100
78 43 99
78 44 93
78 45 83
78 46 94
78 47 100
78 48 84
78 49 100
78 50 87
78 51 88
78 52 90
78 53 97
78 54 85
78 55 82
78 56 80
78 57 99
78 58 86
78 59 100
78 60 99
78 61 81
78 62 84
78 63 81
78 64 84
78 65 84
78 66 89
78 67 83
78 68 80
78 69 100
78 70 98
78 71 83
78 72 86
78 73 89
78 74 94
78 75 86
78 76 93
78 77 86
78 79 94
78 80 90
78 81 81
78 82 100
78 83 93
78 84 93
78 85 100
78 86 90
78 87 90
78 88 85
78 89 86
78 90 99
78 91 93
78 92 99
78 93 91
78 94 94
78 95 95
78 96 93
78 97 81
78 98 87
78 99 89
79 1 98
79 2 99
79 3 100
79 4 84
79 5 81
79 6 97
79 7 92
79 8 99
79 9 98
79 10 81
79 11 99
79 12 99
79 13 97
79 14 81
79 15 98
79 16 95
79 17 98
79 18 96
79 19 80
79 20 80
79 21 86
79 22 99
79 23 91
79 24 100
79 25 95
79 26 91
79 27 97
79 28 96
79 29 82
79 30 93
79 31 92
79 32 87
79 33 83
79 34 95
79 35 83
79 36 98
79 37 88
79 38 80
79 39 94
79 40 97
79 41 94
79 42 98
79 43 94
79 44 81
79 45 81
79 46 93
79 47 90
79 48 97
79 49 89
79 50 97
79 51 100
79 52 88
79 53 98
79 54 95
79 55 95
79 56 90
79 57 90
79 58 80
79 59 89
79 60 94
79 61 97
79 62 80
79 63 91
79 64 100
79 65 83
79 66 86
79 67 92
79 68 80
79 69 94
79 70 99
79 71 88
79 72 80
79 73 92
79 74 92
79 75 90
79 76 85
79 77 86
79 78 94
79 80 93
79 81 96
79 82 91
79 83 85
79 84 98
79 85 99
79 86 93
79 87 99
79 88 90
79 89 90
79 90 91
79 91 93
79 92 84
79 93 92
79 94 90
79 95 90
79 96 83
79 97 90
79 98 84
79 99 94
80 1 85
80 2 83
80 3 81
80 4 91
80 5 99
80 6 90
80 7 91
80 8 80
80 9 93
80 10 88
80 11 84
80 12 89
80 13 89
80 14 86
80 15 97
80 16 100
80 17 88
80 18 94
80 19 80
80 20 97
80 21 83
80 22 95
80 23 89
80 24 96
80 25 83
80 26 88
80 27 90
80 28 100
80 29 92
80 30 89
80 31 80
80 32 99
80 33 96
80 34 89
80 35 81
80 36 95
80 37 86
80 38 84
80 39 80
80 40 91
80 41 99
80 42 97
80 43 83
80 44 81
80 45 85
80 46 80
80 47 98
80 48 84
80 49 86
80 50 91
80 51 86
80 52 92
80 53 89
80 54 95
80 55 100
80 56 85
80 57 82
80 58 88
80 59 98
80 60 98
80 61 83
80 62 89
80 63 90
80 64 95
80 65 92
80 66 90
80 67 80
80 68 96
80 69 93
80 70 99
80 71 97
80 72 94
80 73 93
80 74 97
80 75 82
80 76 90
80 77 98
80 78 90
80 79 93
80 81 90
80 82 89
80 83 99
80 84 91
80 85 98
80 86 91
80 87 99
80 88 99
80 89 81
80 90 99
80 91 94
80 92 95
80 93 92
80 94 98
80 95 89
80 96 91
80 97 84
80 98 99
80 99 82
81 1 98
81 2 88
81 3 83
81 4 95
81 5 97
81 6 90
81 7 81
81 8 80
81 9 90
81 10 81
81 11 89
81 12 96
81 13 84
81 14 89
81 15 87
81 16 82
81 17 99
81 18 99
81 19 99
81 20 88
81 21 98
81 22 80
81 23 100
81 24 100
81 25 92
81 26 94
81 27 81
81 28 92
81 29 90
81 30 81
81 31 89
81 32 100
81 33 85
81 34 90
81 35 88
81 36 89
81 37 88
81 38 100
81 39 85
81 40 82
81 41 87
81 42 88
81 43 89
81 44 95
81 45 91
81 46 95
81 47 96
81 48 100
81 49 98
81 50 85
81 51 99
81 52 97
81 53 80
81 54 82
81 55 100
81 56 81
81 57 88
81 58 88
81 59 87
81 60 98
81 61 91
81 62 86
81 63 100
81 64 81
81 65 94
81 66 85
81 67 98
81 68 96
81 69 91
81 70 93
81 71 97
81 72 91
81 73 93
81 74 98
81 75 97
81 76 83
81 77 90
81 78 81
81 79 96
81 80 90
81 82 94
81 83 94
81 84 87
81 85 98
81 86 84
81 87 84
81 88 82
81 89 87
81 90 91
81 91 93
81 92 88
81 93 91
81 94 95
81 95 96
81 96 91
81 97 92
81 98 80
81 99 98
82 1 95
82 2 81
82 3 98
82 4 84
82 5 96
82 6 86
82 7 88
82 8 99
82 9 85
82 10 80
82 11 83
82 12 93
82 13 96
82 14 82
82 15 80
82 16 84
82 17 100
82 18 83
82 19 95
82 20 92
82 21 80
82 22 100
82 23 99
82 24 83
82 25 86
82 26 99
82 27 93
82 28 88
82 29 90
82 30 81
82 31 83
82 32 90
82 33 94
82 34 95
82 35 97
82 36 87
82 37 93
82 38 100
82 39 94
82 40 100
82 41 85
82 42 100
82 43 90
82 44 89
82 45 99
82 46 87
82 47 82
82 48 100
82 49 95
82 50 97
82 51 90
82 52 89
82 53 82
82 54 80
82 55 82
82 56 95
82 57 88
82 58 82
82 59 93
82 60 80
82 61 98
82 62 84
82 63 83
82 64 86
82 65 89
82 66 88
82 67 91
82 68 80
82 69 86
82 70 100
82 71 93
82 72 81
82 73 84
82 74 92
82 75 85
82 76 88
82 77 80
82 78 100
82 79 91
82 80 89
82 81 94
82 83 80
82 84 96
82 85 87
82 86 84
82 87 90
82 88 94
82 89 91
82 90 90
82 91 96
82 92 98
82 93 95
82 94 90
82 95 85
82 96 93
82 97 88
82 98 86
82 99 95
83 1 99
83 2 82
83 3 97
83 4 80
83 5 90
83 6 91
83 7 100
83 8 100
83 9 86
83 10 100
83 11 86
83 12 100
83 13 90
83 14 97
83 15 92
83 16 92
83 17 98
83 18 89
83 19 81
83 20 95
83 21 94
83 22 88
83 23 96
83 24 92
83 25 88
83 26 90
83 27 97
83 28 94
83 29 90
83 30 83
83 31 98
83 32 89
83 33 88
83 34 96
83 35 92
83 36 100
83 37 96
83 38 81
83 39 94
83 40 82
83 41 85
83 42 84
83 43 87
83 44 94
83 45 86
83 46 82
83 47 98
83 48 95
83 49 83
83 50 95
83 51 91
83 52 89
83 53 80
83 54 96
83 55 87
83 56 99
83 57 92
83 58 94
83 59 80
83 60 94
83 61 86
83 62 92
83 63 83
83 64 92
83 65 89
83 66 91
83 67 84
83 68 88
83 69 96
83 70 85
83 71 81
83 72 85
83 73 87
83 74 94
83 75 86
83 76 83
83 77 98
83 78 93
83 79 85
83 80 99
83 81 94
83 82 80
83 84 83
83 85 93
83 86 86
83 87 82
83 88 86
83 89 86
83 90 83
83 91 98
83 92 93
83 93 95
83 94 87
83 95 97
83 96 82
83 97 81
83 98 89
83 99 83
84 1 84
84 2 84
84 3 86
84 4 100
84 5 91
84 6 100
84 7 96
84 8 80
84 9 82
84 10 95
84 11 94
84 12 88
84 13 83
84 14 100
84 15 90
84 16 85
84 17 100
84 18 100
84 19 86
84 20 87
84 21 100
84 22 89
84 23 100
84 24 93
84 25 81
84 26 87
84 27 85
84 28 90
84 29 83
84 30 91
84 31 98
84 32 90
84 33 94
84 34 100
84 35 99
84 36 86
84 37 97
84 38 90
84 39 96
84 40 85
84 41 83
84 42 97
84 43 92
84 44 94
84 45 89
84 46 85
84 47 81
84 48 81
84 49 93
84 50 84
84 51 90
84 52 88
84 53 85
84 54 89
84 55 80
84 56 94
84 57 99
84 58 91
84 59 86
84 60 91
84 61 99
84 62 84
84 63 93
84 64 94
84 65 97
84 66 80
84 67 82
84 68 97
84 69 99
84 70 99
84 71 98
84 72 82
84 73 92
84 74 84
84 75 100
84 76 86
84 77 93
84 78 93
84 79 98
84 80 91
84 81 87
84 82 96
84 83 83
84 85 100
84 86 96
84 87 97
84 88 89
84 89 90
84 90 85
84 91 88
84 92 86
84 93 87
84 94 89
84 95 85
84 96 92
84 97 90
84 98 100
84 99 82
85 1 85
85 2 97
85 3 83
85 4 99
85 5 87
85 6 91
85 7 95
85 8 98
85 9 82
85 10 84
85 11 89
85 12 83
85 13 84
85 14 80
85 15 98
85 16 96
85 17 90
85 18 81
85 19 94
85 20 97
85 21 92
85 22 99
85 23 96
85 24 91
85 25 94
85 26 93
85 27 90
85 28 96
85 29 85
85 30 93
85 31 99
85 32 89
85 33 81
85 34 88
85 35 90
85 36 99
85 37 83
85 38 92
85 39 85
85 40 89
85 41 100
85 42 85
85 43 99
85 44 91
85 45 80
85 46 94
85 47 98
85 48 94
85 49 81
85 50 93
85 51 87
85 52 98
85 53 91
85 54 98
85 55 89
85 56 100
85 57 85
85 58 97
85 59 99
85 60 81
85 61 82
85 62 88
85 63 86
85 64 92
85 65 92
85 66 91
85 67 81
85 68 82
85 69 85
85 70 97
85 71 96
85 72 91
85 73 87
85 74 96
85 75 84
85 76 85
85 77 88
85 78 100
85 79 99
85 80 98
85 81 98
85 82 87
85 83 93
85 84 100
85 86 83
85 87 94
85 88 82
85 89 93
85 90 83
85 91 87
85 92 83
85 93 81
85 94 98
85 95 97
85 96 92
85 97 87
85 98 89
85 99 93
86 1 85
86 2 87
86 3 89
86 4 80
86 5 98
86 6 83
86 7 91
86 8 94
86 9 83
86 10 81
86 11 95
86 12 80
86 13 90
86 14 95
86 15 91
86 16 98
86 17 90
86 18 91
86 19 90
86 20 80
86 21 81
86 22 80
86 23 99
86 24 84
86 25 87
86 26 80
86 27 89
86 28 94
86 29 81
86 30 87
86 31 94
86 32 84
86 33 95
86 34 95
86 35 87
86 36 86
86 37 94
86 38 91
86 39 92
86 40 92
86 41 97
86 42 92
86 43 95
86 44 87
86 45 94
86 46 92
86 47 97
86 48 84
86 49 83
86 50 95
86 51 95
86 52 91
86 53 86
86 54 93
86 55 80
86 56 84
86 57 92
86 58 90
86 59 89
86 60 85
86 61 80
86 62 85
86 63 83
86 64 85
86 65 93
86 66 97
86 67 88
86 68 85
86 69 90
86 70 97
86 71 85
86 72 91
86 73 84
86 74 85
86 75 82
86 76 100
86 77 94
86 78 90
86 79 93
86 80 91
86 81 84
86 82 84
86 83 86
86 84 96
86 85 83
86 87 97
86 88 95
86 89 98
86 90 88
86 91 85
86 92 85
86 93 89
86 94 91
86 95 91
86 96 87
86 97 80
86 98 96
86 99 98
87 1 84
87 2 99
87 3 82
87 4 100
87 5 80
87 6 96
87 7 92
87 8 86
87 9 93
87 10 83
87 11 83
87 12 85
87 13 99
87 14 92
87 15 97
87 16 97
87 17 93
87 18 90
87 19 83
87 20 84
87 21 87
87 22 88
87 23 81
87 24 96
87 25 93
87 26 84
87 27 87
87 28 94
87 29 98
87 30 97
87 31 82
87 32 89
87 33 88
87 34 98
87 35 90
87 36 83
87 37 86
87 38 92
87 39 88
87 40 99
87 41 92
87 42 100
87 43 81
87 44 88
87 45 84
87 46 97
87 47 90
87 48 81
87 49 83
87 50 100
87 51 96
87 52 82
87 53 90
87 54 99
87 55 97
87 56 97
87 57 96
87 58 87
87 59 84
87 60 81
87 61 86
87 62 94
87 63 80
87 64 97
87 65 88
87 66 80
87 67 94
87 68 80
87 69 92
87 70 96
87 71 89
87 72 81
87 73 96
87 74 91
87 75 80
87 76 81
87 77 100
87 78 90
87 79 99
87 80 99
87 81 84
87 82 90
87 83 82
87 84 97
87 85 94
87 86 97
87 88 97
87 89 100
87 90 91
87 91 90
87 92 100
87 93 96
87 94 93
87 95 84
87 96 85
87 97 91
87 98 86
87 99 94
88 1 88
88 2 80
88 3 93
88 4 90
88 5 95
88 6 94
88 7 89
88 8 98
88 9 80
88 10 82
88 11 100
88 12 80
88 13 94
88 14 80
88 15 93
88 16 80
88 17 87
88 18 94
88 19 99
88 20 93
88 21 85
88 22 85
88 23 89
88 24 100
88 25 88
88 26 96
88 27 95
88 28 80
88 29 97
88 30 100
88 31 88
88 32 100
88 33 90
88 34 98
88 35 92
88 36 96
88 37 94
88 38 86
88 39 87
88 40 81
88 41 100
88 42 83
88 43 92
88 44 98
88 45 83
88 46 80
88 47 81
88 48 89
88 49 80
88 50 82
88 51 86
88 52 80
88 53 82
88 54 84
88 55 84
88 56 93
88 57 82
88 58 82
88 59 89
88 60 87
88 61 98
88 62 83
88 63 97
88 64 94
88 65 97
88 66 89
88 67 82
88 68 91
88 69 88
88 70 97
88 71 100
88 72 93
88 73 82
88 74 99
88 75 98
88 76 94
88 77 94
88 78 85
88 79 90
88 80 99
88 81 82
88 82 94
88 83 86
88 84 89
88 85 82
88 86 95
88 87 97
88 89 84
88 90 91
88 91 98
88 92 94
88 93 83
88 94 97
88 95 88
88 96 96
88 97 82
88 98 89
88 99 92
89 1 95
89 2 80
89 3 91
89 4 85
89 5 89
89 6 100
89 7 80
89 8 85
89 9 93
89 10 96
89 11 83
89 12 91
89 13 92
89 14 99
89 15 100
89 16 87
89 17 90
89 18 86
89 19 90
89 20 90
89 21 87
89 22 80
89 23 91
89 24 83
89 25 87
89 26 90
89 27 95
89 28 81
89 29 82
89 30 91
89 31 82
89 32 98
89 33 90
89 34 89
89 35 93
89 36 92
89 37 96
89 38 100
89 39 97
89 40 84
89 41 84
89 42 90
89 43 93
89 44 85
89 45 81
89 46 97
89 47 95
89 48 94
89 49 92
89 50 90
89 51 88
89 52 87
89 53 81
89 54 86
89 55 100
89 56 92
89 57 93
89 58 95
89 59 86
89 60 81
89 61 100
89 62 87
89 63 86
89 64 97
89 65 100
89 66 85
89 67 90
89 68 81
89 69 93
89 70 81
89 71 87
89 72 89
89 73 95
89 74 80
89 75 86
89 76 82
89 77 96
89 78 86
89 79 90
89 80 81
89 81 87
89 82 91
89 83 86
89 84 90
89 85 93
89 86 98
89 87 100
89 88 84
89 90 88
89 91 93
89 92 98
89 93 92
89 94 85
89 95 91
89 96 85
89 97 83
89 98 100
89 99 86
90 1 94
90 2 87
90 3 81
90 4 99
90 5 100
90 6 83
90 7 89
90 8 99
90 9 99
90 10 100
90 11 91
90 12 93
90 13 98
90 14 89
90 15 85
90 16 86
90 17 94
90 18 98
90 19 88
90 20 85
90 21 82
90 22 94
90 23 97
90 24 87
90 25 86
90 26 89
90 27 81
90 28 98
90 29 84
90 30 93
90 31 87
90 32 83
90 33 98
90 34 89
90 35 87
90 36 88
90 37 90
90 38 92
90 39 85
90 40 86
90 41 85
90 42 98
90 43 81
90 44 95
90 45 94
90 46 95
90 47 98
90 48 96
90 49 94
90 50 83
90 51 97
90 52 98
90 53 87
90 54 84
90 55 94
90 56 97
90 57 98
90 58 98
90 59 99
90 60 94
90 61 98
90 62 82
90 63 84
90 64 82
90 65 88
90 66 98
90 67 98
90 68 100
90 69 95
90 70 98
90 71 81
90 72 87
90 73 98
90 74 92
90 75 86
90 76 85
90 77 81
90 78 99
90 79 91
90 80 99
90 81 91
90 82 90
90 83 83
90 84 85
90 85 83
90 86 88
90 87 91
90 88 91
90 89 88
90 91 84
90 92 83
90 93 96
90 94 97
90 95 85
90 96 98
90 97 90
90 98 97
90 99 97
91 1 82
91 2 98
91 3 90
91 4 93
91 5 81
91 6 96
91 7 93
91 8 89
91 9 95
91 10 88
91 11 99
91 12 87
91 13 100
91 14 99
91 15 85
91 16 88
91 17 97
91 18 87
91 19 86
91 20 81
91 21 93
91 22 84
91 23 90
91 24 80
91 25 98
91 26 80
91 27 85
91 28 97
91 29 91
91 30 87
91 31 86
91 32 99
91 33 100
91 34 94
91 35 88
91 36 92
91 37 98
91 38 100
91 39 84
91 40 96
91 41 97
91 42 94
91 43 98
91 44 86
91 45 85
91 46 100
91 47 98
91 48 86
91 49 89
91 50 89
91 51 80
91 52 100
91 53 86
91 54 88
91 55 81
91 56 82
91 57 81
91 58 85
91 59 91
91 60 80
91 61 92
91 62 97
91 63 85
91 64 81
91 65 94
91 66 91
91 67 92
91 68 93
91 69 86
91 70 84
91 71 93
91 72 99
91 73 88
91 74 82
91 75 100
91 76 100
91 77 90
91 78 93
91 79 93
91 80 94
91 81 93
91 82 96
91 83 98
91 84 88
91 85 87
91 86 85
91 87 90
91 88 98
91 89 93
91 90 84
91 92 93
91 93 82
91 94 87
91 95 95
91 96 96
91 97 99
91 98 89
91 99 99
92 1 81
92 2 94
92 3 88
92 4 100
92 5 98
92 6 86
92 7 94
92 8 86
92 9 84
92 10 82
92 11 81
92 12 90
92 13 96
92 14 89
92 15 83
92 16 92
92 17 97
92 18 88
92 19 89
92 20 90
92 21 94
92 22 89
92 23 96
92 24 84
92 25 98
92 26 100
92 27 94
92 28 89
92 29 83
92 30 80
92 31 96
92 32 81
92 33 95
92 34 84
92 35 87
92 36 95
92 37 88
92 38 95
92 39 95
92 40 96
92 41 100
92 42 98
92 43 83
92 44 88
92 45 85
92 46 98
92 47 100
92 48 100
92 49 92
92 50 93
92 51 80
92 52 87
92 53 87
92 54 85
92 55 98
92 56 90
92 57 95
92 58 86
92 59 99
92 60 98
92 61 91
92 62 86
92 63 98
92 64 92
92 65 80
92 66 93
92 67 98
92 68 83
92 69 88
92 70 96
92 71 83
92 72 82
92 73 92
92 74 89
92 75 91
92 76 92
92 77 80
92 78 99
92 79 84
92 80 95
92 81 88
92 82 98
92 83 93
92 84 86
92 85 83
92 86 85
92 87 100
92 88 94
92 89 98
92 90 83
92 91 93
92 93 93
92 94 85
92 95 91
92 96 100
92 97 96
92 98 85
92 99 89
93 1 85
93 2 96
93 3 83
93 4 96
93 5 100
93 6 92
93 7 95
93 8 95
93 9 88
93 10 98
93 11 93
93 12 95
93 13 95
93 14 97
93 15 97
93 16 88
93 17 81
93 18 99
93 19 81
93 20 91
93 21 84
93 22 87
93 23 99
93 24 96
93 25 90
93 26 86
93 27 97
93 28 93
93 29 83
93 30 84
93 31 94
93 32 84
93 33 95
93 34 95
93 35 97
93 36 84
93 37 90
93 38 84
93 39 88
93 40 87
93 41 97
93 42 85
93 43 98
93 44 98
93 45 94
93 46 94
93 47 84
93 48 85
93 49 90
93 50 82
93 51 93
93 52 97
93 53 83
93 54 87
93 55 88
93 56 97
93 57 97
93 58 100
93 59 80
93 60 93
93 61 98
93 62 96
93 63 83
93 64 81
93 65 98
93 66 100
93 67 98
93 68 90
93 69 80
93 70 97
93 71 99
93 72 87
93 73 98
93 74 89
93 75 81
93 76 81
93 77 85
93 78 91
93 79 92
93 80 92
93 81 91
93 82 95
93 83 95
93 84 87
93 85 81
93 86 89
93 87 96
93 88 83
93 89 92
93 90 96
93 91 82
93 92 93
93 94 84
93 95 90
93 96 98
93 97 86
93 98 80
93 99 87
94 1 89
94 2 96
94 3 97
94 4 82
94 5 96
94 6 85
94 7 97
94 8 89
94 9 98
94 10 91
94 11 87
94 12 100
94 13 87
94 14 84
94 15 83
94 16 90
94 17 95
94 18 95
94 19 94
94 20 95
94 21 91
94 22 90
94 23 93
94 24 92
94 25 91
94 26 84
94 27 100
94 28 100
94 29 88
94 30 92
94 31 88
94 32 90
94 33 80
94 34 80
94 35 93
94 36 91
94 37 93
94 38 85
94 39 80
94 40 99
94 41 83
94 42 98
94 43 93
94 44 93
94 45 92
94 46 89
94 47 87
94 48 99
94 49 95
94 50 82
94 51 83
94 52 83
94 53 80
94 54 95
94 55 98
94 56 96
94 57 83
94 58 89
94 59 100
94 60 89
94 61 86
94 62 91
94 63 88
94 64 89
94 65 92
94 66 88
94 67 94
94 68 91
94 69 93
94 70 99
94 71 95
94 72 85
94 73 100
94 74 86
94 75 96
94 76 89
94 77 95
94 78 94
94 79 90
94 80 98
94 81 95
94 82 90
94 83 87
94 84 89
94 85 98
94 86 91
94 87 93
94 88 97
94 89 85
94 90 97
94 91 87
94 92 85
94 93 84
94 95 85
94 96 99
94 97 93
94 98 86
94 99 84
95 1 94
95 2 95
95 3 90
95 4 99
95 5 81
95 6 87
95 7 87
95 8 95
95 9 99
95 10 84
95 11 89
95 12 99
95 13 87
95 14 94
95 15 98
95 16 91
95 17 89
95 18 95
95 19 82
95 20 85
95 21 86
95 22 89
95 23 94
95 24 93
95 25 93
95 26 82
95 27 99
95 28 80
95 29 100
95 30 90
95 31 85
95 32 91
95 33 85
95 34 99
95 35 83
95 36 88
95 37 82
95 38 90
95 39 85
95 40 92
95 41 86
95 42 100
95 43 92
95 44 92
95 45 91
95 46 84
95 47 83
95 48 84
95 49 93
95 50 81
95 51 83
95 52 95
95 53 85
95 54 87
95 55 99
95 56 83
95 57 82
95 58 99
95 59 94
95 60 99
95 61 91
95 62 94
95 63 97
95 64 80
95 65 95
95 66 95
95 67 88
95 68 87
95 69 85
95 70 97
95 71 98
95 72 80
95 73 88
95 74 81
95 75 92
95 76 95
95 77 94
95 78 95
95 79 90
95 80 89
95 81 96
95 82 85
95 83 97
95 84 85
95 85 97
95 86 91
95 87 84
95 88 88
95 89 91
95 90 85
95 91 95
95 92 91
95 93 90
95 94 85
95 96 89
95 97 84
95 98 83
95 99 80
96 1 94
96 2 83
96 3 92
96 4 95
96 5 86
96 6 86
96 7 96
96 8 99
96 9 92
96 10 93
96 11 90
96 12 96
96 13 99
96 14 91
96 15 97
96 16 84
96 17 97
96 18 100
96 19 84
96 20 100
96 21 96
96 22 86
96 23 90
96 24 99
96 25 100
96 26 95
96 27 90
96 28 97
96 29 82
96 30 81
96 31 81
96 32 94
96 33 86
96 34 86
96 35 94
96 36 82
96 37 86
96 38 85
96 39 95
96 40 97
96 41 88
96 42 84
96 43 93
96 44 91
96 45 86
96 46 95
96 47 86
96 48 90
96 49 97
96 50 95
96 51 92
96 52 91
96 53 84
96 54 81
96 55 81
96 56 94
96 57 82
96 58 81
96 59 94
96 60 88
96 61 87
96 62 91
96 63 85
96 64 99
96 65 97
96 66 94
96 67 86
96 68 97
96 69 90
96 70 86
96 71 97
96 72 100
96 73 100
96 74 81
96 75 93
96 76 87
96 77 84
96 78 93
96 79 83
96 80 91
96 81 91
96 82 93
96 83 82
96 84 92
96 85 92
96 86 87
96 87 85
96 88 96
96 89 85
96 90 98
96 91 96
96 92 100
96 93 98
96 94 99
96 95 89
96 97 84
96 98 81
96 99 90
97 1 100
97 2 82
97 3 87
97 4 85
97 5 95
97 6 87
97 7 80
97 8 88
97 9 93
97 10 81
97 11 84
97 12 96
97 13 95
97 14 81
97 15 81
97 16 80
97 17 99
97 18 95
97 19 81
97 20 90
97 21 89
97 22 86
97 23 96
97 24 90
97 25 84
97 26 92
97 27 90
97 28 88
97 29 87
97 30 98
97 31 99
97 32 97
97 33 97
97 34 93
97 35 85
97 36 98
97 37 97
97 38 99
97 39 98
97 40 89
97 41 100
97 42 81
97 43 86
97 44 94
97 45 94
97 46 81
97 47 81
97 48 98
97 49 98
97 50 93
97 51 94
97 52 80
97 53 96
97 54 92
97 55 83
97 56 85
97 57 88
97 58 86
97 59 100
97 60 94
97 61 89
97 62 92
97 63 93
97 64 95
97 65 85
97 66 94
97 67 88
97 68 91
97 69 86
97 70 82
97 71 87
97 72 94
97 73 95
97 74 89
97 75 95
97 76 87
97 77 98
97 78 81
97 79 90
97 80 84
97 81 92
97 82 88
97 83 81
97 84 90
97 85 87
97 86 80
97 87 91
97 88 82
97 89 83
97 90 90
97 91 99
97 92 96
97 93 86
97 94 93
97 95 84
97 96 84
97 98 80
97 99 81
98 1 84
98 2 88
98 3 95
98 4 100
98 5 99
98 6 91
98 7 80
98 8 100
98 9 84
98 10 80
98 11 91
98 12 84
98 13 90
98 14 100
98 15 100
98 16 81
98 17 91
98 18 82
98 19 96
98 20 85
98 21 92
98 22 89
98 23 91
98 24 95
98 25 89
98 26 81
98 27 88
98 28 100
98 29 89
98 30 100
98 31 98
98 32 81
98 33 100
98 34 83
98 35 93
98 36 84
98 37 96
98 38 96
98 39 84
98 40 82
98 41 88
98 42 92
98 43 97
98 44 92
98 45 97
98 46 100
98 47 91
98 48 86
98 49 97
98 50 99
98 51 89
98 52 83
98 53 99
98 54 83
98 55 84
98 56 97
98 57 80
98 58 84
98 59 94
98 60 95
98 61 90
98 62 92
98 63 92
98 64 84
98 65 99
98 66 95
98 67 91
98 68 88
98 69 94
98 70 99
98 71 80
98 72 85
98 73 83
98 74 94
98 75 99
98 76 89
98 77 91
98 78 87
98 79 84
98 80 99
98 81 80
98 82 86
98 83 89
98 84 100
98 85 89
98 86 96
98 87 86
98 88 89
98 89 100
98 90 97
98 91 89
98 92 85
98 93 80
98 94 86
98 95 83
98 96 81
98 97 80
98 99 90
1 t 83
2 t 89
3 t 90
4 t 99
5 t 81
6 t 98
7 t 90
8 t 100
9 t 82
10 t 88
11 t 98
12 t 93
13 t 100
14 t 89
15 t 92
16 t 100
17 t 99
18 t 88
19 t 100
20 t 91
21 t 84
22 t 94
23 t 90
24 t 83
25 t 87
26 t 95
27 t 93
28 t 83
29 t 84
30 t 89
31 t 80
32 t 98
33 t 99
34 t 85
35 t 98
36 t 82
37 t 93
38 t 99
39 t 87
40 t 91
41 t 92
42 t 80
43 t 84
44 t 85
45 t 89
46 t 95
47 t 95
48 t 80
49 t 81
50 t 98
51 t 86
52 t 85
53 t 96
54 t 93
55 t 97
56 t 89
57 t 87
58 t 97
59 t 92
60 t 95
61 t 83
62 t 82
63 t 81
64 t 99
65 t 89
66 t 82
67 t 81
68 t 86
69 t 100
70 t 99
71 t 85
72 t 90
73 t 93
74 t 84
75 t 93
76 t 88
77 t 94
78 t 89
79 t 94
80 t 82
81 t 98
82 t 95
83 t 83
84 t 82
85 t 93
86 t 98
87 t 94
88 t 92
89 t 86
90 t 97
91 t 99
92 t 89
93 t 87
94 t 84
95 t 80
96 t 90
97 t 81
98 t 90
