s 1 5
s 2 55
s 3 25
s 4 51
s 5 73
s 6 69
s 7 97
s 8 73
s 9 48
s 10 14
s 11 75
s 12 66
s 13 32
s 14 85
s 15 35
s 16 34
s 17 30
s 18 85
s 19 94
s 20 65
s 21 48
s 22 95
s 23 56
s 24 60
s 25 44
s 26 30
s 27 44
s 28 69
s 29 98
s 30 28
s 31 47
s 32 90
s 33 34
s 34 93
s 35 73
s 36 51
s 37 76
s 38 73
s 39 49
s 40 21
s 41 51
s 42 8
s 43 68
s 44 36
s 45 44
s 46 37
s 47 97
s 48 85
s 49 89
s 50 85
s 51 68
s 52 97
s 53 76
s 54 81
s 55 29
s 56 21
s 57 26
s 58 30
s 59 76
s 60 70
s 61 94
s 62 78
s 63 92
s 64 99
s 65 39
s 66 96
s 67 57
s 68 35
s 69 32
s 70 98
s 71 79
s 72 28
s 73 57
s 74 54
s 75 96
s 76 85
s 77 55
s 78 51
s 79 34
s 80 20
s 81 21
s 82 98
s 83 51
s 84 49
s 85 53
s 86 9
s 87 57
s 88 44
s 89 7
s 90 37
s 91 27
s 92 90
s 93 20
s 94 48
s 95 85
s 96 26
s 97 39
s 98 98
s 99 92
1 2 69
1 3 89
1 4 19
1 5 79
1 6 68
1 7 88
1 8 94
1 9 21
1 10 28
1 11 84
1 12 66
1 13 57
1 14 36
1 15 6
1 16 66
1 17 31
1 18 23
1 19 61
1 20 76
1 21 66
1 22 37
1 23 69
1 24 87
1 25 43
1 26 100
1 27 22
1 28 69
1 29 48
1 30 67
1 31 55
1 32 40
1 33 70
1 34 95
1 35 45
1 36 33
1 37 69
1 38 47
1 39 68
1 40 99
1 41 55
1 42 58
1 43 24
1 44 22
1 45 92
1 46 9
1 47 96
1 48 56
1 49 29
1 50 86
1 51 88
1 52 30
1 53 10
1 54 35
1 55 42
1 56 24
1 57 18
1 58 8
1 59 24
1 60 50
1 61 31
1 62 68
1 63 41
1 64 86
1 65 12
1 66 20
1 67 14
1 68 47
1 69 100
1 70 34
1 71 15
1 72 41
1 73 57
1 74 85
1 75 54
1 76 84
1 77 29
1 78 70
1 79 88
1 80 7
1 81 96
1 82 51
1 83 91
1 84 34
1 85 38
1 86 12
1 87 73
1 88 43
1 89 68
1 90 10
1 91 16
1 92 58
1 93 23
1 94 95
1 95 19
1 96 16
1 97 34
1 98 73
1 99 48
2 1 69
2 3 98
2 4 34
2 5 33
2 6 14
2 7 84
2 8 79
2 9 16
2 10 99
2 11 96
2 12 49
2 13 32
2 14 96
2 15 53
2 16 60
2 17 16
2 18 58
2 19 28
2 20 42
2 21 98
2 22 54
2 23 86
2 24 84
2 25 46
2 26 80
2 27 34
2 28 45
2 29 26
2 30 7
2 31 91
2 32 90
2 33 97
2 34 72
2 35 29
2 36 81
2 37 15
2 38 54
2 39 40
2 40 78
2 41 79
2 42 83
2 43 61
2 44 76
2 45 27
2 46 78
2 47 69
2 48 70
2 49 83
2 50 41
2 51 81
2 52 74
2 53 10
2 54 69
2 55 92
2 56 86
2 57 89
2 58 44
2 59 45
2 60 83
2 61 54
2 62 91
2 63 25
2 64 10
2 65 32
2 66 74
2 67 69
2 68 71
2 69 49
2 70 26
2 71 41
2 72 41
2 73 54
2 74 58
2 75 47
2 76 98
2 77 91
2 78 85
2 79 59
2 80 82
2 81 31
2 82 59
2 83 37
2 84 26
2 85 7
2 86 10
2 87 33
2 88 63
2 89 79
2 90 58
2 91 64
2 92 30
2 93 58
2 94 66
2 95 47
2 96 6
2 97 74
2 98 10
2 99 61
3 1 89
3 2 98
3 4 86
3 5 75
3 6 78
3 7 91
3 8 84
3 9 10
3 10 43
3 11 28
3 12 39
3 13 100
3 14 41
3 15 27
3 16 18
3 17 57
3 18 69
3 19 27
3 20 78
3 21 31
3 22 90
3 23 73
3 24 98
3 25 82
3 26 44
3 27 62
3 28 34
3 29 9
3 30 16
3 31 66
3 32 33
3 33 68
3 34 91
3 35 74
3 36 19
3 37 97
3 38 38
3 39 34
3 40 68
3 41 14
3 42 91
3 43 5
3 44 79
3 45 57
3 46 30
3 47 73
3 48 60
3 49 68
3 50 59
3 51 88
3 52 58
3 53 20
3 54 8
3 55 24
3 56 52
3 57 40
3 58 22
3 59 12
3 60 82
3 61 70
3 62 58
3 63 84
3 64 15
3 65 49
3 66 82
3 67 48
3 68 19
3 69 87
3 70 54
3 71 66
3 72 12
3 73 7
3 74 29
3 75 48
3 76 14
3 77 63
3 78 9
3 79 9
3 80 36
3 81 36
3 82 16
3 83 31
3 84 49
3 85 75
3 86 72
3 87 18
3 88 8
3 89 52
3 90 77
3 91 78
3 92 100
3 93 22
3 94 82
3 95 75
3 96 5
3 97 53
3 98 67
3 99 18
4 1 19
4 2 34
4 3 86
4 5 40
4 6 16
4 7 50
4 8 95
4 9 97
4 10 55
4 11 38
4 12 97
4 13 55
4 14 58
4 15 92
4 16 95
4 17 93
4 18 93
4 19 89
4 20 85
4 21 73
4 22 8
4 23 45
4 24 91
4 25 18
4 26 90
4 27 69
4 28 39
4 29 11
4 30 93
4 31 46
4 32 41
4 33 22
4 34 20
4 35 97
4 36 84
4 37 7
4 38 17
4 39 79
4 40 29
4 41 22
4 42 68
4 43 42
4 44 27
4 45 96
4 46 14
4 47 13
4 48 47
4 49 91
4 50 84
4 51 41
4 52 93
4 53 52
4 54 14
4 55 14
4 56 56
4 57 39
4 58 63
4 59 82
4 60 27
4 61 26
4 62 63
4 63 65
4 64 20
4 65 23
4 66 19
4 67 33
4 68 59
4 69 100
4 70 30
4 71 32
4 72 64
4 73 96
4 74 17
4 75 92
4 76 99
4 77 60
4 78 63
4 79 15
4 80 29
4 81 51
4 82 44
4 83 85
4 84 60
4 85 71
4 86 67
4 87 60
4 88 11
4 89 90
4 90 37
4 91 39
4 92 15
4 93 71
4 94 95
4 95 31
4 96 46
4 97 91
4 98 21
4 99 22
5 1 79
5 2 33
5 3 75
5 4 40
5 6 75
5 7 82
5 8 91
5 9 89
5 10 76
5 11 18
5 12 99
5 13 17
5 14 29
5 15 62
5 16 80
5 17 86
5 18 13
5 19 56
5 20 41
5 21 17
5 22 85
5 23 23
5 24 9
5 25 44
5 26 89
5 27 64
5 28 51
5 29 89
5 30 39
5 31 100
5 32 34
5 33 60
5 34 93
5 35 86
5 36 63
5 37 85
5 38 71
5 39 71
5 40 44
5 41 14
5 42 5
5 43 96
5 44 93
5 45 61
5 46 75
5 47 27
5 48 70
5 49 54
5 50 99
5 51 31
5 52 15
5 53 81
5 54 45
5 55 54
5 56 37
5 57 51
5 58 38
5 59 12
5 60 74
5 61 60
5 62 70
5 63 38
5 64 76
5 65 76
5 66 99
5 67 93
5 68 19
5 69 18
5 70 52
5 71 86
5 72 52
5 73 83
5 74 48
5 75 31
5 76 35
5 77 19
5 78 20
5 79 39
5 80 69
5 81 100
5 82 67
5 83 91
5 84 67
5 85 40
5 86 39
5 87 57
5 88 58
5 89 68
5 90 54
5 91 50
5 92 16
5 93 67
5 94 17
5 95 97
5 96 33
5 97 99
5 98 70
5 99 35
6 1 68
6 2 14
6 3 78
6 4 16
6 5 75
6 7 87
6 8 33
6 9 85
6 10 18
6 11 88
6 12 60
6 13 47
6 14 98
6 15 57
6 16 72
6 17 90
6 18 54
6 19 17
6 20 82
6 21 17
6 22 32
6 23 72
6 24 75
6 25 8
6 26 20
6 27 78
6 28 83
6 29 78
6 30 7
6 31 72
6 32 67
6 33 11
6 34 9
6 35 100
6 36 86
6 37 9
6 38 28
6 39 46
6 40 53
6 41 46
6 42 48
6 43 92
6 44 62
6 45 7
6 46 29
6 47 68
6 48 48
6 49 97
6 50 92
6 51 13
6 52 22
6 53 49
6 54 67
6 55 98
6 56 13
6 57 52
6 58 91
6 59 67
6 60 52
6 61 48
6 62 95
6 63 22
6 64 15
6 65 89
6 66 50
6 67 27
6 68 88
6 69 79
6 70 61
6 71 93
6 72 35
6 73 69
6 74 5
6 75 100
6 76 11
6 77 29
6 78 5
6 79 39
6 80 30
6 81 46
6 82 13
6 83 94
6 84 98
6 85 39
6 86 23
6 87 22
6 88 35
6 89 14
6 90 33
6 91 94
6 92 27
6 93 65
6 94 12
6 95 30
6 96 28
6 97 30
6 98 48
6 99 8
7 1 88
7 2 84
7 3 91
7 4 50
7 5 82
7 6 87
7 8 61
7 9 62
7 10 90
7 11 38
7 12 94
7 13 27
7 14 67
7 15 19
7 16 57
7 17 51
7 18 14
7 19 38
7 20 7
7 21 37
7 22 29
7 23 8
7 24 12
7 25 56
7 26 16
7 27 71
7 28 65
7 29 58
7 30 28
7 31 35
7 32 92
7 33 6
7 34 68
7 35 69
7 36 30
7 37 31
7 38 87
7 39 80
7 40 57
7 41 57
7 42 70
7 43 79
7 44 59
7 45 55
7 46 63
7 47 78
7 48 59
7 49 46
7 50 10
7 51 69
7 52 31
7 53 41
7 54 64
7 55 47
7 56 40
7 57 6
7 58 67
7 59 57
7 60 59
7 61 29
7 62 31
7 63 21
7 64 44
7 65 97
7 66 59
7 67 78
7 68 41
7 69 95
7 70 91
7 71 54
7 72 64
7 73 36
7 74 21
7 75 92
7 76 14
7 77 27
7 78 77
7 79 89
7 80 69
7 81 19
7 82 80
7 83 9
7 84 89
7 85 30
7 86 10
7 87 23
7 88 72
7 89 54
7 90 68
7 91 80
7 92 68
7 93 91
7 94 61
7 95 90
7 96 62
7 97 88
7 98 36
7 99 62
8 1 94
8 2 79
8 3 84
8 4 95
8 5 91
8 6 33
8 7 61
8 9 16
8 10 99
8 11 47
8 12 96
8 13 70
8 14 98
8 15 91
8 16 15
8 17 42
8 18 43
8 19 65
8 20 56
8 21 76
8 22 100
8 23 17
8 24 53
8 25 42
8 26 9
8 27 78
8 28 99
8 29 33
8 30 12
8 31 6
8 32 81
8 33 16
8 34 55
8 35 12
8 36 20
8 37 69
8 38 45
8 39 51
8 40 55
8 41 39
8 42 46
8 43 73
8 44 80
8 45 96
8 46 89
8 47 77
8 48 46
8 49 68
8 50 12
8 51 79
8 52 78
8 53 98
8 54 71
8 55 67
8 56 45
8 57 6
8 58 78
8 59 34
8 60 88
8 61 40
8 62 45
8 63 61
8 64 31
8 65 53
8 66 22
8 67 30
8 68 40
8 69 23
8 70 5
8 71 61
8 72 31
8 73 68
8 74 37
8 75 59
8 76 11
8 77 96
8 78 76
8 79 31
8 80 92
8 81 16
8 82 97
8 83 43
8 84 33
8 85 61
8 86 62
8 87 90
8 88 22
8 89 32
8 90 48
8 91 24
8 92 58
8 93 48
8 94 91
8 95 29
8 96 62
8 97 5
8 98 91
8 99 40
9 1 21
9 2 16
9 3 10
9 4 97
9 5 89
9 6 85
9 7 62
9 8 16
9 10 90
9 11 40
9 12 5
9 13 85
9 14 26
9 15 25
9 16 76
9 17 26
9 18 21
9 19 92
9 20 63
9 21 100
9 22 30
9 23 33
9 24 79
9 25 40
9 26 51
9 27 79
9 28 15
9 29 8
9 30 83
9 31 77
9 32 20
9 33 69
9 34 13
9 35 45
9 36 28
9 37 60
9 38 51
9 39 85
9 40 43
9 41 94
9 42 13
9 43 42
9 44 16
9 45 47
9 46 42
9 47 91
9 48 6
9 49 27
9 50 82
9 51 7
9 52 22
9 53 16
9 54 22
9 55 45
9 56 90
9 57 92
9 58 73
9 59 78
9 60 60
9 61 100
9 62 72
9 63 65
9 64 93
9 65 61
9 66 52
9 67 83
9 68 82
9 69 43
9 70 97
9 71 56
9 72 73
9 73 52
9 74 38
9 75 50
9 76 9
9 77 96
9 78 21
9 79 29
9 80 55
9 81 48
9 82 69
9 83 53
9 84 85
9 85 23
9 86 10
9 87 37
9 88 5
9 89 57
9 90 7
9 91 13
9 92 43
9 93 31
9 94 57
9 95 15
9 96 48
9 97 20
9 98 20
9 99 22
10 1 28
10 2 99
10 3 43
10 4 55
10 5 76
10 6 18
10 7 90
10 8 99
10 9 90
10 11 99
10 12 32
10 13 12
10 14 99
10 15 58
10 16 62
10 17 10
10 18 85
10 19 54
10 20 91
10 21 30
10 22 52
10 23 100
10 24 46
10 25 19
10 26 59
10 27 64
10 28 14
10 29 94
10 30 32
10 31 84
10 32 53
10 33 16
10 34 96
10 35 30
10 36 79
10 37 43
10 38 12
10 39 48
10 40 62
10 41 81
10 42 74
10 43 17
10 44 46
10 45 88
10 46 42
10 47 33
10 48 48
10 49 26
10 50 70
10 51 89
10 52 85
10 53 41
10 54 52
10 55 17
10 56 41
10 57 64
10 58 11
10 59 91
10 60 9
10 61 52
10 62 48
10 63 12
10 64 34
10 65 9
10 66 92
10 67 27
10 68 40
10 69 65
10 70 43
10 71 66
10 72 15
10 73 47
10 74 36
10 75 98
10 76 74
10 77 10
10 78 32
10 79 35
10 80 30
10 81 93
10 82 57
10 83 56
10 84 97
10 85 91
10 86 16
10 87 33
10 88 52
10 89 80
10 90 59
10 91 42
10 92 59
10 93 18
10 94 73
10 95 49
10 96 53
10 97 86
10 98 83
10 99 5
11 1 84
11 2 96
11 3 28
11 4 38
11 5 18
11 6 88
11 7 38
11 8 47
11 9 40
11 10 99
11 12 92
11 13 31
11 14 98
11 15 9
11 16 27
11 17 82
11 18 55
11 19 24
11 20 71
11 21 37
11 22 90
11 23 35
11 24 91
11 25 53
11 26 98
11 27 22
11 28 20
11 29 23
11 30 29
11 31 56
11 32 5
11 33 70
11 34 30
11 35 81
11 36 56
11 37 59
11 38 33
11 39 38
11 40 34
11 41 59
11 42 59
11 43 64
11 44 34
11 45 10
11 46 66
11 47 42
11 48 54
11 49 29
11 50 54
11 51 25
11 52 25
11 53 77
11 54 12
11 55 6
11 56 61
11 57 40
11 58 85
11 59 55
11 60 65
11 61 97
11 62 47
11 63 28
11 64 79
11 65 71
11 66 7
11 67 84
11 68 85
11 69 52
11 70 42
11 71 16
11 72 61
11 73 92
11 74 39
11 75 79
11 76 75
11 77 37
11 78 66
11 79 41
11 80 19
11 81 21
11 82 87
11 83 72
11 84 53
11 85 39
11 86 73
11 87 15
11 88 86
11 89 88
11 90 7
11 91 94
11 92 28
11 93 94
11 94 25
11 95 78
11 96 69
11 97 87
11 98 45
11 99 87
12 1 66
12 2 49
12 3 39
12 4 97
12 5 99
12 6 60
12 7 94
12 8 96
12 9 5
12 10 32
12 11 92
12 13 69
12 14 95
12 15 56
12 16 82
12 17 58
12 18 28
12 19 43
12 20 56
12 21 13
12 22 52
12 23 52
12 24 41
12 25 72
12 26 62
12 27 14
12 28 40
12 29 46
12 30 86
12 31 70
12 32 99
12 33 60
12 34 73
12 35 42
12 36 81
12 37 58
12 38 80
12 39 80
12 40 85
12 41 61
12 42 26
12 43 33
12 44 63
12 45 28
12 46 98
12 47 64
12 48 49
12 49 45
12 50 32
12 51 91
12 52 62
12 53 92
12 54 91
12 55 13
12 56 46
12 57 71
12 58 28
12 59 45
12 60 31
12 61 89
12 62 62
12 63 22
12 64 70
12 65 97
12 66 65
12 67 84
12 68 19
12 69 14
12 70 61
12 71 40
12 72 50
12 73 73
12 74 20
12 75 88
12 76 78
12 77 47
12 78 32
12 79 54
12 80 16
12 81 10
12 82 44
12 83 75
12 84 5
12 85 75
12 86 31
12 87 96
12 88 29
12 89 6
12 90 18
12 91 41
12 92 48
12 93 73
12 94 67
12 95 15
12 96 27
12 97 90
12 98 98
12 99 56
13 1 57
13 2 32
13 3 100
13 4 55
13 5 17
13 6 47
13 7 27
13 8 70
13 9 85
13 10 12
13 11 31
13 12 69
13 14 40
13 15 77
13 16 9
13 17 20
13 18 76
13 19 95
13 20 40
13 21 39
13 22 41
13 23 49
13 24 62
13 25 14
13 26 84
13 27 36
13 28 100
13 29 80
13 30 17
13 31 14
13 32 67
13 33 99
13 34 26
13 35 55
13 36 70
13 37 23
13 38 30
13 39 19
13 40 74
13 41 35
13 42 39
13 43 27
13 44 17
13 45 74
13 46 52
13 47 74
13 48 54
13 49 41
13 50 68
13 51 81
13 52 59
13 53 32
13 54 52
13 55 87
13 56 95
13 57 59
13 58 32
13 59 17
13 60 11
13 61 60
13 62 6
13 63 26
13 64 11
13 65 7
13 66 72
13 67 79
13 68 26
13 69 74
13 70 47
13 71 73
13 72 86
13 73 70
13 74 77
13 75 88
13 76 82
13 77 30
13 78 27
13 79 57
13 80 10
13 81 59
13 82 97
13 83 20
13 84 49
13 85 89
13 86 52
13 87 52
13 88 7
13 89 50
13 90 89
13 91 99
13 92 39
13 93 5
13 94 8
13 95 66
13 96 60
13 97 99
13 98 11
13 99 66
14 1 36
14 2 96
14 3 41
14 4 58
14 5 29
14 6 98
14 7 67
14 8 98
14 9 26
14 10 99
14 11 98
14 12 95
14 13 40
14 15 83
14 16 54
14 17 38
14 18 66
14 19 11
14 20 14
14 21 81
14 22 37
14 23 41
14 24 8
14 25 65
14 26 15
14 27 8
14 28 29
14 29 69
14 30 92
14 31 46
14 32 37
14 33 11
14 34 61
14 35 90
14 36 39
14 37 34
14 38 48
14 39 26
14 40 30
14 41 59
14 42 58
14 43 56
14 44 41
14 45 41
14 46 68
14 47 20
14 48 79
14 49 7
14 50 16
14 51 45
14 52 44
14 53 88
14 54 54
14 55 57
14 56 29
14 57 74
14 58 63
14 59 21
14 60 36
14 61 20
14 62 61
14 63 86
14 64 89
14 65 94
14 66 37
14 67 61
14 68 45
14 69 64
14 70 74
14 71 40
14 72 27
14 73 99
14 74 87
14 75 6
14 76 14
14 77 67
14 78 41
14 79 67
14 80 41
14 81 54
14 82 39
14 83 33
14 84 23
14 85 70
14 86 30
14 87 39
14 88 48
14 89 90
14 90 61
14 91 83
14 92 68
14 93 51
14 94 42
14 95 44
14 96 39
14 97 18
14 98 64
14 99 51
15 1 6
15 2 53
15 3 27
15 4 92
15 5 62
15 6 57
15 7 19
15 8 91
15 9 25
15 10 58
15 11 9
15 12 56
15 13 77
15 14 83
15 16 89
15 17 23
15 18 70
15 19 23
15 20 49
15 21 68
15 22 12
15 23 71
15 24 37
15 25 63
15 26 100
15 27 98
15 28 24
15 29 23
15 30 91
15 31 74
15 32 65
15 33 62
15 34 51
15 35 87
15 36 52
15 37 21
15 38 62
15 39 40
15 40 48
15 41 37
15 42 89
15 43 21
15 44 100
15 45 41
15 46 35
15 47 32
15 48 62
15 49 74
15 50 24
15 51 41
15 52 18
15 53 66
15 54 46
15 55 97
15 56 35
15 57 97
15 58 75
15 59 54
15 60 49
15 61 46
15 62 65
15 63 77
15 64 31
15 65 37
15 66 72
15 67 77
15 68 63
15 69 63
15 70 86
15 71 24
15 72 61
15 73 79
15 74 61
15 75 85
15 76 37
15 77 73
15 78 97
15 79 40
15 80 82
15 81 61
15 82 52
15 83 100
15 84 84
15 85 97
15 86 16
15 87 23
15 88 60
15 89 12
15 90 17
15 91 67
15 92 71
15 93 63
15 94 44
15 95 12
15 96 37
15 97 30
15 98 80
15 99 13
16 1 66
16 2 60
16 3 18
16 4 95
16 5 80
16 6 72
16 7 57
16 8 15
16 9 76
16 10 62
16 11 27
16 12 82
16 13 9
16 14 54
16 15 89
16 17 5
16 18 60
16 19 56
16 20 5
16 21 95
16 22 85
16 23 9
16 24 79
16 25 61
16 26 20
16 27 46
16 28 16
16 29 70
16 30 53
16 31 14
16 32 74
16 33 41
16 34 5
16 35 7
16 36 45
16 37 67
16 38 37
16 39 9
16 40 12
16 41 78
16 42 78
16 43 17
16 44 13
16 45 6
16 46 78
16 47 96
16 48 58
16 49 24
16 50 48
16 51 88
16 52 21
16 53 9
16 54 58
16 55 51
16 56 9
16 57 96
16 58 48
16 59 63
16 60 91
16 61 81
16 62 22
16 63 90
16 64 95
16 65 71
16 66 82
16 67 6
16 68 71
16 69 77
16 70 80
16 71 41
16 72 86
16 73 26
16 74 31
16 75 99
16 76 51
16 77 23
16 78 24
16 79 13
16 80 25
16 81 77
16 82 63
16 83 11
16 84 43
16 85 80
16 86 35
16 87 45
16 88 5
16 89 98
16 90 95
16 91 72
16 92 46
16 93 37
16 94 35
16 95 43
16 96 73
16 97 97
16 98 44
16 99 97
17 1 31
17 2 16
17 3 57
17 4 93
17 5 86
17 6 90
17 7 51
17 8 42
17 9 26
17 10 10
17 11 82
17 12 58
17 13 20
17 14 38
17 15 23
17 16 5
17 18 74
17 19 78
17 20 15
17 21 99
17 22 69
17 23 63
17 24 86
17 25 87
17 26 35
17 27 11
17 28 97
17 29 41
17 30 46
17 31 25
17 32 46
17 33 68
17 34 76
17 35 71
17 36 83
17 37 12
17 38 72
17 39 23
17 40 7
17 41 27
17 42 75
17 43 23
17 44 64
17 45 55
17 46 10
17 47 75
17 48 24
17 49 77
17 50 57
17 51 89
17 52 73
17 53 44
17 54 93
17 55 49
17 56 55
17 57 32
17 58 95
17 59 23
17 60 13
17 61 9
17 62 93
17 63 15
17 64 31
17 65 23
17 66 58
17 67 35
17 68 14
17 69 36
17 70 86
17 71 84
17 72 43
17 73 79
17 74 56
17 75 58
17 76 19
17 77 48
17 78 71
17 79 26
17 80 56
17 81 29
17 82 56
17 83 99
17 84 96
17 85 24
17 86 98
17 87 69
17 88 38
17 89 50
17 90 77
17 91 79
17 92 95
17 93 97
17 94 41
17 95 35
17 96 23
17 97 25
17 98 27
17 99 24
18 1 23
18 2 58
18 3 69
18 4 93
18 5 13
18 6 54
18 7 14
18 8 43
18 9 21
18 10 85
18 11 55
18 12 28
18 13 76
18 14 66
18 15 70
18 16 60
18 17 74
18 19 58
18 20 74
18 21 82
18 22 43
18 23 46
18 24 21
18 25 24
18 26 100
18 27 93
18 28 44
18 29 36
18 30 32
18 31 49
18 32 5
18 33 44
18 34 96
18 35 88
18 36 91
18 37 55
18 38 77
18 39 39
18 40 98
18 41 49
18 42 39
18 43 59
18 44 69
18 45 88
18 46 73
18 47 90
18 48 29
18 49 83
18 50 90
18 51 88
18 52 79
18 53 66
18 54 82
18 55 86
18 56 99
18 57 80
18 58 70
18 59 69
18 60 93
18 61 69
18 62 83
18 63 71
18 64 58
18 65 24
18 66 35
18 67 22
18 68 41
18 69 34
18 70 63
18 71 95
18 72 67
18 73 45
18 74 82
18 75 38
18 76 8
18 77 12
18 78 53
18 79 45
18 80 88
18 81 100
18 82 28
18 83 15
18 84 10
18 85 40
18 86 92
18 87 38
18 88 13
18 89 34
18 90 55
18 91 44
18 92 88
18 93 77
18 94 70
18 95 95
18 96 48
18 97 96
18 98 33
18 99 30
19 1 61
19 2 28
19 3 27
19 4 89
19 5 56
19 6 17
19 7 38
19 8 65
19 9 92
19 10 54
19 11 24
19 12 43
19 13 95
19 14 11
19 15 23
19 16 56
19 17 78
19 18 58
19 20 86
19 21 37
19 22 46
19 23 80
19 24 74
19 25 7
19 26 68
19 27 68
19 28 96
19 29 9
19 30 27
19 31 18
19 32 29
19 33 20
19 34 51
19 35 64
19 36 46
19 37 9
19 38 61
19 39 97
19 40 5
19 41 84
19 42 41
19 43 57
19 44 50
19 45 33
19 46 77
19 47 27
19 48 58
19 49 73
19 50 46
19 51 83
19 52 86
19 53 36
19 54 78
19 55 63
19 56 42
19 57 98
19 58 51
19 59 56
19 60 64
19 61 53
19 62 80
19 63 79
19 64 64
19 65 6
19 66 82
19 67 82
19 68 79
19 69 40
19 70 9
19 71 77
19 72 98
19 73 74
19 74 81
19 75 77
19 76 29
19 77 69
19 78 92
19 79 97
19 80 12
19 81 53
19 82 93
19 83 57
19 84 28
19 85 69
19 86 84
19 87 80
19 88 23
19 89 35
19 90 81
19 91 6
19 92 59
19 93 50
19 94 7
19 95 6
19 96 54
19 97 95
19 98 78
19 99 7
20 1 76
20 2 42
20 3 78
20 4 85
20 5 41
20 6 82
20 7 7
20 8 56
20 9 63
20 10 91
20 11 71
20 12 56
20 13 40
20 14 14
20 15 49
20 16 5
20 17 15
20 18 74
20 19 86
20 21 32
20 22 43
20 23 52
20 24 77
20 25 85
20 26 70
20 27 34
20 28 79
20 29 78
20 30 29
20 31 7
20 32 19
20 33 90
20 34 42
20 35 35
20 36 22
20 37 62
20 38 74
20 39 82
20 40 72
20 41 6
20 42 45
20 43 51
20 44 19
20 45 70
20 46 70
20 47 83
20 48 92
20 49 50
20 50 97
20 51 59
20 52 35
20 53 55
20 54 52
20 55 83
20 56 5
20 57 20
20 58 46
20 59 81
20 60 97
20 61 56
20 62 45
20 63 34
20 64 23
20 65 89
20 66 12
20 67 84
20 68 75
20 69 78
20 70 56
20 71 30
20 72 41
20 73 42
20 74 68
20 75 44
20 76 35
20 77 22
20 78 51
20 79 74
20 80 86
20 81 73
20 82 50
20 83 13
20 84 43
20 85 6
20 86 40
20 87 57
20 88 25
20 89 51
20 90 69
20 91 50
20 92 7
20 93 81
20 94 88
20 95 98
20 96 15
20 97 29
20 98 29
20 99 67
21 1 66
21 2 98
21 3 31
21 4 73
21 5 17
21 6 17
21 7 37
21 8 76
21 9 100
21 10 30
21 11 37
21 12 13
21 13 39
21 14 81
21 15 68
21 16 95
21 17 99
21 18 82
21 19 37
21 20 32
21 22 62
21 23 34
21 24 83
21 25 74
21 26 56
21 27 24
21 28 44
21 29 81
21 30 89
21 31 61
21 32 93
21 33 32
21 34 22
21 35 46
21 36 85
21 37 87
21 38 98
21 39 35
21 40 43
21 41 25
21 42 77
21 43 36
21 44 80
21 45 24
21 46 38
21 47 44
21 48 99
21 49 90
21 50 97
21 51 56
21 52 67
21 53 5
21 54 83
21 55 76
21 56 31
21 57 76
21 58 26
21 59 35
21 60 41
21 61 22
21 62 58
21 63 80
21 64 10
21 65 7
21 66 66
21 67 86
21 68 47
21 69 45
21 70 77
21 71 96
21 72 64
21 73 73
21 74 69
21 75 94
21 76 17
21 77 24
21 78 33
21 79 28
21 80 82
21 81 94
21 82 47
21 83 65
21 84 65
21 85 46
21 86 45
21 87 65
21 88 64
21 89 23
21 90 17
21 91 31
21 92 96
21 93 14
21 94 9
21 95 67
21 96 92
21 97 84
21 98 93
21 99 52
22 1 37
22 2 54
22 3 90
22 4 8
22 5 85
22 6 32
22 7 29
22 8 100
22 9 30
22 10 52
22 11 90
22 12 52
22 13 41
22 14 37
22 15 12
22 16 85
22 17 69
22 18 43
22 19 46
22 20 43
22 21 62
22 23 99
22 24 69
22 25 16
22 26 18
22 27 77
22 28 93
22 29 5
22 30 50
22 31 14
22 32 6
22 33 61
22 34 55
22 35 9
22 36 34
22 37 31
22 38 9
22 39 28
22 40 49
22 41 17
22 42 85
22 43 57
22 44 96
22 45 67
22 46 33
22 47 84
22 48 14
22 49 11
22 50 74
22 51 56
22 52 92
22 53 74
22 54 28
22 55 85
22 56 17
22 57 46
22 58 45
22 59 52
22 60 71
22 61 17
22 62 86
22 63 11
22 64 85
22 65 30
22 66 47
22 67 75
22 68 26
22 69 51
22 70 6
22 71 86
22 72 67
22 73 98
22 74 92
22 75 79
22 76 25
22 77 50
22 78 28
22 79 10
22 80 10
22 81 35
22 82 57
22 83 66
22 84 50
22 85 79
22 86 35
22 87 9
22 88 38
22 89 75
22 90 5
22 91 90
22 92 60
22 93 77
22 94 62
22 95 74
22 96 58
22 97 39
22 98 25
22 99 93
23 1 69
23 2 86
23 3 73
23 4 45
23 5 23
23 6 72
23 7 8
23 8 17
23 9 33
23 10 100
23 11 35
23 12 52
23 13 49
23 14 41
23 15 71
23 16 9
23 17 63
23 18 46
23 19 80
23 20 52
23 21 34
23 22 99
23 24 26
23 25 81
23 26 44
23 27 53
23 28 23
23 29 5
23 30 42
23 31 38
23 32 56
23 33 36
23 34 37
23 35 68
23 36 53
23 37 86
23 38 36
23 39 62
23 40 10
23 41 15
23 42 60
23 43 36
23 44 23
23 45 12
23 46 46
23 47 67
23 48 81
23 49 61
23 50 61
23 51 17
23 52 9
23 53 61
23 54 74
23 55 67
23 56 87
23 57 60
23 58 46
23 59 93
23 60 99
23 61 30
23 62 19
23 63 33
23 64 47
23 65 59
23 66 47
23 67 72
23 68 68
23 69 71
23 70 62
23 71 15
23 72 88
23 73 13
23 74 59
23 75 9
23 76 57
23 77 21
23 78 27
23 79 82
23 80 25
23 81 37
23 82 7
23 83 99
23 84 53
23 85 67
23 86 20
23 87 97
23 88 100
23 89 88
23 90 64
23 91 80
23 92 88
23 93 79
23 94 42
23 95 70
23 96 52
23 97 61
23 98 14
23 99 26
24 1 87
24 2 84
24 3 98
24 4 91
24 5 9
24 6 75
24 7 12
24 8 53
24 9 79
24 10 46
24 11 91
24 12 41
24 13 62
24 14 8
24 15 37
24 16 79
24 17 86
24 18 21
24 19 74
24 20 77
24 21 83
24 22 69
24 23 26
24 25 11
24 26 91
24 27 93
24 28 26
24 29 48
24 30 79
24 31 21
24 32 28
24 33 32
24 34 73
24 35 66
24 36 76
24 37 8
24 38 41
24 39 80
24 40 69
24 41 19
24 42 93
24 43 76
24 44 59
24 45 20
24 46 8
24 47 22
24 48 84
24 49 77
24 50 63
24 51 5
24 52 87
24 53 90
24 54 45
24 55 55
24 56 92
24 57 29
24 58 22
24 59 51
24 60 67
24 61 39
24 62 56
24 63 30
24 64 97
24 65 95
24 66 45
24 67 86
24 68 53
24 69 50
24 70 45
24 71 14
24 72 89
24 73 23
24 74 81
24 75 6
24 76 52
24 77 29
24 78 18
24 79 37
24 80 76
24 81 20
24 82 16
24 83 54
24 84 57
24 85 21
24 86 14
24 87 30
24 88 84
24 89 79
24 90 27
24 91 86
24 92 78
24 93 15
24 94 76
24 95 40
24 96 61
24 97 43
24 98 68
24 99 10
25 1 43
25 2 46
25 3 82
25 4 18
25 5 44
25 6 8
25 7 56
25 8 42
25 9 40
25 10 19
25 11 53
25 12 72
25 13 14
25 14 65
25 15 63
25 16 61
25 17 87
25 18 24
25 19 7
25 20 85
25 21 74
25 22 16
25 23 81
25 24 11
25 26 81
25 27 75
25 28 85
25 29 18
25 30 69
25 31 84
25 32 64
25 33 85
25 34 49
25 35 51
25 36 89
25 37 33
25 38 93
25 39 98
25 40 38
25 41 19
25 42 79
25 43 58
25 44 70
25 45 85
25 46 5
25 47 21
25 48 46
25 49 88
25 50 94
25 51 94
25 52 78
25 53 10
25 54 19
25 55 56
25 56 83
25 57 83
25 58 36
25 59 39
25 60 70
25 61 18
25 62 44
25 63 31
25 64 17
25 65 15
25 66 22
25 67 72
25 68 97
25 69 61
25 70 41
25 71 10
25 72 38
25 73 14
25 74 63
25 75 27
25 76 56
25 77 50
25 78 84
25 79 98
25 80 20
25 81 46
25 82 89
25 83 7
25 84 36
25 85 21
25 86 39
25 87 57
25 88 61
25 89 70
25 90 49
25 91 27
25 92 66
25 93 33
25 94 51
25 95 76
25 96 69
25 97 71
25 98 7
25 99 81
26 1 100
26 2 80
26 3 44
26 4 90
26 5 89
26 6 20
26 7 16
26 8 9
26 9 51
26 10 59
26 11 98
26 12 62
26 13 84
26 14 15
26 15 100
26 16 20
26 17 35
26 18 100
26 19 68
26 20 70
26 21 56
26 22 18
26 23 44
26 24 91
26 25 81
26 27 78
26 28 45
26 29 22
26 30 34
26 31 84
26 32 92
26 33 43
26 34 46
26 35 8
26 36 41
26 37 99
26 38 43
26 39 49
26 40 44
26 41 97
26 42 94
26 43 17
26 44 31
26 45 62
26 46 35
26 47 39
26 48 53
26 49 61
26 50 26
26 51 14
26 52 20
26 53 61
26 54 14
26 55 99
26 56 16
26 57 7
26 58 67
26 59 68
26 60 70
26 61 71
26 62 27
26 63 19
26 64 18
26 65 24
26 66 5
26 67 25
26 68 13
26 69 24
26 70 68
26 71 8
26 72 70
26 73 27
26 74 23
26 75 25
26 76 59
26 77 27
26 78 10
26 79 52
26 80 21
26 81 76
26 82 56
26 83 46
26 84 94
26 85 14
26 86 58
26 87 77
26 88 32
26 89 92
26 90 17
26 91 39
26 92 59
26 93 97
26 94 76
26 95 40
26 96 98
26 97 10
26 98 22
26 99 49
27 1 22
27 2 34
27 3 62
27 4 69
27 5 64
27 6 78
27 7 71
27 8 78
27 9 79
27 10 64
27 11 22
27 12 14
27 13 36
27 14 8
27 15 98
27 16 46
27 17 11
27 18 93
27 19 68
27 20 34
27 21 24
27 22 77
27 23 53
27 24 93
27 25 75
27 26 78
27 28 50
27 29 86
27 30 96
27 31 62
27 32 80
27 33 74
27 34 6
27 35 32
27 36 94
27 37 34
27 38 33
27 39 9
27 40 58
27 41 98
27 42 73
27 43 71
27 44 52
27 45 42
27 46 100
27 47 7
27 48 41
27 49 72
27 50 79
27 51 91
27 52 96
27 53 71
27 54 71
27 55 22
27 56 65
27 57 5
27 58 21
27 59 83
27 60 77
27 61 34
27 62 20
27 63 86
27 64 94
27 65 84
27 66 32
27 67 74
27 68 27
27 69 88
27 70 93
27 71 42
27 72 88
27 73 34
27 74 65
27 75 27
27 76 40
27 77 22
27 78 31
27 79 86
27 80 32
27 81 16
27 82 81
27 83 36
27 84 10
27 85 29
27 86 33
27 87 97
27 88 98
27 89 44
27 90 52
27 91 67
27 92 49
27 93 95
27 94 83
27 95 20
27 96 67
27 97 91
27 98 56
27 99 27
28 1 69
28 2 45
28 3 34
28 4 39
28 5 51
28 6 83
28 7 65
28 8 99
28 9 15
28 10 14
28 11 20
28 12 40
28 13 100
28 14 29
28 15 24
28 16 16
28 17 97
28 18 44
28 19 96
28 20 79
28 21 44
28 22 93
28 23 23
28 24 26
28 25 85
28 26 45
28 27 50
28 29 71
28 30 31
28 31 49
28 32 58
28 33 67
28 34 18
28 35 20
28 36 16
28 37 17
28 38 53
28 39 32
28 40 93
28 41 25
28 42 23
28 43 75
28 44 6
28 45 44
28 46 39
28 47 13
28 48 15
28 49 59
28 50 68
28 51 72
28 52 69
28 53 82
28 54 81
28 55 51
28 56 94
28 57 21
28 58 36
28 59 65
28 60 23
28 61 53
28 62 61
28 63 19
28 64 29
28 65 14
28 66 20
28 67 23
28 68 8
28 69 96
28 70 75
28 71 90
28 72 33
28 73 73
28 74 99
28 75 81
28 76 37
28 77 91
28 78 10
28 79 96
28 80 65
28 81 63
28 82 17
28 83 70
28 84 61
28 85 37
28 86 28
28 87 5
28 88 53
28 89 71
28 90 51
28 91 81
28 92 34
28 93 57
28 94 54
28 95 85
28 96 56
28 97 15
28 98 13
28 99 60
29 1 48
29 2 26
29 3 9
29 4 11
29 5 89
29 6 78
29 7 58
29 8 33
29 9 8
29 10 94
29 11 23
29 12 46
29 13 80
29 14 69
29 15 23
29 16 70
29 17 41
29 18 36
29 19 9
29 20 78
29 21 81
29 22 5
29 23 5
29 24 48
29 25 18
29 26 22
29 27 86
29 28 71
29 30 72
29 31 44
29 32 28
29 33 66
29 34 38
29 35 97
29 36 86
29 37 88
29 38 37
29 39 74
29 40 41
29 41 14
29 42 94
29 43 33
29 44 87
29 45 64
29 46 47
29 47 30
29 48 69
29 49 96
29 50 96
29 51 44
29 52 75
29 53 92
29 54 64
29 55 72
29 56 76
29 57 11
29 58 79
29 59 56
29 60 64
29 61 25
29 62 85
29 63 6
29 64 77
29 65 76
29 66 79
29 67 24
29 68 53
29 69 19
29 70 42
29 71 78
29 72 40
29 73 42
29 74 71
29 75 87
29 76 57
29 77 12
29 78 63
29 79 79
29 80 47
29 81 86
29 82 32
29 83 89
29 84 50
29 85 84
29 86 86
29 87 85
29 88 69
29 89 10
29 90 37
29 91 63
29 92 51
29 93 97
29 94 17
29 95 68
29 96 65
29 97 12
29 98 33
29 99 97
30 1 67
30 2 7
30 3 16
30 4 93
30 5 39
30 6 7
30 7 28
30 8 12
30 9 83
30 10 32
30 11 29
30 12 86
30 13 17
30 14 92
30 15 91
30 16 53
30 17 46
30 18 32
30 19 27
30 20 29
30 21 89
30 22 50
30 23 42
30 24 79
30 25 69
30 26 34
30 27 96
30 28 31
30 29 72
30 31 35
30 32 86
30 33 88
30 34 58
30 35 75
30 36 73
30 37 67
30 38 51
30 39 61
30 40 93
30 41 49
30 42 79
30 43 30
30 44 60
30 45 28
30 46 34
30 47 42
30 48 78
30 49 38
30 50 53
30 51 68
30 52 6
30 53 30
30 54 22
30 55 40
30 56 72
30 57 34
30 58 57
30 59 61
30 60 85
30 61 31
30 62 80
30 63 6
30 64 53
30 65 83
30 66 34
30 67 55
30 68 31
30 69 20
30 70 75
30 71 69
30 72 8
30 73 41
30 74 79
30 75 86
30 76 37
30 77 22
30 78 28
30 79 24
30 80 95
30 81 21
30 82 59
30 83 45
30 84 83
30 85 95
30 86 18
30 87 68
30 88 98
30 89 43
30 90 90
30 91 35
30 92 60
30 93 13
30 94 88
30 95 32
30 96 68
30 97 96
30 98 91
30 99 15
31 1 55
31 2 91
31 3 66
31 4 46
31 5 100
31 6 72
31 7 35
31 8 6
31 9 77
31 10 84
31 11 56
31 12 70
31 13 14
31 14 46
31 15 74
31 16 14
31 17 25
31 18 49
31 19 18
31 20 7
31 21 61
31 22 14
31 23 38
31 24 21
31 25 84
31 26 84
31 27 62
31 28 49
31 29 44
31 30 35
31 32 64
31 33 30
31 34 81
31 35 22
31 36 31
31 37 75
31 38 37
31 39 28
31 40 71
31 41 50
31 42 89
31 43 32
31 44 90
31 45 39
31 46 92
31 47 5
31 48 100
31 49 76
31 50 72
31 51 11
31 52 100
31 53 79
31 54 26
31 55 57
31 56 52
31 57 80
31 58 15
31 59 54
31 60 23
31 61 65
31 62 56
31 63 24
31 64 95
31 65 38
31 66 90
31 67 83
31 68 55
31 69 59
31 70 68
31 71 19
31 72 19
31 73 21
31 74 46
31 75 69
31 76 51
31 77 97
31 78 42
31 79 15
31 80 14
31 81 72
31 82 42
31 83 96
31 84 64
31 85 20
31 86 14
31 87 66
31 88 82
31 89 12
31 90 71
31 91 76
31 92 35
31 93 91
31 94 13
31 95 20
31 96 80
31 97 15
31 98 90
31 99 66
32 1 40
32 2 90
32 3 33
32 4 41
32 5 34
32 6 67
32 7 92
32 8 81
32 9 20
32 10 53
32 11 5
32 12 99
32 13 67
32 14 37
32 15 65
32 16 74
32 17 46
32 18 5
32 19 29
32 20 19
32 21 93
32 22 6
32 23 56
32 24 28
32 25 64
32 26 92
32 27 80
32 28 58
32 29 28
32 30 86
32 31 64
32 33 69
32 34 30
32 35 97
32 36 95
32 37 96
32 38 66
32 39 78
32 40 12
32 41 94
32 42 69
32 43 60
32 44 15
32 45 68
32 46 24
32 47 45
32 48 73
32 49 44
32 50 61
32 51 73
32 52 35
32 53 74
32 54 100
32 55 54
32 56 38
32 57 90
32 58 18
32 59 15
32 60 9
32 61 41
32 62 62
32 63 37
32 64 37
32 65 60
32 66 54
32 67 15
32 68 5
32 69 32
32 70 62
32 71 79
32 72 25
32 73 79
32 74 24
32 75 99
32 76 74
32 77 91
32 78 63
32 79 5
32 80 8
32 81 59
32 82 77
32 83 63
32 84 94
32 85 16
32 86 29
32 87 14
32 88 39
32 89 82
32 90 11
32 91 82
32 92 58
32 93 92
32 94 87
32 95 47
32 96 65
32 97 48
32 98 8
32 99 99
33 1 70
33 2 97
33 3 68
33 4 22
33 5 60
33 6 11
33 7 6
33 8 16
33 9 69
33 10 16
33 11 70
33 12 60
33 13 99
33 14 11
33 15 62
33 16 41
33 17 68
33 18 44
33 19 20
33 20 90
33 21 32
33 22 61
33 23 36
33 24 32
33 25 85
33 26 43
33 27 74
33 28 67
33 29 66
33 30 88
33 31 30
33 32 69
33 34 40
33 35 8
33 36 77
33 37 100
33 38 48
33 39 58
33 40 31
33 41 85
33 42 99
33 43 71
33 44 34
33 45 5
33 46 66
33 47 65
33 48 42
33 49 5
33 50 25
33 51 23
33 52 26
33 53 68
33 54 84
33 55 30
33 56 40
33 57 41
33 58 44
33 59 61
33 60 93
33 61 11
33 62 58
33 63 21
33 64 88
33 65 16
33 66 44
33 67 75
33 68 18
33 69 64
33 70 85
33 71 84
33 72 28
33 73 38
33 74 30
33 75 28
33 76 36
33 77 67
33 78 26
33 79 50
33 80 23
33 81 46
33 82 56
33 83 52
33 84 64
33 85 12
33 86 49
33 87 50
33 88 15
33 89 72
33 90 98
33 91 65
33 92 52
33 93 79
33 94 83
33 95 63
33 96 43
33 97 42
33 98 21
33 99 94
34 1 95
34 2 72
34 3 91
34 4 20
34 5 93
34 6 9
34 7 68
34 8 55
34 9 13
34 10 96
34 11 30
34 12 73
34 13 26
34 14 61
34 15 51
34 16 5
34 17 76
34 18 96
34 19 51
34 20 42
34 21 22
34 22 55
34 23 37
34 24 73
34 25 49
34 26 46
34 27 6
34 28 18
34 29 38
34 30 58
34 31 81
34 32 30
34 33 40
34 35 50
34 36 57
34 37 43
34 38 80
34 39 52
34 40 73
34 41 63
34 42 45
34 43 74
34 44 18
34 45 54
34 46 99
34 47 56
34 48 15
34 49 29
34 50 26
34 51 51
34 52 90
34 53 66
34 54 66
34 55 66
34 56 67
34 57 64
34 58 92
34 59 98
34 60 45
34 61 18
34 62 35
34 63 35
34 64 6
34 65 72
34 66 21
34 67 48
34 68 97
34 69 55
34 70 33
34 71 76
34 72 18
34 73 75
34 74 47
34 75 23
34 76 37
34 77 24
34 78 6
34 79 81
34 80 91
34 81 78
34 82 30
34 83 21
34 84 66
34 85 75
34 86 67
34 87 38
34 88 47
34 89 10
34 90 34
34 91 40
34 92 27
34 93 25
34 94 83
34 95 69
34 96 87
34 97 40
34 98 35
34 99 16
35 1 45
35 2 29
35 3 74
35 4 97
35 5 86
35 6 100
35 7 69
35 8 12
35 9 45
35 10 30
35 11 81
35 12 42
35 13 55
35 14 90
35 15 87
35 16 7
35 17 71
35 18 88
35 19 64
35 20 35
35 21 46
35 22 9
35 23 68
35 24 66
35 25 51
35 26 8
35 27 32
35 28 20
35 29 97
35 30 75
35 31 22
35 32 97
35 33 8
35 34 50
35 36 46
35 37 93
35 38 29
35 39 38
35 40 22
35 41 37
35 42 85
35 43 16
35 44 49
35 45 5
35 46 17
35 47 37
35 48 38
35 49 14
35 50 20
35 51 45
35 52 56
35 53 47
35 54 72
35 55 32
35 56 96
35 57 68
35 58 6
35 59 44
35 60 11
35 61 13
35 62 69
35 63 86
35 64 50
35 65 89
35 66 30
35 67 56
35 68 82
35 69 97
35 70 88
35 71 8
35 72 40
35 73 81
35 74 84
35 75 57
35 76 43
35 77 33
35 78 87
35 79 90
35 80 69
35 81 98
35 82 47
35 83 93
35 84 79
35 85 83
35 86 36
35 87 83
35 88 40
35 89 19
35 90 29
35 91 82
35 92 50
35 93 49
35 94 44
35 95 24
35 96 10
35 97 64
35 98 23
35 99 41
36 1 33
36 2 81
36 3 19
36 4 84
36 5 63
36 6 86
36 7 30
36 8 20
36 9 28
36 10 79
36 11 56
36 12 81
36 13 70
36 14 39
36 15 52
36 16 45
36 17 83
36 18 91
36 19 46
36 20 22
36 21 85
36 22 34
36 23 53
36 24 76
36 25 89
36 26 41
36 27 94
36 28 16
36 29 86
36 30 73
36 31 31
36 32 95
36 33 77
36 34 57
36 35 46
36 37 98
36 38 6
36 39 36
36 40 84
36 41 92
36 42 52
36 43 64
36 44 85
36 45 69
36 46 47
36 47 44
36 48 83
36 49 75
36 50 44
36 51 100
36 52 41
36 53 29
36 54 91
36 55 45
36 56 66
36 57 62
36 58 58
36 59 27
36 60 61
36 61 69
36 62 43
36 63 60
36 64 81
36 65 84
36 66 64
36 67 37
36 68 73
36 69 18
36 70 18
36 71 22
36 72 48
36 73 39
36 74 16
36 75 76
36 76 40
36 77 20
36 78 53
36 79 36
36 80 84
36 81 77
36 82 82
36 83 7
36 84 22
36 85 20
36 86 75
36 87 54
36 88 51
36 89 19
36 90 94
36 91 83
36 92 50
36 93 54
36 94 93
36 95 9
36 96 35
36 97 34
36 98 29
36 99 90
37 1 69
37 2 15
37 3 97
37 4 7
37 5 85
37 6 9
37 7 31
37 8 69
37 9 60
37 10 43
37 11 59
37 12 58
37 13 23
37 14 34
37 15 21
37 16 67
37 17 12
37 18 55
37 19 9
37 20 62
37 21 87
37 22 31
37 23 86
37 24 8
37 25 33
37 26 99
37 27 34
37 28 17
37 29 88
37 30 67
37 31 75
37 32 96
37 33 100
37 34 43
37 35 93
37 36 98
37 38 92
37 39 86
37 40 7
37 41 99
37 42 63
37 43 29
37 44 43
37 45 45
37 46 87
37 47 12
37 48 21
37 49 19
37 50 33
37 51 30
37 52 56
37 53 43
37 54 72
37 55 42
37 56 38
37 57 83
37 58 8
37 59 61
37 60 34
37 61 26
37 62 52
37 63 58
37 64 44
37 65 72
37 66 84
37 67 75
37 68 59
37 69 74
37 70 38
37 71 34
37 72 10
37 73 62
37 74 68
37 75 48
37 76 9
37 77 23
37 78 38
37 79 65
37 80 52
37 81 46
37 82 62
37 83 82
37 84 96
37 85 69
37 86 66
37 87 81
37 88 49
37 89 89
37 90 71
37 91 80
37 92 74
37 93 36
37 94 8
37 95 5
37 96 60
37 97 11
37 98 70
37 99 96
38 1 47
38 2 54
38 3 38
38 4 17
38 5 71
38 6 28
38 7 87
38 8 45
38 9 51
38 10 12
38 11 33
38 12 80
38 13 30
38 14 48
38 15 62
38 16 37
38 17 72
38 18 77
38 19 61
38 20 74
38 21 98
38 22 9
38 23 36
38 24 41
38 25 93
38 26 43
38 27 33
38 28 53
38 29 37
38 30 51
38 31 37
38 32 66
38 33 48
38 34 80
38 35 29
38 36 6
38 37 92
38 39 63
38 40 43
38 41 73
38 42 41
38 43 94
38 44 27
38 45 69
38 46 22
38 47 12
38 48 30
38 49 56
38 50 39
38 51 53
38 52 7
38 53 47
38 54 62
38 55 48
38 56 41
38 57 73
38 58 62
38 59 16
38 60 90
38 61 51
38 62 63
38 63 58
38 64 36
38 65 18
38 66 10
38 67 81
38 68 8
38 69 95
38 70 23
38 71 44
38 72 15
38 73 12
38 74 33
38 75 9
38 76 46
38 77 69
38 78 35
38 79 58
38 80 85
38 81 82
38 82 18
38 83 30
38 84 84
38 85 56
38 86 86
38 87 11
38 88 10
38 89 96
38 90 69
38 91 71
38 92 44
38 93 47
38 94 94
38 95 22
38 96 47
38 97 20
38 98 31
38 99 46
39 1 68
39 2 40
39 3 34
39 4 79
39 5 71
39 6 46
39 7 80
39 8 51
39 9 85
39 10 48
39 11 38
39 12 80
39 13 19
39 14 26
39 15 40
39 16 9
39 17 23
39 18 39
39 19 97
39 20 82
39 21 35
39 22 28
39 23 62
39 24 80
39 25 98
39 26 49
39 27 9
39 28 32
39 29 74
39 30 61
39 31 28
39 32 78
39 33 58
39 34 52
39 35 38
39 36 36
39 37 86
39 38 63
39 40 18
39 41 97
39 42 36
39 43 38
39 44 42
39 45 81
39 46 93
39 47 13
39 48 43
39 49 71
39 50 10
39 51 23
39 52 80
39 53 87
39 54 21
39 55 17
39 56 72
39 57 30
39 58 76
39 59 86
39 60 93
39 61 43
39 62 58
39 63 26
39 64 66
39 65 65
39 66 97
39 67 99
39 68 56
39 69 85
39 70 87
39 71 88
39 72 29
39 73 50
39 74 90
39 75 50
39 76 18
39 77 92
39 78 48
39 79 47
39 80 71
39 81 81
39 82 63
39 83 5
39 84 69
39 85 11
39 86 70
39 87 83
39 88 55
39 89 35
39 90 54
39 91 83
39 92 86
39 93 48
39 94 17
39 95 44
39 96 16
39 97 12
39 98 61
39 99 100
40 1 99
40 2 78
40 3 68
40 4 29
40 5 44
40 6 53
40 7 57
40 8 55
40 9 43
40 10 62
40 11 34
40 12 85
40 13 74
40 14 30
40 15 48
40 16 12
40 17 7
40 18 98
40 19 5
40 20 72
40 21 43
40 22 49
40 23 10
40 24 69
40 25 38
40 26 44
40 27 58
40 28 93
40 29 41
40 30 93
40 31 71
40 32 12
40 33 31
40 34 73
40 35 22
40 36 84
40 37 7
40 38 43
40 39 18
40 41 20
40 42 87
40 43 5
40 44 83
40 45 61
40 46 53
40 47 45
40 48 51
40 49 89
40 50 82
40 51 15
40 52 19
40 53 20
40 54 6
40 55 87
40 56 42
40 57 38
40 58 20
40 59 55
40 60 72
40 61 21
40 62 76
40 63 40
40 64 40
40 65 40
40 66 80
40 67 30
40 68 66
40 69 10
40 70 84
40 71 70
40 72 62
40 73 55
40 74 94
40 75 95
40 76 67
40 77 6
40 78 13
40 79 82
40 80 77
40 81 51
40 82 23
40 83 79
40 84 60
40 85 40
40 86 10
40 87 69
40 88 41
40 89 71
40 90 51
40 91 94
40 92 52
40 93 87
40 94 61
40 95 85
40 96 56
40 97 72
40 98 82
40 99 85
41 1 55
41 2 79
41 3 14
41 4 22
41 5 14
41 6 46
41 7 57
41 8 39
41 9 94
41 10 81
41 11 59
41 12 61
41 13 35
41 14 59
41 15 37
41 16 78
41 17 27
41 18 49
41 19 84
41 20 6
41 21 25
41 22 17
41 23 15
41 24 19
41 25 19
41 26 97
41 27 98
41 28 25
41 29 14
41 30 49
41 31 50
41 32 94
41 33 85
41 34 63
41 35 37
41 36 92
41 37 99
41 38 73
41 39 97
41 40 20
41 42 64
41 43 68
41 44 61
41 45 15
41 46 19
41 47 21
41 48 47
41 49 55
41 50 43
41 51 13
41 52 64
41 53 92
41 54 68
41 55 53
41 56 46
41 57 98
41 58 79
41 59 86
41 60 97
41 61 94
41 62 6
41 63 30
41 64 47
41 65 77
41 66 90
41 67 47
41 68 90
41 69 81
41 70 40
41 71 42
41 72 23
41 73 73
41 74 42
41 75 19
41 76 75
41 77 12
41 78 9
41 79 33
41 80 14
41 81 34
41 82 81
41 83 36
41 84 17
41 85 63
41 86 61
41 87 83
41 88 27
41 89 61
41 90 17
41 91 50
41 92 79
41 93 85
41 94 70
41 95 29
41 96 74
41 97 25
41 98 31
41 99 83
42 1 58
42 2 83
42 3 91
42 4 68
42 5 5
42 6 48
42 7 70
42 8 46
42 9 13
42 10 74
42 11 59
42 12 26
42 13 39
42 14 58
42 15 89
42 16 78
42 17 75
42 18 39
42 19 41
42 20 45
42 21 77
42 22 85
42 23 60
42 24 93
42 25 79
42 26 94
42 27 73
42 28 23
42 29 94
42 30 79
42 31 89
42 32 69
42 33 99
42 34 45
42 35 85
42 36 52
42 37 63
42 38 41
42 39 36
42 40 87
42 41 64
42 43 8
42 44 17
42 45 27
42 46 97
42 47 38
42 48 48
42 49 68
42 50 9
42 51 34
42 52 82
42 53 100
42 54 16
42 55 94
42 56 84
42 57 87
42 58 33
42 59 100
42 60 80
42 61 27
42 62 97
42 63 99
42 64 52
42 65 35
42 66 16
42 67 88
42 68 94
42 69 12
42 70 24
42 71 8
42 72 54
42 73 71
42 74 54
42 75 73
42 76 40
42 77 85
42 78 34
42 79 32
42 80 92
42 81 81
42 82 28
42 83 69
42 84 52
42 85 6
42 86 85
42 87 36
42 88 97
42 89 65
42 90 23
42 91 28
42 92 34
42 93 98
42 94 82
42 95 10
42 96 91
42 97 76
42 98 68
42 99 64
43 1 24
43 2 61
43 3 5
43 4 42
43 5 96
43 6 92
43 7 79
43 8 73
43 9 42
43 10 17
43 11 64
43 12 33
43 13 27
43 14 56
43 15 21
43 16 17
43 17 23
43 18 59
43 19 57
43 20 51
43 21 36
43 22 57
43 23 36
43 24 76
43 25 58
43 26 17
43 27 71
43 28 75
43 29 33
43 30 30
43 31 32
43 32 60
43 33 71
43 34 74
43 35 16
43 36 64
43 37 29
43 38 94
43 39 38
43 40 5
43 41 68
43 42 8
43 44 46
43 45 28
43 46 36
43 47 78
43 48 56
43 49 22
43 50 76
43 51 34
43 52 42
43 53 58
43 54 32
43 55 44
43 56 98
43 57 54
43 58 31
43 59 26
43 60 38
43 61 85
43 62 69
43 63 35
43 64 61
43 65 21
43 66 26
43 67 63
43 68 10
43 69 86
43 70 59
43 71 51
43 72 70
43 73 79
43 74 67
43 75 11
43 76 88
43 77 90
43 78 53
43 79 63
43 80 19
43 81 15
43 82 41
43 83 88
43 84 44
43 85 79
43 86 17
43 87 76
43 88 87
43 89 55
43 90 38
43 91 100
43 92 29
43 93 20
43 94 52
43 95 31
43 96 92
43 97 53
43 98 95
43 99 16
44 1 22
44 2 76
44 3 79
44 4 27
44 5 93
44 6 62
44 7 59
44 8 80
44 9 16
44 10 46
44 11 34
44 12 63
44 13 17
44 14 41
44 15 100
44 16 13
44 17 64
44 18 69
44 19 50
44 20 19
44 21 80
44 22 96
44 23 23
44 24 59
44 25 70
44 26 31
44 27 52
44 28 6
44 29 87
44 30 60
44 31 90
44 32 15
44 33 34
44 34 18
44 35 49
44 36 85
44 37 43
44 38 27
44 39 42
44 40 83
44 41 61
44 42 17
44 43 46
44 45 91
44 46 92
44 47 48
44 48 35
44 49 8
44 50 79
44 51 96
44 52 61
44 53 49
44 54 43
44 55 31
44 56 96
44 57 91
44 58 88
44 59 97
44 60 77
44 61 98
44 62 87
44 63 7
44 64 100
44 65 45
44 66 23
44 67 37
44 68 72
44 69 45
44 70 71
44 71 53
44 72 62
44 73 18
44 74 7
44 75 88
44 76 51
44 77 42
44 78 55
44 79 36
44 80 61
44 81 23
44 82 17
44 83 46
44 84 26
44 85 44
44 86 82
44 87 85
44 88 85
44 89 68
44 90 19
44 91 73
44 92 71
44 93 62
44 94 54
44 95 22
44 96 89
44 97 57
44 98 28
44 99 49
45 1 92
45 2 27
45 3 57
45 4 96
45 5 61
45 6 7
45 7 55
45 8 96
45 9 47
45 10 88
45 11 10
45 12 28
45 13 74
45 14 41
45 15 41
45 16 6
45 17 55
45 18 88
45 19 33
45 20 70
45 21 24
45 22 67
45 23 12
45 24 20
45 25 85
45 26 62
45 27 42
45 28 44
45 29 64
45 30 28
45 31 39
45 32 68
45 33 5
45 34 54
45 35 5
45 36 69
45 37 45
45 38 69
45 39 81
45 40 61
45 41 15
45 42 27
45 43 28
45 44 91
45 46 72
45 47 40
45 48 19
45 49 61
45 50 33
45 51 18
45 52 45
45 53 90
45 54 76
45 55 42
45 56 44
45 57 12
45 58 38
45 59 69
45 60 89
45 61 67
45 62 6
45 63 61
45 64 19
45 65 12
45 66 97
45 67 97
45 68 69
45 69 19
45 70 40
45 71 86
45 72 80
45 73 51
45 74 47
45 75 15
45 76 40
45 77 28
45 78 9
45 79 68
45 80 91
45 81 32
45 82 15
45 83 50
45 84 11
45 85 26
45 86 31
45 87 15
45 88 61
45 89 27
45 90 33
45 91 72
45 92 74
45 93 83
45 94 69
45 95 89
45 96 19
45 97 24
45 98 72
45 99 40
46 1 9
46 2 78
46 3 30
46 4 14
46 5 75
46 6 29
46 7 63
46 8 89
46 9 42
46 10 42
46 11 66
46 12 98
46 13 52
46 14 68
46 15 35
46 16 78
46 17 10
46 18 73
46 19 77
46 20 70
46 21 38
46 22 33
46 23 46
46 24 8
46 25 5
46 26 35
46 27 100
46 28 39
46 29 47
46 30 34
46 31 92
46 32 24
46 33 66
46 34 99
46 35 17
46 36 47
46 37 87
46 38 22
46 39 93
46 40 53
46 41 19
46 42 97
46 43 36
46 44 92
46 45 72
46 47 81
46 48 21
46 49 54
46 50 94
46 51 10
46 52 18
46 53 41
46 54 67
46 55 96
46 56 60
46 57 79
46 58 85
46 59 99
46 60 82
46 61 73
46 62 100
46 63 7
46 64 75
46 65 48
46 66 46
46 67 80
46 68 6
46 69 83
46 70 50
46 71 41
46 72 48
46 73 27
46 74 19
46 75 85
46 76 76
46 77 15
46 78 75
46 79 93
46 80 66
46 81 19
46 82 41
46 83 71
46 84 39
46 85 11
46 86 41
46 87 72
46 88 36
46 89 94
46 90 14
46 91 80
46 92 38
46 93 22
46 94 30
46 95 99
46 96 33
46 97 35
46 98 58
46 99 40
47 1 96
47 2 69
47 3 73
47 4 13
47 5 27
47 6 68
47 7 78
47 8 77
47 9 91
47 10 33
47 11 42
47 12 64
47 13 74
47 14 20
47 15 32
47 16 96
47 17 75
47 18 90
47 19 27
47 20 83
47 21 44
47 22 84
47 23 67
47 24 22
47 25 21
47 26 39
47 27 7
47 28 13
47 29 30
47 30 42
47 31 5
47 32 45
47 33 65
47 34 56
47 35 37
47 36 44
47 37 12
47 38 12
47 39 13
47 40 45
47 41 21
47 42 38
47 43 78
47 44 48
47 45 40
47 46 81
47 48 33
47 49 95
47 50 56
47 51 59
47 52 15
47 53 12
47 54 32
47 55 61
47 56 93
47 57 90
47 58 63
47 59 43
47 60 78
47 61 37
47 62 75
47 63 12
47 64 69
47 65 90
47 66 52
47 67 67
47 68 72
47 69 26
47 70 35
47 71 69
47 72 16
47 73 56
47 74 82
47 75 100
47 76 16
47 77 28
47 78 39
47 79 74
47 80 64
47 81 10
47 82 15
47 83 65
47 84 37
47 85 60
47 86 19
47 87 79
47 88 62
47 89 76
47 90 57
47 91 96
47 92 14
47 93 46
47 94 89
47 95 27
47 96 97
47 97 90
47 98 90
47 99 22
48 1 56
48 2 70
48 3 60
48 4 47
48 5 70
48 6 48
48 7 59
48 8 46
48 9 6
48 10 48
48 11 54
48 12 49
48 13 54
48 14 79
48 15 62
48 16 58
48 17 24
48 18 29
48 19 58
48 20 92
48 21 99
48 22 14
48 23 81
48 24 84
48 25 46
48 26 53
48 27 41
48 28 15
48 29 69
48 30 78
48 31 100
48 32 73
48 33 42
48 34 15
48 35 38
48 36 83
48 37 21
48 38 30
48 39 43
48 40 51
48 41 47
48 42 48
48 43 56
48 44 35
48 45 19
48 46 21
48 47 33
48 49 92
48 50 71
48 51 9
48 52 38
48 53 6
48 54 19
48 55 21
48 56 46
48 57 77
48 58 63
48 59 74
48 60 88
48 61 54
48 62 23
48 63 41
48 64 66
48 65 5
48 66 48
48 67 96
48 68 80
48 69 69
48 70 42
48 71 11
48 72 64
48 73 20
48 74 20
48 75 70
48 76 90
48 77 14
48 78 78
48 79 45
48 80 69
48 81 85
48 82 10
48 83 51
48 84 87
48 85 58
48 86 76
48 87 27
48 88 37
48 89 74
48 90 81
48 91 23
48 92 88
48 93 24
48 94 75
48 95 91
48 96 33
48 97 99
48 98 74
48 99 60
49 1 29
49 2 83
49 3 68
49 4 91
49 5 54
49 6 97
49 7 46
49 8 68
49 9 27
49 10 26
49 11 29
49 12 45
49 13 41
49 14 7
49 15 74
49 16 24
49 17 77
49 18 83
49 19 73
49 20 50
49 21 90
49 22 11
49 23 61
49 24 77
49 25 88
49 26 61
49 27 72
49 28 59
49 29 96
49 30 38
49 31 76
49 32 44
49 33 5
49 34 29
49 35 14
49 36 75
49 37 19
49 38 56
49 39 71
49 40 89
49 41 55
49 42 68
49 43 22
49 44 8
49 45 61
49 46 54
49 47 95
49 48 92
49 50 35
49 51 67
49 52 23
49 53 74
49 54 78
49 55 86
49 56 90
49 57 7
49 58 76
49 59 65
49 60 59
49 61 67
49 62 20
49 63 69
49 64 5
49 65 54
49 66 29
49 67 64
49 68 6
49 69 88
49 70 12
49 71 29
49 72 20
49 73 97
49 74 14
49 75 25
49 76 74
49 77 56
49 78 97
49 79 51
49 80 79
49 81 26
49 82 76
49 83 15
49 84 87
49 85 10
49 86 47
49 87 70
49 88 35
49 89 47
49 90 22
49 91 78
49 92 68
49 93 46
49 94 71
49 95 34
49 96 29
49 97 36
49 98 26
49 99 46
50 1 86
50 2 41
50 3 59
50 4 84
50 5 99
50 6 92
50 7 10
50 8 12
50 9 82
50 10 70
50 11 54
50 12 32
50 13 68
50 14 16
50 15 24
50 16 48
50 17 57
50 18 90
50 19 46
50 20 97
50 21 97
50 22 74
50 23 61
50 24 63
50 25 94
50 26 26
50 27 79
50 28 68
50 29 96
50 30 53
50 31 72
50 32 61
50 33 25
50 34 26
50 35 20
50 36 44
50 37 33
50 38 39
50 39 10
50 40 82
50 41 43
50 42 9
50 43 76
50 44 79
50 45 33
50 46 94
50 47 56
50 48 71
50 49 35
50 51 70
50 52 96
50 53 8
50 54 25
50 55 77
50 56 92
50 57 60
50 58 46
50 59 87
50 60 22
50 61 39
50 62 73
50 63 68
50 64 47
50 65 80
50 66 27
50 67 16
50 68 63
50 69 72
50 70 90
50 71 21
50 72 50
50 73 26
50 74 41
50 75 14
50 76 67
50 77 33
50 78 95
50 79 87
50 80 20
50 81 85
50 82 54
50 83 48
50 84 39
50 85 93
50 86 18
50 87 96
50 88 92
50 89 8
50 90 11
50 91 22
50 92 8
50 93 55
50 94 57
50 95 75
50 96 46
50 97 50
50 98 92
50 99 35
51 1 88
51 2 81
51 3 88
51 4 41
51 5 31
51 6 13
51 7 69
51 8 79
51 9 7
51 10 89
51 11 25
51 12 91
51 13 81
51 14 45
51 15 41
51 16 88
51 17 89
51 18 88
51 19 83
51 20 59
51 21 56
51 22 56
51 23 17
51 24 5
51 25 94
51 26 14
51 27 91
51 28 72
51 29 44
51 30 68
51 31 11
51 32 73
51 33 23
51 34 51
51 35 45
51 36 100
51 37 30
51 38 53
51 39 23
51 40 15
51 41 13
51 42 34
51 43 34
51 44 96
51 45 18
51 46 10
51 47 59
51 48 9
51 49 67
51 50 70
51 52 92
51 53 90
51 54 37
51 55 51
51 56 69
51 57 62
51 58 69
51 59 28
51 60 22
51 61 40
51 62 16
51 63 53
51 64 24
51 65 47
51 66 12
51 67 7
51 68 65
51 69 15
51 70 60
51 71 49
51 72 86
51 73 53
51 74 100
51 75 76
51 76 97
51 77 84
51 78 88
51 79 41
51 80 11
51 81 22
51 82 69
51 83 87
51 84 23
51 85 44
51 86 28
51 87 33
51 88 27
51 89 38
51 90 86
51 91 19
51 92 91
51 93 94
51 94 73
51 95 61
51 96 68
51 97 78
51 98 70
51 99 16
52 1 30
52 2 74
52 3 58
52 4 93
52 5 15
52 6 22
52 7 31
52 8 78
52 9 22
52 10 85
52 11 25
52 12 62
52 13 59
52 14 44
52 15 18
52 16 21
52 17 73
52 18 79
52 19 86
52 20 35
52 21 67
52 22 92
52 23 9
52 24 87
52 25 78
52 26 20
52 27 96
52 28 69
52 29 75
52 30 6
52 31 100
52 32 35
52 33 26
52 34 90
52 35 56
52 36 41
52 37 56
52 38 7
52 39 80
52 40 19
52 41 64
52 42 82
52 43 42
52 44 61
52 45 45
52 46 18
52 47 15
52 48 38
52 49 23
52 50 96
52 51 92
52 53 66
52 54 34
52 55 43
52 56 37
52 57 30
52 58 72
52 59 76
52 60 29
52 61 55
52 62 100
52 63 25
52 64 99
52 65 91
52 66 96
52 67 43
52 68 46
52 69 99
52 70 33
52 71 17
52 72 34
52 73 9
52 74 84
52 75 50
52 76 22
52 77 6
52 78 39
52 79 94
52 80 17
52 81 76
52 82 85
52 83 22
52 84 46
52 85 29
52 86 57
52 87 52
52 88 30
52 89 71
52 90 100
52 91 23
52 92 76
52 93 92
52 94 9
52 95 47
52 96 91
52 97 18
52 98 53
52 99 66
53 1 10
53 2 10
53 3 20
53 4 52
53 5 81
53 6 49
53 7 41
53 8 98
53 9 16
53 10 41
53 11 77
53 12 92
53 13 32
53 14 88
53 15 66
53 16 9
53 17 44
53 18 66
53 19 36
53 20 55
53 21 5
53 22 74
53 23 61
53 24 90
53 25 10
53 26 61
53 27 71
53 28 82
53 29 92
53 30 30
53 31 79
53 32 74
53 33 68
53 34 66
53 35 47
53 36 29
53 37 43
53 38 47
53 39 87
53 40 20
53 41 92
53 42 100
53 43 58
53 44 49
53 45 90
53 46 41
53 47 12
53 48 6
53 49 74
53 50 8
53 51 90
53 52 66
53 54 12
53 55 51
53 56 60
53 57 25
53 58 92
53 59 98
53 60 46
53 61 43
53 62 10
53 63 75
53 64 9
53 65 67
53 66 54
53 67 5
53 68 72
53 69 16
53 70 69
53 71 40
53 72 89
53 73 73
53 74 33
53 75 69
53 76 13
53 77 59
53 78 94
53 79 6
53 80 40
53 81 48
53 82 55
53 83 98
53 84 88
53 85 62
53 86 54
53 87 61
53 88 34
53 89 41
53 90 82
53 91 26
53 92 23
53 93 86
53 94 51
53 95 62
53 96 38
53 97 13
53 98 49
53 99 35
54 1 35
54 2 69
54 3 8
54 4 14
54 5 45
54 6 67
54 7 64
54 8 71
54 9 22
54 10 52
54 11 12
54 12 91
54 13 52
54 14 54
54 15 46
54 16 58
54 17 93
54 18 82
54 19 78
54 20 52
54 21 83
54 22 28
54 23 74
54 24 45
54 25 19
54 26 14
54 27 71
54 28 81
54 29 64
54 30 22
54 31 26
54 32 100
54 33 84
54 34 66
54 35 72
54 36 91
54 37 72
54 38 62
54 39 21
54 40 6
54 41 68
54 42 16
54 43 32
54 44 43
54 45 76
54 46 67
54 47 32
54 48 19
54 49 78
54 50 25
54 51 37
54 52 34
54 53 12
54 55 12
54 56 41
54 57 90
54 58 21
54 59 6
54 60 64
54 61 19
54 62 12
54 63 7
54 64 10
54 65 22
54 66 71
54 67 69
54 68 16
54 69 25
54 70 65
54 71 77
54 72 50
54 73 15
54 74 51
54 75 55
54 76 20
54 77 40
54 78 6
54 79 20
54 80 6
54 81 84
54 82 51
54 83 35
54 84 47
54 85 37
54 86 25
54 87 100
54 88 85
54 89 81
54 90 89
54 91 68
54 92 12
54 93 86
54 94 17
54 95 22
54 96 57
54 97 25
54 98 84
54 99 67
55 1 42
55 2 92
55 3 24
55 4 14
55 5 54
55 6 98
55 7 47
55 8 67
55 9 45
55 10 17
55 11 6
55 12 13
55 13 87
55 14 57
55 15 97
55 16 51
55 17 49
55 18 86
55 19 63
55 20 83
55 21 76
55 22 85
55 23 67
55 24 55
55 25 56
55 26 99
55 27 22
55 28 51
55 29 72
55 30 40
55 31 57
55 32 54
55 33 30
55 34 66
55 35 32
55 36 45
55 37 42
55 38 48
55 39 17
55 40 87
55 41 53
55 42 94
55 43 44
55 44 31
55 45 42
55 46 96
55 47 61
55 48 21
55 49 86
55 50 77
55 51 51
55 52 43
55 53 51
55 54 12
55 56 33
55 57 7
55 58 67
55 59 56
55 60 83
55 61 60
55 62 10
55 63 94
55 64 78
55 65 98
55 66 57
55 67 71
55 68 48
55 69 49
55 70 93
55 71 36
55 72 29
55 73 53
55 74 91
55 75 84
55 76 72
55 77 13
55 78 8
55 79 22
55 80 97
55 81 80
55 82 8
55 83 31
55 84 27
55 85 74
55 86 65
55 87 7
55 88 24
55 89 68
55 90 59
55 91 62
55 92 84
55 93 33
55 94 54
55 95 61
55 96 11
55 97 36
55 98 40
55 99 22
56 1 24
56 2 86
56 3 52
56 4 56
56 5 37
56 6 13
56 7 40
56 8 45
56 9 90
56 10 41
56 11 61
56 12 46
56 13 95
56 14 29
56 15 35
56 16 9
56 17 55
56 18 99
56 19 42
56 20 5
56 21 31
56 22 17
56 23 87
56 24 92
56 25 83
56 26 16
56 27 65
56 28 94
56 29 76
56 30 72
56 31 52
56 32 38
56 33 40
56 34 67
56 35 96
56 36 66
56 37 38
56 38 41
56 39 72
56 40 42
56 41 46
56 42 84
56 43 98
56 44 96
56 45 44
56 46 60
56 47 93
56 48 46
56 49 90
56 50 92
56 51 69
56 52 37
56 53 60
56 54 41
56 55 33
56 57 40
56 58 79
56 59 18
56 60 13
56 61 75
56 62 71
56 63 61
56 64 32
56 65 53
56 66 51
56 67 54
56 68 66
56 69 51
56 70 35
56 71 100
56 72 5
56 73 37
56 74 46
56 75 34
56 76 21
56 77 10
56 78 19
56 79 61
56 80 98
56 81 74
56 82 97
56 83 75
56 84 22
56 85 63
56 86 18
56 87 38
56 88 69
56 89 65
56 90 18
56 91 68
56 92 65
56 93 13
56 94 93
56 95 20
56 96 77
56 97 17
56 98 70
56 99 87
57 1 18
57 2 89
57 3 40
57 4 39
57 5 51
57 6 52
57 7 6
57 8 6
57 9 92
57 10 64
57 11 40
57 12 71
57 13 59
57 14 74
57 15 97
57 16 96
57 17 32
57 18 80
57 19 98
57 20 20
57 21 76
57 22 46
57 23 60
57 24 29
57 25 83
57 26 7
57 27 5
57 28 21
57 29 11
57 30 34
57 31 80
57 32 90
57 33 41
57 34 64
57 35 68
57 36 62
57 37 83
57 38 73
57 39 30
57 40 38
57 41 98
57 42 87
57 43 54
57 44 91
57 45 12
57 46 79
57 47 90
57 48 77
57 49 7
57 50 60
57 51 62
57 52 30
57 53 25
57 54 90
57 55 7
57 56 40
57 58 10
57 59 86
57 60 53
57 61 57
57 62 77
57 63 11
57 64 72
57 65 75
57 66 81
57 67 42
57 68 26
57 69 94
57 70 73
57 71 9
57 72 32
57 73 93
57 74 14
57 75 95
57 76 16
57 77 7
57 78 54
57 79 16
57 80 29
57 81 8
57 82 6
57 83 87
57 84 61
57 85 84
57 86 94
57 87 80
57 88 43
57 89 95
57 90 82
57 91 31
57 92 40
57 93 28
57 94 26
57 95 96
57 96 93
57 97 47
57 98 95
57 99 76
58 1 8
58 2 44
58 3 22
58 4 63
58 5 38
58 6 91
58 7 67
58 8 78
58 9 73
58 10 11
58 11 85
58 12 28
58 13 32
58 14 63
58 15 75
58 16 48
58 17 95
58 18 70
58 19 51
58 20 46
58 21 26
58 22 45
58 23 46
58 24 22
58 25 36
58 26 67
58 27 21
58 28 36
58 29 79
58 30 57
58 31 15
58 32 18
58 33 44
58 34 92
58 35 6
58 36 58
58 37 8
58 38 62
58 39 76
58 40 20
58 41 79
58 42 33
58 43 31
58 44 88
58 45 38
58 46 85
58 47 63
58 48 63
58 49 76
58 50 46
58 51 69
58 52 72
58 53 92
58 54 21
58 55 67
58 56 79
58 57 10
58 59 59
58 60 17
58 61 85
58 62 100
58 63 68
58 64 32
58 65 40
58 66 29
58 67 98
58 68 64
58 69 79
58 70 9
58 71 20
58 72 50
58 73 62
58 74 62
58 75 74
58 76 80
58 77 55
58 78 37
58 79 6
58 80 98
58 81 32
58 82 33
58 83 66
58 84 96
58 85 47
58 86 25
58 87 16
58 88 68
58 89 66
58 90 68
58 91 60
58 92 42
58 93 76
58 94 48
58 95 14
58 96 8
58 97 74
58 98 79
58 99 12
59 1 24
59 2 45
59 3 12
59 4 82
59 5 12
59 6 67
59 7 57
59 8 34
59 9 78
59 10 91
59 11 55
59 12 45
59 13 17
59 14 21
59 15 54
59 16 63
59 17 23
59 18 69
59 19 56
59 20 81
59 21 35
59 22 52
59 23 93
59 24 51
59 25 39
59 26 68
59 27 83
59 28 65
59 29 56
59 30 61
59 31 54
59 32 15
59 33 61
59 34 98
59 35 44
59 36 27
59 37 61
59 38 16
59 39 86
59 40 55
59 41 86
59 42 100
59 43 26
59 44 97
59 45 69
59 46 99
59 47 43
59 48 74
59 49 65
59 50 87
59 51 28
59 52 76
59 53 98
59 54 6
59 55 56
59 56 18
59 57 86
59 58 59
59 60 68
59 61 83
59 62 31
59 63 28
59 64 87
59 65 45
59 66 53
59 67 71
59 68 92
59 69 93
59 70 37
59 71 90
59 72 52
59 73 86
59 74 16
59 75 37
59 76 89
59 77 51
59 78 42
59 79 6
59 80 29
59 81 31
59 82 70
59 83 32
59 84 30
59 85 17
59 86 65
59 87 68
59 88 40
59 89 22
59 90 40
59 91 50
59 92 72
59 93 39
59 94 71
59 95 89
59 96 73
59 97 89
59 98 79
59 99 26
60 1 50
60 2 83
60 3 82
60 4 27
60 5 74
60 6 52
60 7 59
60 8 88
60 9 60
60 10 9
60 11 65
60 12 31
60 13 11
60 14 36
60 15 49
60 16 91
60 17 13
60 18 93
60 19 64
60 20 97
60 21 41
60 22 71
60 23 99
60 24 67
60 25 70
60 26 70
60 27 77
60 28 23
60 29 64
60 30 85
60 31 23
60 32 9
60 33 93
60 34 45
60 35 11
60 36 61
60 37 34
60 38 90
60 39 93
60 40 72
60 41 97
60 42 80
60 43 38
60 44 77
60 45 89
60 46 82
60 47 78
60 48 88
60 49 59
60 50 22
60 51 22
60 52 29
60 53 46
60 54 64
60 55 83
60 56 13
60 57 53
60 58 17
60 59 68
60 61 76
60 62 19
60 63 67
60 64 43
60 65 72
60 66 25
60 67 96
60 68 87
60 69 92
60 70 39
60 71 6
60 72 34
60 73 45
60 74 90
60 75 7
60 76 75
60 77 33
60 78 73
60 79 74
60 80 10
60 81 54
60 82 49
60 83 28
60 84 88
60 85 95
60 86 77
60 87 53
60 88 46
60 89 60
60 90 68
60 91 66
60 92 70
60 93 22
60 94 29
60 95 20
60 96 30
60 97 84
60 98 77
60 99 37
61 1 31
61 2 54
61 3 70
61 4 26
61 5 60
61 6 48
61 7 29
61 8 40
61 9 100
61 10 52
61 11 97
61 12 89
61 13 60
61 14 20
61 15 46
61 16 81
61 17 9
61 18 69
61 19 53
61 20 56
61 21 22
61 22 17
61 23 30
61 24 39
61 25 18
61 26 71
61 27 34
61 28 53
61 29 25
61 30 31
61 31 65
61 32 41
61 33 11
61 34 18
61 35 13
61 36 69
61 37 26
61 38 51
61 39 43
61 40 21
61 41 94
61 42 27
61 43 85
61 44 98
61 45 67
61 46 73
61 47 37
61 48 54
61 49 67
61 50 39
61 51 40
61 52 55
61 53 43
61 54 19
61 55 60
61 56 75
61 57 57
61 58 85
61 59 83
61 60 76
61 62 59
61 63 92
61 64 81
61 65 66
61 66 73
61 67 73
61 68 55
61 69 57
61 70 97
61 71 37
61 72 55
61 73 96
61 74 99
61 75 36
61 76 63
61 77 63
61 78 35
61 79 30
61 80 75
61 81 92
61 82 64
61 83 70
61 84 84
61 85 34
61 86 47
61 87 43
61 88 95
61 89 44
61 90 54
61 91 74
61 92 22
61 93 19
61 94 21
61 95 46
61 96 84
61 97 18
61 98 63
61 99 38
62 1 68
62 2 91
62 3 58
62 4 63
62 5 70
62 6 95
62 7 31
62 8 45
62 9 72
62 10 48
62 11 47
62 12 62
62 13 6
62 14 61
62 15 65
62 16 22
62 17 93
62 18 83
62 19 80
62 20 45
62 21 58
62 22 86
62 23 19
62 24 56
62 25 44
62 26 27
62 27 20
62 28 61
62 29 85
62 30 80
62 31 56
62 32 62
62 33 58
62 34 35
62 35 69
62 36 43
62 37 52
62 38 63
62 39 58
62 40 76
62 41 6
62 42 97
62 43 69
62 44 87
62 45 6
62 46 100
62 47 75
62 48 23
62 49 20
62 50 73
62 51 16
62 52 100
62 53 10
62 54 12
62 55 10
62 56 71
62 57 77
62 58 100
62 59 31
62 60 19
62 61 59
62 63 58
62 64 50
62 65 69
62 66 97
62 67 63
62 68 87
62 69 84
62 70 8
62 71 68
62 72 70
62 73 85
62 74 23
62 75 100
62 76 49
62 77 82
62 78 26
62 79 10
62 80 65
62 81 57
62 82 97
62 83 30
62 84 95
62 85 24
62 86 96
62 87 56
62 88 63
62 89 72
62 90 37
62 91 53
62 92 73
62 93 7
62 94 22
62 95 38
62 96 5
62 97 29
62 98 70
62 99 69
63 1 41
63 2 25
63 3 84
63 4 65
63 5 38
63 6 22
63 7 21
63 8 61
63 9 65
63 10 12
63 11 28
63 12 22
63 13 26
63 14 86
63 15 77
63 16 90
63 17 15
63 18 71
63 19 79
63 20 34
63 21 80
63 22 11
63 23 33
63 24 30
63 25 31
63 26 19
63 27 86
63 28 19
63 29 6
63 30 6
63 31 24
63 32 37
63 33 21
63 34 35
63 35 86
63 36 60
63 37 58
63 38 58
63 39 26
63 40 40
63 41 30
63 42 99
63 43 35
63 44 7
63 45 61
63 46 7
63 47 12
63 48 41
63 49 69
63 50 68
63 51 53
63 52 25
63 53 75
63 54 7
63 55 94
63 56 61
63 57 11
63 58 68
63 59 28
63 60 67
63 61 92
63 62 58
63 64 98
63 65 32
63 66 52
63 67 67
63 68 99
63 69 83
63 70 33
63 71 61
63 72 72
63 73 9
63 74 44
63 75 77
63 76 20
63 77 40
63 78 11
63 79 29
63 80 96
63 81 8
63 82 40
63 83 22
63 84 91
63 85 26
63 86 21
63 87 86
63 88 92
63 89 5
63 90 14
63 91 96
63 92 70
63 93 76
63 94 10
63 95 78
63 96 86
63 97 44
63 98 29
63 99 33
64 1 86
64 2 10
64 3 15
64 4 20
64 5 76
64 6 15
64 7 44
64 8 31
64 9 93
64 10 34
64 11 79
64 12 70
64 13 11
64 14 89
64 15 31
64 16 95
64 17 31
64 18 58
64 19 64
64 20 23
64 21 10
64 22 85
64 23 47
64 24 97
64 25 17
64 26 18
64 27 94
64 28 29
64 29 77
64 30 53
64 31 95
64 32 37
64 33 88
64 34 6
64 35 50
64 36 81
64 37 44
64 38 36
64 39 66
64 40 40
64 41 47
64 42 52
64 43 61
64 44 100
64 45 19
64 46 75
64 47 69
64 48 66
64 49 5
64 50 47
64 51 24
64 52 99
64 53 9
64 54 10
64 55 78
64 56 32
64 57 72
64 58 32
64 59 87
64 60 43
64 61 81
64 62 50
64 63 98
64 65 44
64 66 65
64 67 45
64 68 89
64 69 20
64 70 8
64 71 79
64 72 32
64 73 16
64 74 31
64 75 30
64 76 96
64 77 68
64 78 73
64 79 55
64 80 85
64 81 29
64 82 46
64 83 83
64 84 61
64 85 94
64 86 95
64 87 66
64 88 44
64 89 9
64 90 86
64 91 33
64 92 28
64 93 7
64 94 27
64 95 23
64 96 98
64 97 20
64 98 36
64 99 50
65 1 12
65 2 32
65 3 49
65 4 23
65 5 76
65 6 89
65 7 97
65 8 53
65 9 61
65 10 9
65 11 71
65 12 97
65 13 7
65 14 94
65 15 37
65 16 71
65 17 23
65 18 24
65 19 6
65 20 89
65 21 7
65 22 30
65 23 59
65 24 95
65 25 15
65 26 24
65 27 84
65 28 14
65 29 76
65 30 83
65 31 38
65 32 60
65 33 16
65 34 72
65 35 89
65 36 84
65 37 72
65 38 18
65 39 65
65 40 40
65 41 77
65 42 35
65 43 21
65 44 45
65 45 12
65 46 48
65 47 90
65 48 5
65 49 54
65 50 80
65 51 47
65 52 91
65 53 67
65 54 22
65 55 98
65 56 53
65 57 75
65 58 40
65 59 45
65 60 72
65 61 66
65 62 69
65 63 32
65 64 44
65 66 60
65 67 10
65 68 84
65 69 25
65 70 70
65 71 8
65 72 36
65 73 45
65 74 75
65 75 30
65 76 64
65 77 33
65 78 25
65 79 24
65 80 72
65 81 51
65 82 45
65 83 69
65 84 22
65 85 70
65 86 14
65 87 98
65 88 95
65 89 61
65 90 86
65 91 8
65 92 50
65 93 86
65 94 10
65 95 47
65 96 94
65 97 97
65 98 42
65 99 29
66 1 20
66 2 74
66 3 82
66 4 19
66 5 99
66 6 50
66 7 59
66 8 22
66 9 52
66 10 92
66 11 7
66 12 65
66 13 72
66 14 37
66 15 72
66 16 82
66 17 58
66 18 35
66 19 82
66 20 12
66 21 66
66 22 47
66 23 47
66 24 45
66 25 22
66 26 5
66 27 32
66 28 20
66 29 79
66 30 34
66 31 90
66 32 54
66 33 44
66 34 21
66 35 30
66 36 64
66 37 84
66 38 10
66 39 97
66 40 80
66 41 90
66 42 16
66 43 26
66 44 23
66 45 97
66 46 46
66 47 52
66 48 48
66 49 29
66 50 27
66 51 12
66 52 96
66 53 54
66 54 71
66 55 57
66 56 51
66 57 81
66 58 29
66 59 53
66 60 25
66 61 73
66 62 97
66 63 52
66 64 65
66 65 60
66 67 49
66 68 92
66 69 68
66 70 16
66 71 26
66 72 76
66 73 67
66 74 99
66 75 16
66 76 90
66 77 69
66 78 64
66 79 12
66 80 39
66 81 43
66 82 98
66 83 48
66 84 78
66 85 73
66 86 6
66 87 11
66 88 84
66 89 29
66 90 78
66 91 53
66 92 46
66 93 28
66 94 17
66 95 84
66 96 80
66 97 72
66 98 67
66 99 98
67 1 14
67 2 69
67 3 48
67 4 33
67 5 93
67 6 27
67 7 78
67 8 30
67 9 83
67 10 27
67 11 84
67 12 84
67 13 79
67 14 61
67 15 77
67 16 6
67 17 35
67 18 22
67 19 82
67 20 84
67 21 86
67 22 75
67 23 72
67 24 86
67 25 72
67 26 25
67 27 74
67 28 23
67 29 24
67 30 55
67 31 83
67 32 15
67 33 75
67 34 48
67 35 56
67 36 37
67 37 75
67 38 81
67 39 99
67 40 30
67 41 47
67 42 88
67 43 63
67 44 37
67 45 97
67 46 80
67 47 67
67 48 96
67 49 64
67 50 16
67 51 7
67 52 43
67 53 5
67 54 69
67 55 71
67 56 54
67 57 42
67 58 98
67 59 71
67 60 96
67 61 73
67 62 63
67 63 67
67 64 45
67 65 10
67 66 49
67 68 13
67 69 62
67 70 92
67 71 37
67 72 80
67 73 43
67 74 71
67 75 94
67 76 22
67 77 63
67 78 73
67 79 93
67 80 69
67 81 58
67 82 76
67 83 17
67 84 77
67 85 34
67 86 40
67 87 30
67 88 58
67 89 23
67 90 13
67 91 39
67 92 19
67 93 30
67 94 47
67 95 75
67 96 18
67 97 25
67 98 77
67 99 75
68 1 47
68 2 71
68 3 19
68 4 59
68 5 19
68 6 88
68 7 41
68 8 40
68 9 82
68 10 40
68 11 85
68 12 19
68 13 26
68 14 45
68 15 63
68 16 71
68 17 14
68 18 41
68 19 79
68 20 75
68 21 47
68 22 26
68 23 68
68 24 53
68 25 97
68 26 13
68 27 27
68 28 8
68 29 53
68 30 31
68 31 55
68 32 5
68 33 18
68 34 97
68 35 82
68 36 73
68 37 59
68 38 8
68 39 56
68 40 66
68 41 90
68 42 94
68 43 10
68 44 72
68 45 69
68 46 6
68 47 72
68 48 80
68 49 6
68 50 63
68 51 65
68 52 46
68 53 72
68 54 16
68 55 48
68 56 66
68 57 26
68 58 64
68 59 92
68 60 87
68 61 55
68 62 87
68 63 99
68 64 89
68 65 84
68 66 92
68 67 13
68 69 32
68 70 87
68 71 64
68 72 73
68 73 77
68 74 72
68 75 93
68 76 45
68 77 72
68 78 73
68 79 40
68 80 65
68 81 65
68 82 94
68 83 85
68 84 28
68 85 25
68 86 29
68 87 91
68 88 60
68 89 98
68 90 71
68 91 56
68 92 44
68 93 25
68 94 18
68 95 27
68 96 69
68 97 92
68 98 33
68 99 18
69 1 100
69 2 49
69 3 87
69 4 100
69 5 18
69 6 79
69 7 95
69 8 23
69 9 43
69 10 65
69 11 52
69 12 14
69 13 74
69 14 64
69 15 63
69 16 77
69 17 36
69 18 34
69 19 40
69 20 78
69 21 45
69 22 51
69 23 71
69 24 50
69 25 61
69 26 24
69 27 88
69 28 96
69 29 19
69 30 20
69 31 59
69 32 32
69 33 64
69 34 55
69 35 97
69 36 18
69 37 74
69 38 95
69 39 85
69 40 10
69 41 81
69 42 12
69 43 86
69 44 45
69 45 19
69 46 83
69 47 26
69 48 69
69 49 88
69 50 72
69 51 15
69 52 99
69 53 16
69 54 25
69 55 49
69 56 51
69 57 94
69 58 79
69 59 93
69 60 92
69 61 57
69 62 84
69 63 83
69 64 20
69 65 25
69 66 68
69 67 62
69 68 32
69 70 49
69 71 41
69 72 53
69 73 16
69 74 11
69 75 21
69 76 60
69 77 26
69 78 33
69 79 70
69 80 8
69 81 79
69 82 59
69 83 78
69 84 91
69 85 50
69 86 86
69 87 36
69 88 30
69 89 85
69 90 41
69 91 96
69 92 49
69 93 100
69 94 73
69 95 51
69 96 28
69 97 11
69 98 72
69 99 65
70 1 34
70 2 26
70 3 54
70 4 30
70 5 52
70 6 61
70 7 91
70 8 5
70 9 97
70 10 43
70 11 42
70 12 61
70 13 47
70 14 74
70 15 86
70 16 80
70 17 86
70 18 63
70 19 9
70 20 56
70 21 77
70 22 6
70 23 62
70 24 45
70 25 41
70 26 68
70 27 93
70 28 75
70 29 42
70 30 75
70 31 68
70 32 62
70 33 85
70 34 33
70 35 88
70 36 18
70 37 38
70 38 23
70 39 87
70 40 84
70 41 40
70 42 24
70 43 59
70 44 71
70 45 40
70 46 50
70 47 35
70 48 42
70 49 12
70 50 90
70 51 60
70 52 33
70 53 69
70 54 65
70 55 93
70 56 35
70 57 73
70 58 9
70 59 37
70 60 39
70 61 97
70 62 8
70 63 33
70 64 8
70 65 70
70 66 16
70 67 92
70 68 87
70 69 49
70 71 68
70 72 36
70 73 56
70 74 60
70 75 58
70 76 97
70 77 77
70 78 62
70 79 77
70 80 18
70 81 64
70 82 67
70 83 32
70 84 84
70 85 15
70 86 64
70 87 54
70 88 23
70 89 66
70 90 100
70 91 41
70 92 42
70 93 73
70 94 73
70 95 26
70 96 68
70 97 34
70 98 55
70 99 66
71 1 15
71 2 41
71 3 66
71 4 32
71 5 86
71 6 93
71 7 54
71 8 61
71 9 56
71 10 66
71 11 16
71 12 40
71 13 73
71 14 40
71 15 24
71 16 41
71 17 84
71 18 95
71 19 77
71 20 30
71 21 96
71 22 86
71 23 15
71 24 14
71 25 10
71 26 8
71 27 42
71 28 90
71 29 78
71 30 69
71 31 19
71 32 79
71 33 84
71 34 76
71 35 8
71 36 22
71 37 34
71 38 44
71 39 88
71 40 70
71 41 42
71 42 8
71 43 51
71 44 53
71 45 86
71 46 41
71 47 69
71 48 11
71 49 29
71 50 21
71 51 49
71 52 17
71 53 40
71 54 77
71 55 36
71 56 100
71 57 9
71 58 20
71 59 90
71 60 6
71 61 37
71 62 68
71 63 61
71 64 79
71 65 8
71 66 26
71 67 37
71 68 64
71 69 41
71 70 68
71 72 17
71 73 54
71 74 86
71 75 7
71 76 56
71 77 67
71 78 13
71 79 43
71 80 6
71 81 20
71 82 92
71 83 31
71 84 25
71 85 44
71 86 50
71 87 20
71 88 10
71 89 33
71 90 12
71 91 50
71 92 87
71 93 37
71 94 11
71 95 33
71 96 12
71 97 65
71 98 17
71 99 68
72 1 41
72 2 41
72 3 12
72 4 64
72 5 52
72 6 35
72 7 64
72 8 31
72 9 73
72 10 15
72 11 61
72 12 50
72 13 86
72 14 27
72 15 61
72 16 86
72 17 43
72 18 67
72 19 98
72 20 41
72 21 64
72 22 67
72 23 88
72 24 89
72 25 38
72 26 70
72 27 88
72 28 33
72 29 40
72 30 8
72 31 19
72 32 25
72 33 28
72 34 18
72 35 40
72 36 48
72 37 10
72 38 15
72 39 29
72 40 62
72 41 23
72 42 54
72 43 70
72 44 62
72 45 80
72 46 48
72 47 16
72 48 64
72 49 20
72 50 50
72 51 86
72 52 34
72 53 89
72 54 50
72 55 29
72 56 5
72 57 32
72 58 50
72 59 52
72 60 34
72 61 55
72 62 70
72 63 72
72 64 32
72 65 36
72 66 76
72 67 80
72 68 73
72 69 53
72 70 36
72 71 17
72 73 78
72 74 26
72 75 23
72 76 7
72 77 99
72 78 21
72 79 14
72 80 45
72 81 34
72 82 22
72 83 48
72 84 76
72 85 83
72 86 100
72 87 98
72 88 84
72 89 34
72 90 41
72 91 73
72 92 10
72 93 69
72 94 85
72 95 37
72 96 51
72 97 71
72 98 98
72 99 78
73 1 57
73 2 54
73 3 7
73 4 96
73 5 83
73 6 69
73 7 36
73 8 68
73 9 52
73 10 47
73 11 92
73 12 73
73 13 70
73 14 99
73 15 79
73 16 26
73 17 79
73 18 45
73 19 74
73 20 42
73 21 73
73 22 98
73 23 13
73 24 23
73 25 14
73 26 27
73 27 34
73 28 73
73 29 42
73 30 41
73 31 21
73 32 79
73 33 38
73 34 75
73 35 81
73 36 39
73 37 62
73 38 12
73 39 50
73 40 55
73 41 73
73 42 71
73 43 79
73 44 18
73 45 51
73 46 27
73 47 56
73 48 20
73 49 97
73 50 26
73 51 53
73 52 9
73 53 73
73 54 15
73 55 53
73 56 37
73 57 93
73 58 62
73 59 86
73 60 45
73 61 96
73 62 85
73 63 9
73 64 16
73 65 45
73 66 67
73 67 43
73 68 77
73 69 16
73 70 56
73 71 54
73 72 78
73 74 43
73 75 48
73 76 19
73 77 10
73 78 22
73 79 83
73 80 21
73 81 9
73 82 46
73 83 85
73 84 7
73 85 29
73 86 59
73 87 53
73 88 54
73 89 57
73 90 96
73 91 60
73 92 97
73 93 100
73 94 18
73 95 33
73 96 92
73 97 26
73 98 36
73 99 89
74 1 85
74 2 58
74 3 29
74 4 17
74 5 48
74 6 5
74 7 21
74 8 37
74 9 38
74 10 36
74 11 39
74 12 20
74 13 77
74 14 87
74 15 61
74 16 31
74 17 56
74 18 82
74 19 81
74 20 68
74 21 69
74 22 92
74 23 59
74 24 81
74 25 63
74 26 23
74 27 65
74 28 99
74 29 71
74 30 79
74 31 46
74 32 24
74 33 30
74 34 47
74 35 84
74 36 16
74 37 68
74 38 33
74 39 90
74 40 94
74 41 42
74 42 54
74 43 67
74 44 7
74 45 47
74 46 19
74 47 82
74 48 20
74 49 14
74 50 41
74 51 100
74 52 84
74 53 33
74 54 51
74 55 91
74 56 46
74 57 14
74 58 62
74 59 16
74 60 90
74 61 99
74 62 23
74 63 44
74 64 31
74 65 75
74 66 99
74 67 71
74 68 72
74 69 11
74 70 60
74 71 86
74 72 26
74 73 43
74 75 79
74 76 64
74 77 29
74 78 58
74 79 62
74 80 97
74 81 75
74 82 11
74 83 36
74 84 74
74 85 17
74 86 10
74 87 56
74 88 95
74 89 60
74 90 25
74 91 18
74 92 24
74 93 83
74 94 38
74 95 39
74 96 59
74 97 12
74 98 21
74 99 79
75 1 54
75 2 47
75 3 48
75 4 92
75 5 31
75 6 100
75 7 92
75 8 59
75 9 50
75 10 98
75 11 79
75 12 88
75 13 88
75 14 6
75 15 85
75 16 99
75 17 58
75 18 38
75 19 77
75 20 44
75 21 94
75 22 79
75 23 9
75 24 6
75 25 27
75 26 25
75 27 27
75 28 81
75 29 87
75 30 86
75 31 69
75 32 99
75 33 28
75 34 23
75 35 57
75 36 76
75 37 48
75 38 9
75 39 50
75 40 95
75 41 19
75 42 73
75 43 11
75 44 88
75 45 15
75 46 85
75 47 100
75 48 70
75 49 25
75 50 14
75 51 76
75 52 50
75 53 69
75 54 55
75 55 84
75 56 34
75 57 95
75 58 74
75 59 37
75 60 7
75 61 36
75 62 100
75 63 77
75 64 30
75 65 30
75 66 16
75 67 94
75 68 93
75 69 21
75 70 58
75 71 7
75 72 23
75 73 48
75 74 79
75 76 55
75 77 60
75 78 76
75 79 8
75 80 90
75 81 71
75 82 26
75 83 52
75 84 16
75 85 21
75 86 69
75 87 93
75 88 24
75 89 69
75 90 80
75 91 88
75 92 37
75 93 91
75 94 69
75 95 39
75 96 46
75 97 84
75 98 36
75 99 89
76 1 84
76 2 98
76 3 14
76 4 99
76 5 35
76 6 11
76 7 14
76 8 11
76 9 9
76 10 74
76 11 75
76 12 78
76 13 82
76 14 14
76 15 37
76 16 51
76 17 19
76 18 8
76 19 29
76 20 35
76 21 17
76 22 25
76 23 57
76 24 52
76 25 56
76 26 59
76 27 40
76 28 37
76 29 57
76 30 37
76 31 51
76 32 74
76 33 36
76 34 37
76 35 43
76 36 40
76 37 9
76 38 46
76 39 18
76 40 67
76 41 75
76 42 40
76 43 88
76 44 51
76 45 40
76 46 76
76 47 16
76 48 90
76 49 74
76 50 67
76 51 97
76 52 22
76 53 13
76 54 20
76 55 72
76 56 21
76 57 16
76 58 80
76 59 89
76 60 75
76 61 63
76 62 49
76 63 20
76 64 96
76 65 64
76 66 90
76 67 22
76 68 45
76 69 60
76 70 97
76 71 56
76 72 7
76 73 19
76 74 64
76 75 55
76 77 18
76 78 59
76 79 72
76 80 76
76 81 12
76 82 53
76 83 18
76 84 83
76 85 46
76 86 86
76 87 85
76 88 18
76 89 61
76 90 54
76 91 61
76 92 38
76 93 41
76 94 62
76 95 60
76 96 66
76 97 7
76 98 60
76 99 51
77 1 29
77 2 91
77 3 63
77 4 60
77 5 19
77 6 29
77 7 27
77 8 96
77 9 96
77 10 10
77 11 37
77 12 47
77 13 30
77 14 67
77 15 73
77 16 23
77 17 48
77 18 12
77 19 69
77 20 22
77 21 24
77 22 50
77 23 21
77 24 29
77 25 50
77 26 27
77 27 22
77 28 91
77 29 12
77 30 22
77 31 97
77 32 91
77 33 67
77 34 24
77 35 33
77 36 20
77 37 23
77 38 69
77 39 92
77 40 6
77 41 12
77 42 85
77 43 90
77 44 42
77 45 28
77 46 15
77 47 28
77 48 14
77 49 56
77 50 33
77 51 84
77 52 6
77 53 59
77 54 40
77 55 13
77 56 10
77 57 7
77 58 55
77 59 51
77 60 33
77 61 63
77 62 82
77 63 40
77 64 68
77 65 33
77 66 69
77 67 63
77 68 72
77 69 26
77 70 77
77 71 67
77 72 99
77 73 10
77 74 29
77 75 60
77 76 18
77 78 51
77 79 13
77 80 23
77 81 25
77 82 5
77 83 42
77 84 92
77 85 11
77 86 95
77 87 64
77 88 22
77 89 16
77 90 42
77 91 94
77 92 92
77 93 72
77 94 15
77 95 62
77 96 69
77 97 48
77 98 93
77 99 55
78 1 70
78 2 85
78 3 9
78 4 63
78 5 20
78 6 5
78 7 77
78 8 76
78 9 21
78 10 32
78 11 66
78 12 32
78 13 27
78 14 41
78 15 97
78 16 24
78 17 71
78 18 53
78 19 92
78 20 51
78 21 33
78 22 28
78 23 27
78 24 18
78 25 84
78 26 10
78 27 31
78 28 10
78 29 63
78 30 28
78 31 42
78 32 63
78 33 26
78 34 6
78 35 87
78 36 53
78 37 38
78 38 35
78 39 48
78 40 13
78 41 9
78 42 34
78 43 53
78 44 55
78 45 9
78 46 75
78 47 39
78 48 78
78 49 97
78 50 95
78 51 88
78 52 39
78 53 94
78 54 6
78 55 8
78 56 19
78 57 54
78 58 37
78 59 42
78 60 73
78 61 35
78 62 26
78 63 11
78 64 73
78 65 25
78 66 64
78 67 73
78 68 73
78 69 33
78 70 62
78 71 13
78 72 21
78 73 22
78 74 58
78 75 76
78 76 59
78 77 51
78 79 55
78 80 53
78 81 74
78 82 96
78 83 60
78 84 83
78 85 49
78 86 98
78 87 22
78 88 40
78 89 58
78 90 89
78 91 9
78 92 26
78 93 23
78 94 7
78 95 54
78 96 65
78 97 10
78 98 53
78 99 41
79 1 88
79 2 59
79 3 9
79 4 15
79 5 39
79 6 39
79 7 89
79 8 31
79 9 29
79 10 35
79 11 41
79 12 54
79 13 57
79 14 67
79 15 40
79 16 13
79 17 26
79 18 45
79 19 97
79 20 74
79 21 28
79 22 10
79 23 82
79 24 37
79 25 98
79 26 52
79 27 86
79 28 96
79 29 79
79 30 24
79 31 15
79 32 5
79 33 50
79 34 81
79 35 90
79 36 36
79 37 65
79 38 58
79 39 47
79 40 82
79 41 33
79 42 32
79 43 63
79 44 36
79 45 68
79 46 93
79 47 74
79 48 45
79 49 51
79 50 87
79 51 41
79 52 94
79 53 6
79 54 20
79 55 22
79 56 61
79 57 16
79 58 6
79 59 6
79 60 74
79 61 30
79 62 10
79 63 29
79 64 55
79 65 24
79 66 12
79 67 93
79 68 40
79 69 70
79 70 77
79 71 43
79 72 14
79 73 83
79 74 62
79 75 8
79 76 72
79 77 13
79 78 55
79 80 18
79 81 100
79 82 6
79 83 40
79 84 9
79 85 40
79 86 90
79 87 12
79 88 51
79 89 46
79 90 60
79 91 44
79 92 85
79 93 100
79 94 40
79 95 52
79 96 93
79 97 47
79 98 61
79 99 85
80 1 7
80 2 82
80 3 36
80 4 29
80 5 69
80 6 30
80 7 69
80 8 92
80 9 55
80 10 30
80 11 19
80 12 16
80 13 10
80 14 41
80 15 82
80 16 25
80 17 56
80 18 88
80 19 12
80 20 86
80 21 82
80 22 10
80 23 25
80 24 76
80 25 20
80 26 21
80 27 32
80 28 65
80 29 47
80 30 95
80 31 14
80 32 8
80 33 23
80 34 91
80 35 69
80 36 84
80 37 52
80 38 85
80 39 71
80 40 77
80 41 14
80 42 92
80 43 19
80 44 61
80 45 91
80 46 66
80 47 64
80 48 69
80 49 79
80 50 20
80 51 11
80 52 17
80 53 40
80 54 6
80 55 97
80 56 98
80 57 29
80 58 98
80 59 29
80 60 10
80 61 75
80 62 65
80 63 96
80 64 85
80 65 72
80 66 39
80 67 69
80 68 65
80 69 8
80 70 18
80 71 6
80 72 45
80 73 21
80 74 97
80 75 90
80 76 76
80 77 23
80 78 53
80 79 18
80 81 35
80 82 47
80 83 26
80 84 85
80 85 59
80 86 64
80 87 57
80 88 7
80 89 25
80 90 93
80 91 5
80 92 22
80 93 33
80 94 95
80 95 57
80 96 28
80 97 43
80 98 35
80 99 86
81 1 96
81 2 31
81 3 36
81 4 51
81 5 100
81 6 46
81 7 19
81 8 16
81 9 48
81 10 93
81 11 21
81 12 10
81 13 59
81 14 54
81 15 61
81 16 77
81 17 29
81 18 100
81 19 53
81 20 73
81 21 94
81 22 35
81 23 37
81 24 20
81 25 46
81 26 76
81 27 16
81 28 63
81 29 86
81 30 21
81 31 72
81 32 59
81 33 46
81 34 78
81 35 98
81 36 77
81 37 46
81 38 82
81 39 81
81 40 51
81 41 34
81 42 81
81 43 15
81 44 23
81 45 32
81 46 19
81 47 10
81 48 85
81 49 26
81 50 85
81 51 22
81 52 76
81 53 48
81 54 84
81 55 80
81 56 74
81 57 8
81 58 32
81 59 31
81 60 54
81 61 92
81 62 57
81 63 8
81 64 29
81 65 51
81 66 43
81 67 58
81 68 65
81 69 79
81 70 64
81 71 20
81 72 34
81 73 9
81 74 75
81 75 71
81 76 12
81 77 25
81 78 74
81 79 100
81 80 35
81 82 47
81 83 80
81 84 41
81 85 96
81 86 90
81 87 51
81 88 56
81 89 54
81 90 73
81 91 15
81 92 96
81 93 12
81 94 93
81 95 56
81 96 55
81 97 70
81 98 32
81 99 48
82 1 51
82 2 59
82 3 16
82 4 44
82 5 67
82 6 13
82 7 80
82 8 97
82 9 69
82 10 57
82 11 87
82 12 44
82 13 97
82 14 39
82 15 52
82 16 63
82 17 56
82 18 28
82 19 93
82 20 50
82 21 47
82 22 57
82 23 7
82 24 16
82 25 89
82 26 56
82 27 81
82 28 17
82 29 32
82 30 59
82 31 42
82 32 77
82 33 56
82 34 30
82 35 47
82 36 82
82 37 62
82 38 18
82 39 63
82 40 23
82 41 81
82 42 28
82 43 41
82 44 17
82 45 15
82 46 41
82 47 15
82 48 10
82 49 76
82 50 54
82 51 69
82 52 85
82 53 55
82 54 51
82 55 8
82 56 97
82 57 6
82 58 33
82 59 70
82 60 49
82 61 64
82 62 97
82 63 40
82 64 46
82 65 45
82 66 98
82 67 76
82 68 94
82 69 59
82 70 67
82 71 92
82 72 22
82 73 46
82 74 11
82 75 26
82 76 53
82 77 5
82 78 96
82 79 6
82 80 47
82 81 47
82 83 37
82 84 20
82 85 83
82 86 74
82 87 91
82 88 37
82 89 99
82 90 83
82 91 94
82 92 41
82 93 27
82 94 65
82 95 66
82 96 39
82 97 18
82 98 59
82 99 49
83 1 91
83 2 37
83 3 31
83 4 85
83 5 91
83 6 94
83 7 9
83 8 43
83 9 53
83 10 56
83 11 72
83 12 75
83 13 20
83 14 33
83 15 100
83 16 11
83 17 99
83 18 15
83 19 57
83 20 13
83 21 65
83 22 66
83 23 99
83 24 54
83 25 7
83 26 46
83 27 36
83 28 70
83 29 89
83 30 45
83 31 96
83 32 63
83 33 52
83 34 21
83 35 93
83 36 7
83 37 82
83 38 30
83 39 5
83 40 79
83 41 36
83 42 69
83 43 88
83 44 46
83 45 50
83 46 71
83 47 65
83 48 51
83 49 15
83 50 48
83 51 87
83 52 22
83 53 98
83 54 35
83 55 31
83 56 75
83 57 87
83 58 66
83 59 32
83 60 28
83 61 70
83 62 30
83 63 22
83 64 83
83 65 69
83 66 48
83 67 17
83 68 85
83 69 78
83 70 32
83 71 31
83 72 48
83 73 85
83 74 36
83 75 52
83 76 18
83 77 42
83 78 60
83 79 40
83 80 26
83 81 80
83 82 37
83 84 55
83 85 69
83 86 35
83 87 75
83 88 29
83 89 95
83 90 92
83 91 71
83 92 34
83 93 20
83 94 92
83 95 87
83 96 49
83 97 45
83 98 47
83 99 73
84 1 34
84 2 26
84 3 49
84 4 60
84 5 67
84 6 98
84 7 89
84 8 33
84 9 85
84 10 97
84 11 53
84 12 5
84 13 49
84 14 23
84 15 84
84 16 43
84 17 96
84 18 10
84 19 28
84 20 43
84 21 65
84 22 50
84 23 53
84 24 57
84 25 36
84 26 94
84 27 10
84 28 61
84 29 50
84 30 83
84 31 64
84 32 94
84 33 64
84 34 66
84 35 79
84 36 22
84 37 96
84 38 84
84 39 69
84 40 60
84 41 17
84 42 52
84 43 44
84 44 26
84 45 11
84 46 39
84 47 37
84 48 87
84 49 87
84 50 39
84 51 23
84 52 46
84 53 88
84 54 47
84 55 27
84 56 22
84 57 61
84 58 96
84 59 30
84 60 88
84 61 84
84 62 95
84 63 91
84 64 61
84 65 22
84 66 78
84 67 77
84 68 28
84 69 91
84 70 84
84 71 25
84 72 76
84 73 7
84 74 74
84 75 16
84 76 83
84 77 92
84 78 83
84 79 9
84 80 85
84 81 41
84 82 20
84 83 55
84 85 75
84 86 62
84 87 5
84 88 42
84 89 40
84 90 52
84 91 25
84 92 6
84 93 75
84 94 10
84 95 31
84 96 10
84 97 96
84 98 58
84 99 74
85 1 38
85 2 7
85 3 75
85 4 71
85 5 40
85 6 39
85 7 30
85 8 61
85 9 23
85 10 91
85 11 39
85 12 75
85 13 89
85 14 70
85 15 97
85 16 80
85 17 24
85 18 40
85 19 69
85 20 6
85 21 46
85 22 79
85 23 67
85 24 21
85 25 21
85 26 14
85 27 29
85 28 37
85 29 84
85 30 95
85 31 20
85 32 16
85 33 12
85 34 75
85 35 83
85 36 20
85 37 69
85 38 56
85 39 11
85 40 40
85 41 63
85 42 6
85 43 79
85 44 44
85 45 26
85 46 11
85 47 60
85 48 58
85 49 10
85 50 93
85 51 44
85 52 29
85 53 62
85 54 37
85 55 74
85 56 63
85 57 84
85 58 47
85 59 17
85 60 95
85 61 34
85 62 24
85 63 26
85 64 94
85 65 70
85 66 73
85 67 34
85 68 25
85 69 50
85 70 15
85 71 44
85 72 83
85 73 29
85 74 17
85 75 21
85 76 46
85 77 11
85 78 49
85 79 40
85 80 59
85 81 96
85 82 83
85 83 69
85 84 75
85 86 11
85 87 84
85 88 80
85 89 87
85 90 95
85 91 17
85 92 90
85 93 25
85 94 40
85 95 53
85 96 28
85 97 66
85 98 17
85 99 14
86 1 12
86 2 10
86 3 72
86 4 67
86 5 39
86 6 23
86 7 10
86 8 62
86 9 10
86 10 16
86 11 73
86 12 31
86 13 52
86 14 30
86 15 16
86 16 35
86 17 98
86 18 92
86 19 84
86 20 40
86 21 45
86 22 35
86 23 20
86 24 14
86 25 39
86 26 58
86 27 33
86 28 28
86 29 86
86 30 18
86 31 14
86 32 29
86 33 49
86 34 67
86 35 36
86 36 75
86 37 66
86 38 86
86 39 70
86 40 10
86 41 61
86 42 85
86 43 17
86 44 82
86 45 31
86 46 41
86 47 19
86 48 76
86 49 47
86 50 18
86 51 28
86 52 57
86 53 54
86 54 25
86 55 65
86 56 18
86 57 94
86 58 25
86 59 65
86 60 77
86 61 47
86 62 96
86 63 21
86 64 95
86 65 14
86 66 6
86 67 40
86 68 29
86 69 86
86 70 64
86 71 50
86 72 100
86 73 59
86 74 10
86 75 69
86 76 86
86 77 95
86 78 98
86 79 90
86 80 64
86 81 90
86 82 74
86 83 35
86 84 62
86 85 11
86 87 33
86 88 42
86 89 17
86 90 52
86 91 75
86 92 95
86 93 13
86 94 34
86 95 75
86 96 74
86 97 26
86 98 83
86 99 76
87 1 73
87 2 33
87 3 18
87 4 60
87 5 57
87 6 22
87 7 23
87 8 90
87 9 37
87 10 33
87 11 15
87 12 96
87 13 52
87 14 39
87 15 23
87 16 45
87 17 69
87 18 38
87 19 80
87 20 57
87 21 65
87 22 9
87 23 97
87 24 30
87 25 57
87 26 77
87 27 97
87 28 5
87 29 85
87 30 68
87 31 66
87 32 14
87 33 50
87 34 38
87 35 83
87 36 54
87 37 81
87 38 11
87 39 83
87 40 69
87 41 83
87 42 36
87 43 76
87 44 85
87 45 15
87 46 72
87 47 79
87 48 27
87 49 70
87 50 96
87 51 33
87 52 52
87 53 61
87 54 100
87 55 7
87 56 38
87 57 80
87 58 16
87 59 68
87 60 53
87 61 43
87 62 56
87 63 86
87 64 66
87 65 98
87 66 11
87 67 30
87 68 91
87 69 36
87 70 54
87 71 20
87 72 98
87 73 53
87 74 56
87 75 93
87 76 85
87 77 64
87 78 22
87 79 12
87 80 57
87 81 51
87 82 91
87 83 75
87 84 5
87 85 84
87 86 33
87 88 89
87 89 32
87 90 53
87 91 74
87 92 47
87 93 58
87 94 45
87 95 32
87 96 68
87 97 89
87 98 7
87 99 31
88 1 43
88 2 63
88 3 8
88 4 11
88 5 58
88 6 35
88 7 72
88 8 22
88 9 5
88 10 52
88 11 86
88 12 29
88 13 7
88 14 48
88 15 60
88 16 5
88 17 38
88 18 13
88 19 23
88 20 25
88 21 64
88 22 38
88 23 100
88 24 84
88 25 61
88 26 32
88 27 98
88 28 53
88 29 69
88 30 98
88 31 82
88 32 39
88 33 15
88 34 47
88 35 40
88 36 51
88 37 49
88 38 10
88 39 55
88 40 41
88 41 27
88 42 97
88 43 87
88 44 85
88 45 61
88 46 36
88 47 62
88 48 37
88 49 35
88 50 92
88 51 27
88 52 30
88 53 34
88 54 85
88 55 24
88 56 69
88 57 43
88 58 68
88 59 40
88 60 46
88 61 95
88 62 63
88 63 92
88 64 44
88 65 95
88 66 84
88 67 58
88 68 60
88 69 30
88 70 23
88 71 10
88 72 84
88 73 54
88 74 95
88 75 24
88 76 18
88 77 22
88 78 40
88 79 51
88 80 7
88 81 56
88 82 37
88 83 29
88 84 42
88 85 80
88 86 42
88 87 89
88 89 26
88 90 40
88 91 23
88 92 91
88 93 29
88 94 11
88 95 49
88 96 94
88 97 22
88 98 97
88 99 65
89 1 68
89 2 79
89 3 52
89 4 90
89 5 68
89 6 14
89 7 54
89 8 32
89 9 57
89 10 80
89 11 88
89 12 6
89 13 50
89 14 90
89 15 12
89 16 98
89 17 50
89 18 34
89 19 35
89 20 51
89 21 23
89 22 75
89 23 88
89 24 79
89 25 70
89 26 92
89 27 44
89 28 71
89 29 10
89 30 43
89 31 12
89 32 82
89 33 72
89 34 10
89 35 19
89 36 19
89 37 89
89 38 96
89 39 35
89 40 71
89 41 61
89 42 65
89 43 55
89 44 68
89 45 27
89 46 94
89 47 76
89 48 74
89 49 47
89 50 8
89 51 38
89 52 71
89 53 41
89 54 81
89 55 68
89 56 65
89 57 95
89 58 66
89 59 22
89 60 60
89 61 44
89 62 72
89 63 5
89 64 9
89 65 61
89 66 29
89 67 23
89 68 98
89 69 85
89 70 66
89 71 33
89 72 34
89 73 57
89 74 60
89 75 69
89 76 61
89 77 16
89 78 58
89 79 46
89 80 25
89 81 54
89 82 99
89 83 95
89 84 40
89 85 87
89 86 17
89 87 32
89 88 26
89 90 32
89 91 13
89 92 40
89 93 40
89 94 14
89 95 56
89 96 31
89 97 85
89 98 39
89 99 68
90 1 10
90 2 58
90 3 77
90 4 37
90 5 54
90 6 33
90 7 68
90 8 48
90 9 7
90 10 59
90 11 7
90 12 18
90 13 89
90 14 61
90 15 17
90 16 95
90 17 77
90 18 55
90 19 81
90 20 69
90 21 17
90 22 5
90 23 64
90 24 27
90 25 49
90 26 17
90 27 52
90 28 51
90 29 37
90 30 90
90 31 71
90 32 11
90 33 98
90 34 34
90 35 29
90 36 94
90 37 71
90 38 69
90 39 54
90 40 51
90 41 17
90 42 23
90 43 38
90 44 19
90 45 33
90 46 14
90 47 57
90 48 81
90 49 22
90 50 11
90 51 86
90 52 100
90 53 82
90 54 89
90 55 59
90 56 18
90 57 82
90 58 68
90 59 40
90 60 68
90 61 54
90 62 37
90 63 14
90 64 86
90 65 86
90 66 78
90 67 13
90 68 71
90 69 41
90 70 100
90 71 12
90 72 41
90 73 96
90 74 25
90 75 80
90 76 54
90 77 42
90 78 89
90 79 60
90 80 93
90 81 73
90 82 83
90 83 92
90 84 52
90 85 95
90 86 52
90 87 53
90 88 40
90 89 32
90 91 6
90 92 27
90 93 6
90 94 94
90 95 98
90 96 52
90 97 90
90 98 63
90 99 94
91 1 16
91 2 64
91 3 78
91 4 39
91 5 50
91 6 94
91 7 80
91 8 24
91 9 13
91 10 42
91 11 94
91 12 41
91 13 99
91 14 83
91 15 67
91 16 72
91 17 79
91 18 44
91 19 6
91 20 50
91 21 31
91 22 90
91 23 80
91 24 86
91 25 27
91 26 39
91 27 67
91 28 81
91 29 63
91 30 35
91 31 76
91 32 82
91 33 65
91 34 40
91 35 82
91 36 83
91 37 80
91 38 71
91 39 83
91 40 94
91 41 50
91 42 28
91 43 100
91 44 73
91 45 72
91 46 80
91 47 96
91 48 23
91 49 78
91 50 22
91 51 19
91 52 23
91 53 26
91 54 68
91 55 62
91 56 68
91 57 31
91 58 60
91 59 50
91 60 66
91 61 74
91 62 53
91 63 96
91 64 33
91 65 8
91 66 53
91 67 39
91 68 56
91 69 96
91 70 41
91 71 50
91 72 73
91 73 60
91 74 18
91 75 88
91 76 61
91 77 94
91 78 9
91 79 44
91 80 5
91 81 15
91 82 94
91 83 71
91 84 25
91 85 17
91 86 75
91 87 74
91 88 23
91 89 13
91 90 6
91 92 82
91 93 49
91 94 82
91 95 43
91 96 93
91 97 82
91 98 67
91 99 7
92 1 58
92 2 30
92 3 100
92 4 15
92 5 16
92 6 27
92 7 68
92 8 58
92 9 43
92 10 59
92 11 28
92 12 48
92 13 39
92 14 68
92 15 71
92 16 46
92 17 95
92 18 88
92 19 59
92 20 7
92 21 96
92 22 60
92 23 88
92 24 78
92 25 66
92 26 59
92 27 49
92 28 34
92 29 51
92 30 60
92 31 35
92 32 58
92 33 52
92 34 27
92 35 50
92 36 50
92 37 74
92 38 44
92 39 86
92 40 52
92 41 79
92 42 34
92 43 29
92 44 71
92 45 74
92 46 38
92 47 14
92 48 88
92 49 68
92 50 8
92 51 91
92 52 76
92 53 23
92 54 12
92 55 84
92 56 65
92 57 40
92 58 42
92 59 72
92 60 70
92 61 22
92 62 73
92 63 70
92 64 28
92 65 50
92 66 46
92 67 19
92 68 44
92 69 49
92 70 42
92 71 87
92 72 10
92 73 97
92 74 24
92 75 37
92 76 38
92 77 92
92 78 26
92 79 85
92 80 22
92 81 96
92 82 41
92 83 34
92 84 6
92 85 90
92 86 95
92 87 47
92 88 91
92 89 40
92 90 27
92 91 82
92 93 79
92 94 42
92 95 38
92 96 92
92 97 40
92 98 63
92 99 33
93 1 23
93 2 58
93 3 22
93 4 71
93 5 67
93 6 65
93 7 91
93 8 48
93 9 31
93 10 18
93 11 94
93 12 73
93 13 5
93 14 51
93 15 63
93 16 37
93 17 97
93 18 77
93 19 50
93 20 81
93 21 14
93 22 77
93 23 79
93 24 15
93 25 33
93 26 97
93 27 95
93 28 57
93 29 97
93 30 13
93 31 91
93 32 92
93 33 79
93 34 25
93 35 49
93 36 54
93 37 36
93 38 47
93 39 48
93 40 87
93 41 85
93 42 98
93 43 20
93 44 62
93 45 83
93 46 22
93 47 46
93 48 24
93 49 46
93 50 55
93 51 94
93 52 92
93 53 86
93 54 86
93 55 33
93 56 13
93 57 28
93 58 76
93 59 39
93 60 22
93 61 19
93 62 7
93 63 76
93 64 7
93 65 86
93 66 28
93 67 30
93 68 25
93 69 100
93 70 73
93 71 37
93 72 69
93 73 100
93 74 83
93 75 91
93 76 41
93 77 72
93 78 23
93 79 100
93 80 33
93 81 12
93 82 27
93 83 20
93 84 75
93 85 25
93 86 13
93 87 58
93 88 29
93 89 40
93 90 6
93 91 49
93 92 79
93 94 31
93 95 14
93 96 96
93 97 23
93 98 25
93 99 68
94 1 95
94 2 66
94 3 82
94 4 95
94 5 17
94 6 12
94 7 61
94 8 91
94 9 57
94 10 73
94 11 25
94 12 67
94 13 8
94 14 42
94 15 44
94 16 35
94 17 41
94 18 70
94 19 7
94 20 88
94 21 9
94 22 62
94 23 42
94 24 76
94 25 51
94 26 76
94 27 83
94 28 54
94 29 17
94 30 88
94 31 13
94 32 87
94 33 83
94 34 83
94 35 44
94 36 93
94 37 8
94 38 94
94 39 17
94 40 61
94 41 70
94 42 82
94 43 52
94 44 54
94 45 69
94 46 30
94 47 89
94 48 75
94 49 71
94 50 57
94 51 73
94 52 9
94 53 51
94 54 17
94 55 54
94 56 93
94 57 26
94 58 48
94 59 71
94 60 29
94 61 21
94 62 22
94 63 10
94 64 27
94 65 10
94 66 17
94 67 47
94 68 18
94 69 73
94 70 73
94 71 11
94 72 85
94 73 18
94 74 38
94 75 69
94 76 62
94 77 15
94 78 7
94 79 40
94 80 95
94 81 93
94 82 65
94 83 92
94 84 10
94 85 40
94 86 34
94 87 45
94 88 11
94 89 14
94 90 94
94 91 82
94 92 42
94 93 31
94 95 29
94 96 50
94 97 34
94 98 70
94 99 19
95 1 19
95 2 47
95 3 75
95 4 31
95 5 97
95 6 30
95 7 90
95 8 29
95 9 15
95 10 49
95 11 78
95 12 15
95 13 66
95 14 44
95 15 12
95 16 43
95 17 35
95 18 95
95 19 6
95 20 98
95 21 67
95 22 74
95 23 70
95 24 40
95 25 76
95 26 40
95 27 20
95 28 85
95 29 68
95 30 32
95 31 20
95 32 47
95 33 63
95 34 69
95 35 24
95 36 9
95 37 5
95 38 22
95 39 44
95 40 85
95 41 29
95 42 10
95 43 31
95 44 22
95 45 89
95 46 99
95 47 27
95 48 91
95 49 34
95 50 75
95 51 61
95 52 47
95 53 62
95 54 22
95 55 61
95 56 20
95 57 96
95 58 14
95 59 89
95 60 20
95 61 46
95 62 38
95 63 78
95 64 23
95 65 47
95 66 84
95 67 75
95 68 27
95 69 51
95 70 26
95 71 33
95 72 37
95 73 33
95 74 39
95 75 39
95 76 60
95 77 62
95 78 54
95 79 52
95 80 57
95 81 56
95 82 66
95 83 87
95 84 31
95 85 53
95 86 75
95 87 32
95 88 49
95 89 56
95 90 98
95 91 43
95 92 38
95 93 14
95 94 29
95 96 13
95 97 73
95 98 95
95 99 64
96 1 16
96 2 6
96 3 5
96 4 46
96 5 33
96 6 28
96 7 62
96 8 62
96 9 48
96 10 53
96 11 69
96 12 27
96 13 60
96 14 39
96 15 37
96 16 73
96 17 23
96 18 48
96 19 54
96 20 15
96 21 92
96 22 58
96 23 52
96 24 61
96 25 69
96 26 98
96 27 67
96 28 56
96 29 65
96 30 68
96 31 80
96 32 65
96 33 43
96 34 87
96 35 10
96 36 35
96 37 60
96 38 47
96 39 16
96 40 56
96 41 74
96 42 91
96 43 92
96 44 89
96 45 19
96 46 33
96 47 97
96 48 33
96 49 29
96 50 46
96 51 68
96 52 91
96 53 38
96 54 57
96 55 11
96 56 77
96 57 93
96 58 8
96 59 73
96 60 30
96 61 84
96 62 5
96 63 86
96 64 98
96 65 94
96 66 80
96 67 18
96 68 69
96 69 28
96 70 68
96 71 12
96 72 51
96 73 92
96 74 59
96 75 46
96 76 66
96 77 69
96 78 65
96 79 93
96 80 28
96 81 55
96 82 39
96 83 49
96 84 10
96 85 28
96 86 74
96 87 68
96 88 94
96 89 31
96 90 52
96 91 93
96 92 92
96 93 96
96 94 50
96 95 13
96 97 91
96 98 48
96 99 39
97 1 34
97 2 74
97 3 53
97 4 91
97 5 99
97 6 30
97 7 88
97 8 5
97 9 20
97 10 86
97 11 87
97 12 90
97 13 99
97 14 18
97 15 30
97 16 97
97 17 25
97 18 96
97 19 95
97 20 29
97 21 84
97 22 39
97 23 61
97 24 43
97 25 71
97 26 10
97 27 91
97 28 15
97 29 12
97 30 96
97 31 15
97 32 48
97 33 42
97 34 40
97 35 64
97 36 34
97 37 11
97 38 20
97 39 12
97 40 72
97 41 25
97 42 76
97 43 53
97 44 57
97 45 24
97 46 35
97 47 90
97 48 99
97 49 36
97 50 50
97 51 78
97 52 18
97 53 13
97 54 25
97 55 36
97 56 17
97 57 47
97 58 74
97 59 89
97 60 84
97 61 18
97 62 29
97 63 44
97 64 20
97 65 97
97 66 72
97 67 25
97 68 92
97 69 11
97 70 34
97 71 65
97 72 71
97 73 26
97 74 12
97 75 84
97 76 7
97 77 48
97 78 10
97 79 47
97 80 43
97 81 70
97 82 18
97 83 45
97 84 96
97 85 66
97 86 26
97 87 89
97 88 22
97 89 85
97 90 90
97 91 82
97 92 40
97 93 23
97 94 34
97 95 73
97 96 91
97 98 84
97 99 22
98 1 73
98 2 10
98 3 67
98 4 21
98 5 70
98 6 48
98 7 36
98 8 91
98 9 20
98 10 83
98 11 45
98 12 98
98 13 11
98 14 64
98 15 80
98 16 44
98 17 27
98 18 33
98 19 78
98 20 29
98 21 93
98 22 25
98 23 14
98 24 68
98 25 7
98 26 22
98 27 56
98 28 13
98 29 33
98 30 91
98 31 90
98 32 8
98 33 21
98 34 35
98 35 23
98 36 29
98 37 70
98 38 31
98 39 61
98 40 82
98 41 31
98 42 68
98 43 95
98 44 28
98 45 72
98 46 58
98 47 90
98 48 74
98 49 26
98 50 92
98 51 70
98 52 53
98 53 49
98 54 84
98 55 40
98 56 70
98 57 95
98 58 79
98 59 79
98 60 77
98 61 63
98 62 70
98 63 29
98 64 36
98 65 42
98 66 67
98 67 77
98 68 33
98 69 72
98 70 55
98 71 17
98 72 98
98 73 36
98 74 21
98 75 36
98 76 60
98 77 93
98 78 53
98 79 61
98 80 35
98 81 32
98 82 59
98 83 47
98 84 58
98 85 17
98 86 83
98 87 7
98 88 97
98 89 39
98 90 63
98 91 67
98 92 63
98 93 25
98 94 70
98 95 95
98 96 48
98 97 84
98 99 84
1 t 48
2 t 61
3 t 18
4 t 22
5 t 35
6 t 8
7 t 62
8 t 40
9 t 22
10 t 5
11 t 87
12 t 56
13 t 66
14 t 51
15 t 13
16 t 97
17 t 24
18 t 30
19 t 7
20 t 67
21 t 52
22 t 93
23 t 26
24 t 10
25 t 81
26 t 49
27 t 27
28 t 60
29 t 97
30 t 15
31 t 66
32 t 99
33 t 94
34 t 16
35 t 41
36 t 90
37 t 96
38 t 46
39 t 100
40 t 85
41 t 83
42 t 64
43 t 16
44 t 49
45 t 40
46 t 40
47 t 22
48 t 60
49 t 46
50 t 35
51 t 16
52 t 66
53 t 35
54 t 67
55 t 22
56 t 87
57 t 76
58 t 12
59 t 26
60 t 37
61 t 38
62 t 69
63 t 33
64 t 50
65 t 29
66 t 98
67 t 75
68 t 18
69 t 65
70 t 66
71 t 68
72 t 78
73 t 89
74 t 79
75 t 89
76 t 51
77 t 55
78 t 41
79 t 85
80 t 86
81 t 48
82 t 49
83 t 73
84 t 74
85 t 14
86 t 76
87 t 31
88 t 65
89 t 68
90 t 94
91 t 7
92 t 33
93 t 68
94 t 19
95 t 64
96 t 39
97 t 22
98 t 84
