s 1 100
s 2 84
s 3 83
s 4 98
s 5 83
s 6 98
s 7 92
s 8 97
s 9 95
s 10 86
s 11 88
s 12 93
s 13 95
s 14 86
s 15 85
s 16 84
s 17 95
s 18 88
s 19 98
s 20 87
s 21 99
s 22 92
s 23 83
s 24 86
s 25 92
s 26 100
s 27 81
s 28 99
s 29 86
s 30 96
s 31 92
s 32 83
s 33 95
s 34 90
s 35 100
s 36 81
s 37 95
s 38 81
s 39 91
s 40 91
s 41 81
s 42 100
s 43 86
s 44 89
s 45 80
s 46 90
s 47 92
s 48 94
s 49 96
s 50 94
s 51 99
s 52 88
s 53 86
s 54 97
s 55 89
s 56 96
s 57 95
s 58 86
s 59 94
s 60 90
s 61 95
s 62 91
s 63 86
s 64 91
s 65 94
s 66 97
s 67 84
s 68 97
s 69 88
s 70 92
s 71 92
s 72 86
s 73 94
s 74 85
s 75 97
s 76 92
s 77 92
s 78 92
s 79 98
s 80 84
s 81 99
s 82 98
s 83 100
s 84 88
s 85 91
s 86 97
s 87 100
s 88 93
s 89 91
s 90 84
s 91 89
s 92 81
s 93 84
s 94 84
s 95 100
s 96 93
s 97 100
s 98 90
s 99 95
1 2 87
1 3 95
1 4 93
1 5 86
1 6 88
1 7 81
1 8 98
1 9 96
1 10 99
1 11 89
1 12 81
1 13 100
1 14 80
1 15 95
1 16 93
1 17 95
1 18 93
1 19 94
1 20 90
1 21 81
1 22 86
1 23 89
1 24 85
1 25 88
1 26 81
1 27 89
1 28 86
1 29 91
1 30 100
1 31 87
1 32 94
1 33 88
1 34 80
1 35 85
1 36 98
1 37 99
1 38 83
1 39 94
1 40 84
1 41 81
1 42 81
1 43 94
1 44 93
1 45 85
1 46 80
1 47 87
1 48 95
1 49 81
1 50 82
1 51 91
1 52 88
1 53 80
1 54 95
1 55 91
1 56 89
1 57 96
1 58 97
1 59 80
1 60 81
1 61 80
1 62 95
1 63 81
1 64 99
1 65 92
1 66 80
1 67 97
1 68 86
1 69 92
1 70 98
1 71 88
1 72 80
1 73 85
1 74 93
1 75 83
1 76 84
1 77 81
1 78 85
1 79 86
1 80 98
1 81 97
1 82 86
1 83 84
1 84 91
1 85 81
1 86 91
1 87 82
1 88 80
1 89 87
1 90 98
1 91 87
1 92 86
1 93 91
1 94 100
1 95 86
1 96 95
1 97 88
1 98 100
1 99 93
2 1 87
2 3 86
2 4 85
2 5 86
2 6 84
2 7 88
2 8 86
2 9 84
2 10 100
2 11 95
2 12 98
2 13 90
2 14 99
2 15 91
2 16 92
2 17 80
2 18 81
2 19 80
2 20 89
2 21 99
2 22 90
2 23 86
2 24 92
2 25 80
2 26 99
2 27 97
2 28 94
2 29 91
2 30 98
2 31 89
2 32 93
2 33 95
2 34 87
2 35 100
2 36 97
2 37 80
2 38 92
2 39 88
2 40 87
2 41 91
2 42 89
2 43 96
2 44 95
2 45 84
2 46 95
2 47 83
2 48 80
2 49 95
2 50 92
2 51 90
2 52 84
2 53 85
2 54 94
2 55 87
2 56 92
2 57 80
2 58 95
2 59 86
2 60 82
2 61 90
2 62 98
2 63 93
2 64 82
2 65 83
2 66 98
2 67 85
2 68 94
2 69 87
2 70 96
2 71 86
2 72 84
2 73 99
2 74 90
2 75 98
2 76 87
2 77 93
2 78 92
2 79 100
2 80 80
2 81 93
2 82 100
2 83 82
2 84 84
2 85 87
2 86 91
2 87 90
2 88 89
2 89 87
2 90 86
2 91 81
2 92 87
2 93 82
2 94 97
2 95 83
2 96 87
2 97 96
2 98 80
2 99 82
3 1 95
3 2 86
3 4 88
3 5 84
3 6 81
3 7 100
3 8 86
3 9 95
3 10 100
3 11 82
3 12 87
3 13 94
3 14 90
3 15 100
3 16 85
3 17 87
3 18 95
3 19 94
3 20 85
3 21 81
3 22 90
3 23 82
3 24 100
3 25 83
3 26 89
3 27 90
3 28 81
3 29 92
3 30 96
3 31 96
3 32 93
3 33 95
3 34 87
3 35 95
3 36 97
3 37 97
3 38 85
3 39 81
3 40 80
3 41 86
3 42 86
3 43 85
3 44 87
3 45 80
3 46 98
3 47 93
3 48 84
3 49 85
3 50 91
3 51 89
3 52 88
3 53 94
3 54 90
3 55 100
3 56 88
3 57 88
3 58 83
3 59 91
3 60 99
3 61 82
3 62 91
3 63 81
3 64 81
3 65 81
3 66 87
3 67 86
3 68 86
3 69 96
3 70 89
3 71 98
3 72 91
3 73 87
3 74 88
3 75 85
3 76 91
3 77 93
3 78 89
3 79 99
3 80 90
3 81 99
3 82 86
3 83 95
3 84 94
3 85 95
3 86 80
3 87 91
3 88 87
3 89 87
3 90 88
3 91 85
3 92 81
3 93 84
3 94 90
3 95 80
3 96 92
3 97 83
3 98 82
3 99 80
4 1 93
4 2 85
4 3 88
4 5 94
4 6 86
4 7 82
4 8 100
4 9 98
4 10 85
4 11 100
4 12 92
4 13 99
4 14 94
4 15 80
4 16 93
4 17 91
4 18 91
4 19 95
4 20 93
4 21 81
4 22 92
4 23 95
4 24 100
4 25 86
4 26 100
4 27 84
4 28 85
4 29 85
4 30 90
4 31 96
4 32 86
4 33 96
4 34 80
4 35 84
4 36 89
4 37 88
4 38 89
4 39 100
4 40 92
4 41 98
4 42 92
4 43 98
4 44 87
4 45 98
4 46 92
4 47 81
4 48 97
4 49 85
4 50 83
4 51 95
4 52 100
4 53 85
4 54 95
4 55 94
4 56 80
4 57 97
4 58 99
4 59 80
4 60 81
4 61 81
4 62 96
4 63 94
4 64 82
4 65 90
4 66 97
4 67 89
4 68 84
4 69 98
4 70 96
4 71 92
4 72 81
4 73 96
4 74 89
4 75 94
4 76 81
4 77 91
4 78 90
4 79 99
4 80 85
4 81 84
4 82 94
4 83 91
4 84 100
4 85 87
4 86 82
4 87 99
4 88 85
4 89 96
4 90 85
4 91 80
4 92 95
4 93 93
4 94 89
4 95 99
4 96 91
4 97 92
4 98 85
4 99 94
5 1 86
5 2 86
5 3 84
5 4 94
5 6 83
5 7 81
5 8 95
5 9 96
5 10 85
5 11 90
5 12 86
5 13 83
5 14 91
5 15 93
5 16 97
5 17 90
5 18 94
5 19 94
5 20 94
5 21 100
5 22 82
5 23 87
5 24 96
5 25 100
5 26 99
5 27 89
5 28 80
5 29 95
5 30 84
5 31 94
5 32 81
5 33 84
5 34 89
5 35 96
5 36 87
5 37 92
5 38 90
5 39 100
5 40 90
5 41 100
5 42 88
5 43 94
5 44 93
5 45 80
5 46 91
5 47 82
5 48 84
5 49 95
5 50 84
5 51 99
5 52 95
5 53 84
5 54 100
5 55 94
5 56 96
5 57 99
5 58 96
5 59 97
5 60 80
5 61 88
5 62 93
5 63 91
5 64 98
5 65 88
5 66 100
5 67 91
5 68 88
5 69 80
5 70 81
5 71 91
5 72 91
5 73 82
5 74 92
5 75 98
5 76 84
5 77 80
5 78 99
5 79 86
5 80 90
5 81 93
5 82 88
5 83 95
5 84 96
5 85 98
5 86 100
5 87 89
5 88 87
5 89 100
5 90 97
5 91 82
5 92 91
5 93 85
5 94 88
5 95 84
5 96 94
5 97 85
5 98 91
5 99 98
6 1 88
6 2 84
6 3 81
6 4 86
6 5 83
6 7 90
6 8 81
6 9 91
6 10 94
6 11 90
6 12 99
6 13 98
6 14 86
6 15 93
6 16 94
6 17 81
6 18 100
6 19 86
6 20 85
6 21 95
6 22 86
6 23 93
6 24 88
6 25 99
6 26 98
6 27 86
6 28 86
6 29 93
6 30 84
6 31 97
6 32 82
6 33 92
6 34 95
6 35 87
6 36 92
6 37 82
6 38 85
6 39 99
6 40 90
6 41 90
6 42 97
6 43 87
6 44 92
6 45 100
6 46 96
6 47 91
6 48 99
6 49 100
6 50 87
6 51 95
6 52 91
6 53 84
6 54 80
6 55 84
6 56 92
6 57 91
6 58 84
6 59 95
6 60 93
6 61 87
6 62 89
6 63 95
6 64 86
6 65 86
6 66 94
6 67 87
6 68 83
6 69 88
6 70 82
6 71 89
6 72 82
6 73 87
6 74 83
6 75 98
6 76 87
6 77 88
6 78 95
6 79 92
6 80 86
6 81 96
6 82 85
6 83 90
6 84 89
6 85 90
6 86 97
6 87 82
6 88 91
6 89 97
6 90 85
6 91 81
6 92 87
6 93 98
6 94 85
6 95 88
6 96 100
6 97 88
6 98 96
6 99 90
7 1 81
7 2 88
7 3 100
7 4 82
7 5 81
7 6 90
7 8 86
7 9 93
7 10 90
7 11 95
7 12 90
7 13 97
7 14 92
7 15 92
7 16 99
7 17 86
7 18 88
7 19 87
7 20 80
7 21 96
7 22 99
7 23 88
7 24 88
7 25 90
7 26 80
7 27 87
7 28 95
7 29 97
7 30 90
7 31 86
7 32 99
7 33 92
7 34 96
7 35 92
7 36 94
7 37 89
7 38 92
7 39 97
7 40 90
7 41 85
7 42 85
7 43 85
7 44 89
7 45 98
7 46 81
7 47 83
7 48 83
7 49 91
7 50 82
7 51 81
7 52 91
7 53 84
7 54 81
7 55 97
7 56 88
7 57 100
7 58 85
7 59 96
7 60 91
7 61 96
7 62 96
7 63 81
7 64 98
7 65 89
7 66 93
7 67 87
7 68 97
7 69 95
7 70 97
7 71 96
7 72 88
7 73 96
7 74 95
7 75 88
7 76 83
7 77 83
7 78 100
7 79 90
7 80 90
7 81 91
7 82 80
7 83 98
7 84 80
7 85 93
7 86 88
7 87 87
7 88 99
7 89 94
7 90 98
7 91 89
7 92 88
7 93 95
7 94 93
7 95 83
7 96 91
7 97 80
7 98 81
7 99 88
8 1 98
8 2 86
8 3 86
8 4 100
8 5 95
8 6 81
8 7 86
8 9 100
8 10 95
8 11 93
8 12 94
8 13 82
8 14 82
8 15 97
8 16 93
8 17 83
8 18 88
8 19 100
8 20 93
8 21 96
8 22 98
8 23 100
8 24 85
8 25 87
8 26 86
8 27 94
8 28 83
8 29 91
8 30 88
8 31 100
8 32 91
8 33 90
8 34 91
8 35 81
8 36 96
8 37 90
8 38 99
8 39 92
8 40 94
8 41 82
8 42 97
8 43 94
8 44 87
8 45 88
8 46 98
8 47 81
8 48 95
8 49 81
8 50 98
8 51 85
8 52 85
8 53 88
8 54 86
8 55 94
8 56 100
8 57 86
8 58 90
8 59 87
8 60 90
8 61 82
8 62 87
8 63 89
8 64 85
8 65 81
8 66 82
8 67 80
8 68 85
8 69 98
8 70 97
8 71 82
8 72 98
8 73 99
8 74 81
8 75 100
8 76 82
8 77 92
8 78 80
8 79 96
8 80 98
8 81 90
8 82 81
8 83 91
8 84 93
8 85 85
8 86 91
8 87 100
8 88 83
8 89 91
8 90 84
8 91 83
8 92 91
8 93 83
8 94 93
8 95 87
8 96 87
8 97 90
8 98 88
8 99 95
9 1 96
9 2 84
9 3 95
9 4 98
9 5 96
9 6 91
9 7 93
9 8 100
9 10 90
9 11 81
9 12 89
9 13 96
9 14 88
9 15 92
9 16 81
9 17 90
9 18 88
9 19 88
9 20 85
9 21 92
9 22 84
9 23 94
9 24 100
9 25 99
9 26 89
9 27 85
9 28 84
9 29 83
9 30 90
9 31 84
9 32 86
9 33 96
9 34 80
9 35 96
9 36 86
9 37 96
9 38 81
9 39 99
9 40 85
9 41 88
9 42 91
9 43 97
9 44 93
9 45 95
9 46 82
9 47 80
9 48 81
9 49 96
9 50 85
9 51 85
9 52 80
9 53 87
9 54 82
9 55 91
9 56 86
9 57 82
9 58 89
9 59 93
9 60 97
9 61 88
9 62 89
9 63 96
9 64 93
9 65 83
9 66 98
9 67 93
9 68 93
9 69 85
9 70 90
9 71 95
9 72 94
9 73 82
9 74 100
9 75 81
9 76 91
9 77 83
9 78 95
9 79 99
9 80 89
9 81 87
9 82 96
9 83 97
9 84 81
9 85 88
9 86 91
9 87 98
9 88 96
9 89 86
9 90 85
9 91 96
9 92 98
9 93 83
9 94 97
9 95 95
9 96 90
9 97 86
9 98 87
9 99 90
10 1 99
10 2 100
10 3 100
10 4 85
10 5 85
10 6 94
10 7 90
10 8 95
10 9 90
10 11 85
10 12 86
10 13 81
10 14 80
10 15 84
10 16 83
10 17 88
10 18 97
10 19 99
10 20 82
10 21 95
10 22 90
10 23 99
10 24 87
10 25 97
10 26 89
10 27 88
10 28 86
10 29 90
10 30 91
10 31 100
10 32 83
10 33 96
10 34 100
10 35 88
10 36 80
10 37 85
10 38 80
10 39 94
10 40 86
10 41 84
10 42 80
10 43 91
10 44 99
10 45 94
10 46 87
10 47 91
10 48 98
10 49 82
10 50 87
10 51 80
10 52 84
10 53 82
10 54 97
10 55 82
10 56 86
10 57 83
10 58 86
10 59 100
10 60 89
10 61 98
10 62 96
10 63 80
10 64 89
10 65 96
10 66 80
10 67 97
10 68 85
10 69 80
10 70 81
10 71 91
10 72 87
10 73 80
10 74 99
10 75 92
10 76 93
10 77 82
10 78 80
10 79 89
10 80 100
10 81 80
10 82 100
10 83 86
10 84 100
10 85 84
10 86 86
10 87 89
10 88 99
10 89 95
10 90 94
10 91 89
10 92 83
10 93 94
10 94 96
10 95 89
10 96 82
10 97 88
10 98 89
10 99 81
11 1 89
11 2 95
11 3 82
11 4 100
11 5 90
11 6 90
11 7 95
11 8 93
11 9 81
11 10 85
11 12 80
11 13 92
11 14 84
11 15 95
11 16 100
11 17 87
11 18 88
11 19 83
11 20 86
11 21 98
11 22 94
11 23 85
11 24 97
11 25 88
11 26 80
11 27 97
11 28 88
11 29 86
11 30 100
11 31 99
11 32 87
11 33 82
11 34 87
11 35 95
11 36 91
11 37 94
11 38 92
11 39 83
11 40 81
11 41 83
11 42 95
11 43 97
11 44 95
11 45 88
11 46 100
11 47 93
11 48 85
11 49 80
11 50 95
11 51 86
11 52 80
11 53 88
11 54 92
11 55 96
11 56 92
11 57 97
11 58 80
11 59 98
11 60 99
11 61 88
11 62 89
11 63 88
11 64 90
11 65 97
11 66 83
11 67 96
11 68 98
11 69 88
11 70 82
11 71 82
11 72 94
11 73 85
11 74 86
11 75 84
11 76 92
11 77 99
11 78 96
11 79 100
11 80 86
11 81 96
11 82 86
11 83 92
11 84 94
11 85 97
11 86 100
11 87 86
11 88 95
11 89 86
11 90 87
11 91 98
11 92 94
11 93 80
11 94 89
11 95 90
11 96 95
11 97 83
11 98 88
11 99 95
12 1 81
12 2 98
12 3 87
12 4 92
12 5 86
12 6 99
12 7 90
12 8 94
12 9 89
12 10 86
12 11 80
12 13 85
12 14 96
12 15 100
12 16 98
12 17 84
12 18 86
12 19 85
12 20 98
12 21 98
12 22 80
12 23 94
12 24 83
12 25 90
12 26 99
12 27 87
12 28 95
12 29 80
12 30 89
12 31 90
12 32 85
12 33 98
12 34 89
12 35 83
12 36 86
12 37 97
12 38 90
12 39 99
12 40 82
12 41 92
12 42 95
12 43 88
12 44 81
12 45 85
12 46 95
12 47 96
12 48 91
12 49 93
12 50 91
12 51 81
12 52 100
12 53 92
12 54 90
12 55 95
12 56 82
12 57 85
12 58 87
12 59 80
12 60 93
12 61 93
12 62 94
12 63 90
12 64 95
12 65 86
12 66 91
12 67 98
12 68 98
12 69 84
12 70 96
12 71 97
12 72 97
12 73 81
12 74 89
12 75 96
12 76 100
12 77 87
12 78 82
12 79 86
12 80 91
12 81 100
12 82 82
12 83 93
12 84 100
12 85 91
12 86 100
12 87 90
12 88 90
12 89 99
12 90 85
12 91 82
12 92 91
12 93 92
12 94 96
12 95 83
12 96 83
12 97 92
12 98 83
12 99 91
13 1 100
13 2 90
13 3 94
13 4 99
13 5 83
13 6 98
13 7 97
13 8 82
13 9 96
13 10 81
13 11 92
13 12 85
13 14 83
13 15 91
13 16 88
13 17 100
13 18 85
13 19 92
13 20 96
13 21 94
13 22 88
13 23 96
13 24 80
13 25 90
13 26 94
13 27 90
13 28 81
13 29 91
13 30 83
13 31 90
13 32 95
13 33 95
13 34 100
13 35 84
13 36 99
13 37 84
13 38 98
13 39 100
13 40 89
13 41 93
13 42 94
13 43 91
13 44 86
13 45 84
13 46 87
13 47 85
13 48 81
13 49 93
13 50 80
13 51 84
13 52 100
13 53 99
13 54 86
13 55 80
13 56 82
13 57 100
13 58 83
13 59 94
13 60 80
13 61 84
13 62 93
13 63 93
13 64 94
13 65 95
13 66 87
13 67 100
13 68 81
13 69 88
13 70 88
13 71 82
13 72 80
13 73 94
13 74 91
13 75 86
13 76 90
13 77 99
13 78 88
13 79 94
13 80 83
13 81 94
13 82 100
13 83 83
13 84 88
13 85 97
13 86 81
13 87 99
13 88 84
13 89 98
13 90 90
13 91 92
13 92 86
13 93 92
13 94 86
13 95 98
13 96 88
13 97 84
13 98 92
13 99 80
14 1 80
14 2 99
14 3 90
14 4 94
14 5 91
14 6 86
14 7 92
14 8 82
14 9 88
14 10 80
14 11 84
14 12 96
14 13 83
14 15 96
14 16 81
14 17 91
14 18 81
14 19 82
14 20 81
14 21 88
14 22 98
14 23 92
14 24 82
14 25 85
14 26 83
14 27 97
14 28 82
14 29 97
14 30 97
14 31 95
14 32 92
14 33 100
14 34 90
14 35 81
14 36 98
14 37 100
14 38 91
14 39 95
14 40 80
14 41 96
14 42 99
14 43 92
14 44 83
14 45 80
14 46 87
14 47 85
14 48 86
14 49 82
14 50 90
14 51 94
14 52 85
14 53 91
14 54 85
14 55 100
14 56 89
14 57 91
14 58 93
14 59 83
14 60 85
14 61 84
14 62 90
14 63 80
14 64 87
14 65 97
14 66 95
14 67 91
14 68 87
14 69 94
14 70 100
14 71 88
14 72 93
14 73 92
14 74 91
14 75 82
14 76 97
14 77 89
14 78 85
14 79 88
14 80 80
14 81 93
14 82 97
14 83 84
14 84 83
14 85 92
14 86 100
14 87 98
14 88 82
14 89 98
14 90 91
14 91 86
14 92 91
14 93 99
14 94 88
14 95 87
14 96 100
14 97 92
14 98 96
14 99 99
15 1 95
15 2 91
15 3 100
15 4 80
15 5 93
15 6 93
15 7 92
15 8 97
15 9 92
15 10 84
15 11 95
15 12 100
15 13 91
15 14 96
15 16 95
15 17 82
15 18 84
15 19 100
15 20 93
15 21 91
15 22 97
15 23 83
15 24 94
15 25 84
15 26 87
15 27 96
15 28 98
15 29 94
15 30 82
15 31 92
15 32 86
15 33 83
15 34 84
15 35 82
15 36 85
15 37 88
15 38 86
15 39 84
15 40 95
15 41 100
15 42 95
15 43 97
15 44 84
15 45 94
15 46 93
15 47 96
15 48 88
15 49 84
15 50 85
15 51 99
15 52 96
15 53 80
15 54 100
15 55 86
15 56 80
15 57 90
15 58 91
15 59 83
15 60 100
15 61 88
15 62 83
15 63 91
15 64 92
15 65 84
15 66 100
15 67 85
15 68 97
15 69 99
15 70 97
15 71 87
15 72 97
15 73 83
15 74 97
15 75 84
15 76 91
15 77 81
15 78 88
15 79 82
15 80 97
15 81 81
15 82 98
15 83 90
15 84 83
15 85 95
15 86 92
15 87 96
15 88 97
15 89 100
15 90 87
15 91 86
15 92 87
15 93 93
15 94 99
15 95 90
15 96 91
15 97 80
15 98 82
15 99 81
16 1 93
16 2 92
16 3 85
16 4 93
16 5 97
16 6 94
16 7 99
16 8 93
16 9 81
16 10 83
16 11 100
16 12 98
16 13 88
16 14 81
16 15 95
16 17 87
16 18 90
16 19 100
16 20 84
16 21 80
16 22 80
16 23 90
16 24 94
16 25 93
16 26 88
16 27 97
16 28 92
16 29 92
16 30 93
16 31 93
16 32 89
16 33 100
16 34 100
16 35 84
16 36 84
16 37 98
16 38 90
16 39 81
16 40 97
16 41 95
16 42 96
16 43 85
16 44 100
16 45 81
16 46 100
16 47 86
16 48 80
16 49 89
16 50 86
16 51 93
16 52 82
16 53 83
16 54 84
16 55 89
16 56 97
16 57 87
16 58 80
16 59 80
16 60 98
16 61 92
16 62 100
16 63 90
16 64 87
16 65 95
16 66 96
16 67 94
16 68 94
16 69 90
16 70 94
16 71 100
16 72 85
16 73 84
16 74 100
16 75 85
16 76 80
16 77 100
16 78 84
16 79 90
16 80 88
16 81 81
16 82 83
16 83 96
16 84 100
16 85 95
16 86 90
16 87 80
16 88 89
16 89 83
16 90 97
16 91 91
16 92 90
16 93 94
16 94 86
16 95 94
16 96 80
16 97 89
16 98 94
16 99 89
17 1 95
17 2 80
17 3 87
17 4 91
17 5 90
17 6 81
17 7 86
17 8 83
17 9 90
17 10 88
17 11 87
17 12 84
17 13 100
17 14 91
17 15 82
17 16 87
17 18 82
17 19 93
17 20 84
17 21 82
17 22 81
17 23 84
17 24 80
17 25 91
17 26 89
17 27 87
17 28 99
17 29 84
17 30 98
17 31 86
17 32 93
17 33 88
17 34 88
17 35 85
17 36 85
17 37 95
17 38 85
17 39 93
17 40 97
17 41 95
17 42 99
17 43 99
17 44 91
17 45 90
17 46 85
17 47 92
17 48 91
17 49 98
17 50 94
17 51 82
17 52 99
17 53 84
17 54 88
17 55 87
17 56 90
17 57 83
17 58 87
17 59 82
17 60 86
17 61 93
17 62 80
17 63 100
17 64 93
17 65 88
17 66 99
17 67 88
17 68 87
17 69 95
17 70 82
17 71 84
17 72 97
17 73 88
17 74 88
17 75 80
17 76 90
17 77 89
17 78 86
17 79 87
17 80 96
17 81 83
17 82 84
17 83 88
17 84 97
17 85 85
17 86 92
17 87 89
17 88 91
17 89 89
17 90 87
17 91 89
17 92 88
17 93 90
17 94 95
17 95 86
17 96 90
17 97 94
17 98 83
17 99 86
18 1 93
18 2 81
18 3 95
18 4 91
18 5 94
18 6 100
18 7 88
18 8 88
18 9 88
18 10 97
18 11 88
18 12 86
18 13 85
18 14 81
18 15 84
18 16 90
18 17 82
18 19 88
18 20 81
18 21 88
18 22 95
18 23 90
18 24 85
18 25 89
18 26 96
18 27 85
18 28 93
18 29 82
18 30 94
18 31 97
18 32 100
18 33 91
18 34 96
18 35 98
18 36 89
18 37 87
18 38 92
18 39 80
18 40 84
18 41 90
18 42 81
18 43 91
18 44 82
18 45 82
18 46 97
18 47 99
18 48 99
18 49 82
18 50 100
18 51 81
18 52 95
18 53 89
18 54 81
18 55 86
18 56 81
18 57 93
18 58 85
18 59 97
18 60 97
18 61 97
18 62 100
18 63 97
18 64 86
18 65 83
18 66 95
18 67 90
18 68 99
18 69 98
18 70 86
18 71 84
18 72 85
18 73 87
18 74 85
18 75 92
18 76 82
18 77 83
18 78 95
18 79 87
18 80 95
18 81 85
18 82 99
18 83 84
18 84 92
18 85 80
18 86 93
18 87 82
18 88 88
18 89 86
18 90 81
18 91 99
18 92 95
18 93 89
18 94 100
18 95 100
18 96 99
18 97 82
18 98 84
18 99 86
19 1 94
19 2 80
19 3 94
19 4 95
19 5 94
19 6 86
19 7 87
19 8 100
19 9 88
19 10 99
19 11 83
19 12 85
19 13 92
19 14 82
19 15 100
19 16 100
19 17 93
19 18 88
19 20 87
19 21 91
19 22 81
19 23 85
19 24 91
19 25 86
19 26 86
19 27 100
19 28 82
19 29 91
19 30 92
19 31 83
19 32 90
19 33 93
19 34 83
19 35 95
19 36 96
19 37 93
19 38 99
19 39 87
19 40 86
19 41 84
19 42 97
19 43 96
19 44 86
19 45 83
19 46 80
19 47 90
19 48 90
19 49 97
19 50 90
19 51 89
19 52 97
19 53 96
19 54 88
19 55 96
19 56 93
19 57 91
19 58 80
19 59 90
19 60 87
19 61 83
19 62 92
19 63 98
19 64 95
19 65 100
19 66 86
19 67 89
19 68 98
19 69 95
19 70 100
19 71 80
19 72 87
19 73 90
19 74 99
19 75 85
19 76 89
19 77 91
19 78 82
19 79 87
19 80 84
19 81 80
19 82 99
19 83 95
19 84 92
19 85 99
19 86 86
19 87 92
19 88 99
19 89 88
19 90 85
19 91 99
19 92 90
19 93 85
19 94 84
19 95 90
19 96 99
19 97 97
19 98 89
19 99 83
20 1 90
20 2 89
20 3 85
20 4 93
20 5 94
20 6 85
20 7 80
20 8 93
20 9 85
20 10 82
20 11 86
20 12 98
20 13 96
20 14 81
20 15 93
20 16 84
20 17 84
20 18 81
20 19 87
20 21 85
20 22 81
20 23 80
20 24 86
20 25 96
20 26 100
20 27 100
20 28 84
20 29 87
20 30 97
20 31 87
20 32 87
20 33 93
20 34 80
20 35 81
20 36 84
20 37 88
20 38 87
20 39 81
20 40 84
20 41 99
20 42 93
20 43 98
20 44 97
20 45 89
20 46 85
20 47 96
20 48 87
20 49 94
20 50 85
20 51 85
20 52 95
20 53 83
20 54 99
20 55 97
20 56 86
20 57 97
20 58 81
20 59 96
20 60 89
20 61 95
20 62 92
20 63 93
20 64 80
20 65 98
20 66 80
20 67 85
20 68 90
20 69 99
20 70 84
20 71 92
20 72 86
20 73 99
20 74 98
20 75 87
20 76 98
20 77 100
20 78 86
20 79 99
20 80 98
20 81 94
20 82 89
20 83 85
20 84 95
20 85 100
20 86 88
20 87 85
20 88 90
20 89 100
20 90 100
20 91 93
20 92 88
20 93 98
20 94 100
20 95 100
20 96 87
20 97 94
20 98 93
20 99 91
21 1 81
21 2 99
21 3 81
21 4 81
21 5 100
21 6 95
21 7 96
21 8 96
21 9 92
21 10 95
21 11 98
21 12 98
21 13 94
21 14 88
21 15 91
21 16 80
21 17 82
21 18 88
21 19 91
21 20 85
21 22 97
21 23 83
21 24 86
21 25 87
21 26 86
21 27 81
21 28 97
21 29 83
21 30 89
21 31 100
21 32 96
21 33 98
21 34 87
21 35 88
21 36 87
21 37 99
21 38 94
21 39 88
21 40 95
21 41 85
21 42 80
21 43 88
21 44 97
21 45 82
21 46 94
21 47 87
21 48 86
21 49 82
21 50 88
21 51 92
21 52 86
21 53 85
21 54 98
21 55 91
21 56 86
21 57 98
21 58 99
21 59 88
21 60 83
21 61 85
21 62 80
21 63 87
21 64 88
21 65 100
21 66 80
21 67 84
21 68 86
21 69 81
21 70 86
21 71 97
21 72 94
21 73 97
21 74 98
21 75 83
21 76 90
21 77 83
21 78 98
21 79 89
21 80 83
21 81 94
21 82 83
21 83 84
21 84 85
21 85 86
21 86 85
21 87 88
21 88 90
21 89 98
21 90 97
21 91 87
21 92 89
21 93 89
21 94 94
21 95 86
21 96 92
21 97 90
21 98 89
21 99 82
22 1 86
22 2 90
22 3 90
22 4 92
22 5 82
22 6 86
22 7 99
22 8 98
22 9 84
22 10 90
22 11 94
22 12 80
22 13 88
22 14 98
22 15 97
22 16 80
22 17 81
22 18 95
22 19 81
22 20 81
22 21 97
22 23 95
22 24 93
22 25 82
22 26 99
22 27 81
22 28 87
22 29 86
22 30 86
22 31 85
22 32 99
22 33 87
22 34 80
22 35 100
22 36 87
22 37 88
22 38 82
22 39 81
22 40 85
22 41 83
22 42 99
22 43 93
22 44 81
22 45 83
22 46 87
22 47 84
22 48 87
22 49 90
22 50 100
22 51 88
22 52 96
22 53 90
22 54 80
22 55 85
22 56 89
22 57 87
22 58 87
22 59 93
22 60 92
22 61 86
22 62 98
22 63 87
22 64 98
22 65 95
22 66 97
22 67 94
22 68 90
22 69 93
22 70 93
22 71 95
22 72 94
22 73 98
22 74 98
22 75 92
22 76 90
22 77 89
22 78 87
22 79 86
22 80 83
22 81 96
22 82 83
22 83 92
22 84 84
22 85 88
22 86 84
22 87 100
22 88 90
22 89 82
22 90 90
22 91 97
22 92 81
22 93 98
22 94 100
22 95 82
22 96 89
22 97 99
22 98 98
22 99 87
23 1 89
23 2 86
23 3 82
23 4 95
23 5 87
23 6 93
23 7 88
23 8 100
23 9 94
23 10 99
23 11 85
23 12 94
23 13 96
23 14 92
23 15 83
23 16 90
23 17 84
23 18 90
23 19 85
23 20 80
23 21 83
23 22 95
23 24 90
23 25 88
23 26 88
23 27 88
23 28 89
23 29 96
23 30 86
23 31 91
23 32 82
23 33 84
23 34 81
23 35 92
23 36 96
23 37 83
23 38 87
23 39 82
23 40 88
23 41 85
23 42 81
23 43 87
23 44 85
23 45 83
23 46 98
23 47 83
23 48 97
23 49 88
23 50 96
23 51 88
23 52 85
23 53 80
23 54 90
23 55 96
23 56 95
23 57 88
23 58 87
23 59 94
23 60 87
23 61 92
23 62 85
23 63 85
23 64 95
23 65 86
23 66 82
23 67 83
23 68 86
23 69 94
23 70 97
23 71 82
23 72 98
23 73 91
23 74 84
23 75 96
23 76 81
23 77 94
23 78 92
23 79 91
23 80 95
23 81 86
23 82 92
23 83 93
23 84 87
23 85 87
23 86 87
23 87 96
23 88 80
23 89 99
23 90 83
23 91 95
23 92 99
23 93 100
23 94 89
23 95 92
23 96 91
23 97 95
23 98 99
23 99 84
24 1 85
24 2 92
24 3 100
24 4 100
24 5 96
24 6 88
24 7 88
24 8 85
24 9 100
24 10 87
24 11 97
24 12 83
24 13 80
24 14 82
24 15 94
24 16 94
24 17 80
24 18 85
24 19 91
24 20 86
24 21 86
24 22 93
24 23 90
24 25 91
24 26 84
24 27 95
24 28 83
24 29 90
24 30 86
24 31 95
24 32 88
24 33 96
24 34 87
24 35 91
24 36 86
24 37 93
24 38 95
24 39 87
24 40 100
24 41 90
24 42 81
24 43 100
24 44 95
24 45 93
24 46 87
24 47 96
24 48 94
24 49 92
24 50 90
24 51 96
24 52 94
24 53 82
24 54 89
24 55 99
24 56 97
24 57 94
24 58 87
24 59 99
24 60 91
24 61 91
24 62 81
24 63 95
24 64 84
24 65 83
24 66 90
24 67 82
24 68 90
24 69 100
24 70 87
24 71 86
24 72 100
24 73 90
24 74 88
24 75 89
24 76 97
24 77 88
24 78 91
24 79 82
24 80 82
24 81 82
24 82 96
24 83 90
24 84 100
24 85 93
24 86 91
24 87 95
24 88 87
24 89 86
24 90 89
24 91 93
24 92 94
24 93 86
24 94 100
24 95 86
24 96 88
24 97 92
24 98 80
24 99 100
25 1 88
25 2 80
25 3 83
25 4 86
25 5 100
25 6 99
25 7 90
25 8 87
25 9 99
25 10 97
25 11 88
25 12 90
25 13 90
25 14 85
25 15 84
25 16 93
25 17 91
25 18 89
25 19 86
25 20 96
25 21 87
25 22 82
25 23 88
25 24 91
25 26 92
25 27 90
25 28 99
25 29 93
25 30 99
25 31 86
25 32 88
25 33 97
25 34 86
25 35 100
25 36 100
25 37 87
25 38 80
25 39 88
25 40 85
25 41 81
25 42 89
25 43 92
25 44 88
25 45 82
25 46 90
25 47 84
25 48 92
25 49 85
25 50 89
25 51 89
25 52 96
25 53 89
25 54 96
25 55 88
25 56 91
25 57 99
25 58 100
25 59 91
25 60 100
25 61 82
25 62 98
25 63 97
25 64 91
25 65 97
25 66 90
25 67 87
25 68 82
25 69 86
25 70 85
25 71 97
25 72 80
25 73 87
25 74 83
25 75 83
25 76 84
25 77 87
25 78 82
25 79 85
25 80 82
25 81 80
25 82 85
25 83 89
25 84 98
25 85 97
25 86 84
25 87 81
25 88 86
25 89 100
25 90 81
25 91 98
25 92 86
25 93 80
25 94 92
25 95 99
25 96 88
25 97 99
25 98 88
25 99 81
26 1 81
26 2 99
26 3 89
26 4 100
26 5 99
26 6 98
26 7 80
26 8 86
26 9 89
26 10 89
26 11 80
26 12 99
26 13 94
26 14 83
26 15 87
26 16 88
26 17 89
26 18 96
26 19 86
26 20 100
26 21 86
26 22 99
26 23 88
26 24 84
26 25 92
26 27 80
26 28 99
26 29 92
26 30 84
26 31 97
26 32 85
26 33 81
26 34 81
26 35 81
26 36 89
26 37 100
26 38 86
26 39 94
26 40 86
26 41 80
26 42 94
26 43 94
26 44 82
26 45 96
26 46 83
26 47 86
26 48 100
26 49 99
26 50 82
26 51 80
26 52 97
26 53 81
26 54 86
26 55 84
26 56 85
26 57 83
26 58 94
26 59 87
26 60 88
26 61 99
26 62 98
26 63 85
26 64 96
26 65 96
26 66 95
26 67 86
26 68 85
26 69 80
26 70 85
26 71 90
26 72 97
26 73 98
26 74 89
26 75 90
26 76 98
26 77 87
26 78 82
26 79 87
26 80 84
26 81 85
26 82 90
26 83 91
26 84 93
26 85 95
26 86 90
26 87 85
26 88 99
26 89 81
26 90 80
26 91 98
26 92 89
26 93 82
26 94 93
26 95 99
26 96 80
26 97 90
26 98 92
26 99 98
27 1 89
27 2 97
27 3 90
27 4 84
27 5 89
27 6 86
27 7 87
27 8 94
27 9 85
27 10 88
27 11 97
27 12 87
27 13 90
27 14 97
27 15 96
27 16 97
27 17 87
27 18 85
27 19 100
27 20 100
27 21 81
27 22 81
27 23 88
27 24 95
27 25 90
27 26 80
27 28 91
27 29 100
27 30 83
27 31 86
27 32 90
27 33 99
27 34 89
27 35 85
27 36 87
27 37 88
27 38 96
27 39 98
27 40 83
27 41 80
27 42 98
27 43 84
27 44 98
27 45 93
27 46 90
27 47 82
27 48 87
27 49 100
27 50 89
27 51 92
27 52 87
27 53 97
27 54 95
27 55 99
27 56 90
27 57 85
27 58 90
27 59 99
27 60 97
27 61 95
27 62 88
27 63 83
27 64 82
27 65 85
27 66 85
27 67 92
27 68 80
27 69 84
27 70 88
27 71 82
27 72 97
27 73 88
27 74 89
27 75 86
27 76 100
27 77 99
27 78 87
27 79 90
27 80 87
27 81 94
27 82 97
27 83 80
27 84 86
27 85 100
27 86 88
27 87 90
27 88 98
27 89 95
27 90 97
27 91 93
27 92 99
27 93 83
27 94 87
27 95 90
27 96 90
27 97 91
27 98 97
27 99 99
28 1 86
28 2 94
28 3 81
28 4 85
28 5 80
28 6 86
28 7 95
28 8 83
28 9 84
28 10 86
28 11 88
28 12 95
28 13 81
28 14 82
28 15 98
28 16 92
28 17 99
28 18 93
28 19 82
28 20 84
28 21 97
28 22 87
28 23 89
28 24 83
28 25 99
28 26 99
28 27 91
28 29 93
28 30 95
28 31 97
28 32 80
28 33 91
28 34 97
28 35 94
28 36 92
28 37 97
28 38 91
28 39 98
28 40 88
28 41 96
28 42 94
28 43 96
28 44 86
28 45 100
28 46 98
28 47 98
28 48 99
28 49 86
28 50 85
28 51 88
28 52 91
28 53 82
28 54 80
28 55 84
28 56 95
28 57 91
28 58 84
28 59 88
28 60 98
28 61 97
28 62 82
28 63 95
28 64 83
28 65 91
28 66 90
28 67 97
28 68 85
28 69 100
28 70 82
28 71 94
28 72 99
28 73 99
28 74 80
28 75 82
28 76 97
28 77 86
28 78 87
28 79 84
28 80 88
28 81 82
28 82 97
28 83 96
28 84 85
28 85 90
28 86 99
28 87 93
28 88 99
28 89 83
28 90 93
28 91 91
28 92 85
28 93 94
28 94 93
28 95 87
28 96 100
28 97 99
28 98 94
28 99 90
29 1 91
29 2 91
29 3 92
29 4 85
29 5 95
29 6 93
29 7 97
29 8 91
29 9 83
29 10 90
29 11 86
29 12 80
29 13 91
29 14 97
29 15 94
29 16 92
29 17 84
29 18 82
29 19 91
29 20 87
29 21 83
29 22 86
29 23 96
29 24 90
29 25 93
29 26 92
29 27 100
29 28 93
29 30 96
29 31 98
29 32 80
29 33 90
29 34 85
29 35 98
29 36 96
29 37 96
29 38 85
29 39 86
29 40 97
29 41 93
29 42 95
29 43 93
29 44 99
29 45 97
29 46 87
29 47 86
29 48 99
29 49 93
29 50 89
29 51 96
29 52 82
29 53 86
29 54 96
29 55 86
29 56 94
29 57 99
29 58 89
29 59 80
29 60 84
29 61 90
29 62 86
29 63 98
29 64 80
29 65 98
29 66 87
29 67 86
29 68 98
29 69 96
29 70 86
29 71 97
29 72 100
29 73 92
29 74 90
29 75 95
29 76 80
29 77 97
29 78 98
29 79 93
29 80 82
29 81 97
29 82 86
29 83 91
29 84 88
29 85 88
29 86 94
29 87 92
29 88 81
29 89 100
29 90 84
29 91 83
29 92 94
29 93 88
29 94 91
29 95 96
29 96 90
29 97 97
29 98 89
29 99 86
30 1 100
30 2 98
30 3 96
30 4 90
30 5 84
30 6 84
30 7 90
30 8 88
30 9 90
30 10 91
30 11 100
30 12 89
30 13 83
30 14 97
30 15 82
30 16 93
30 17 98
30 18 94
30 19 92
30 20 97
30 21 89
30 22 86
30 23 86
30 24 86
30 25 99
30 26 84
30 27 83
30 28 95
30 29 96
30 31 80
30 32 90
30 33 95
30 34 99
30 35 100
30 36 100
30 37 92
30 38 86
30 39 87
30 40 85
30 41 85
30 42 83
30 43 98
30 44 93
30 45 94
30 46 100
30 47 96
30 48 98
30 49 81
30 50 94
30 51 86
30 52 90
30 53 87
30 54 90
30 55 84
30 56 81
30 57 94
30 58 83
30 59 87
30 60 96
30 61 88
30 62 88
30 63 92
30 64 89
30 65 92
30 66 96
30 67 87
30 68 85
30 69 81
30 70 81
30 71 93
30 72 82
30 73 96
30 74 91
30 75 82
30 76 82
30 77 100
30 78 88
30 79 100
30 80 94
30 81 81
30 82 95
30 83 94
30 84 80
30 85 92
30 86 82
30 87 95
30 88 82
30 89 86
30 90 88
30 91 83
30 92 97
30 93 99
30 94 84
30 95 96
30 96 86
30 97 81
30 98 80
30 99 92
31 1 87
31 2 89
31 3 96
31 4 96
31 5 94
31 6 97
31 7 86
31 8 100
31 9 84
31 10 100
31 11 99
31 12 90
31 13 90
31 14 95
31 15 92
31 16 93
31 17 86
31 18 97
31 19 83
31 20 87
31 21 100
31 22 85
31 23 91
31 24 95
31 25 86
31 26 97
31 27 86
31 28 97
31 29 98
31 30 80
31 32 84
31 33 100
31 34 97
31 35 94
31 36 80
31 37 82
31 38 93
31 39 84
31 40 84
31 41 84
31 42 95
31 43 88
31 44 92
31 45 97
31 46 87
31 47 82
31 48 95
31 49 82
31 50 82
31 51 84
31 52 83
31 53 99
31 54 83
31 55 86
31 56 94
31 57 100
31 58 90
31 59 81
31 60 93
31 61 87
31 62 100
31 63 88
31 64 95
31 65 89
31 66 85
31 67 90
31 68 88
31 69 84
31 70 92
31 71 87
31 72 92
31 73 87
31 74 98
31 75 82
31 76 85
31 77 84
31 78 99
31 79 87
31 80 100
31 81 88
31 82 85
31 83 90
31 84 82
31 85 87
31 86 81
31 87 88
31 88 90
31 89 97
31 90 99
31 91 92
31 92 89
31 93 81
31 94 88
31 95 86
31 96 90
31 97 82
31 98 95
31 99 99
32 1 94
32 2 93
32 3 93
32 4 86
32 5 81
32 6 82
32 7 99
32 8 91
32 9 86
32 10 83
32 11 87
32 12 85
32 13 95
32 14 92
32 15 86
32 16 89
32 17 93
32 18 100
32 19 90
32 20 87
32 21 96
32 22 99
32 23 82
32 24 88
32 25 88
32 26 85
32 27 90
32 28 80
32 29 80
32 30 90
32 31 84
32 33 97
32 34 84
32 35 88
32 36 94
32 37 97
32 38 95
32 39 97
32 40 81
32 41 100
32 42 82
32 43 84
32 44 92
32 45 82
32 46 85
32 47 98
32 48 94
32 49 88
32 50 87
32 51 90
32 52 100
32 53 94
32 54 93
32 55 81
32 56 95
32 57 83
32 58 88
32 59 94
32 60 83
32 61 85
32 62 80
32 63 93
32 64 99
32 65 98
32 66 87
32 67 88
32 68 96
32 69 99
32 70 88
32 71 98
32 72 98
32 73 96
32 74 80
32 75 97
32 76 96
32 77 85
32 78 91
32 79 100
32 80 86
32 81 85
32 82 95
32 83 94
32 84 92
32 85 81
32 86 99
32 87 89
32 88 95
32 89 80
32 90 85
32 91 97
32 92 92
32 93 95
32 94 87
32 95 91
32 96 81
32 97 97
32 98 95
32 99 83
33 1 88
33 2 95
33 3 95
33 4 96
33 5 84
33 6 92
33 7 92
33 8 90
33 9 96
33 10 96
33 11 82
33 12 98
33 13 95
33 14 100
33 15 83
33 16 100
33 17 88
33 18 91
33 19 93
33 20 93
33 21 98
33 22 87
33 23 84
33 24 96
33 25 97
33 26 81
33 27 99
33 28 91
33 29 90
33 30 95
33 31 100
33 32 97
33 34 87
33 35 90
33 36 100
33 37 89
33 38 81
33 39 83
33 40 94
33 41 95
33 42 93
33 43 86
33 44 93
33 45 96
33 46 89
33 47 84
33 48 89
33 49 89
33 50 93
33 51 87
33 52 89
33 53 99
33 54 88
33 55 83
33 56 81
33 57 88
33 58 100
33 59 88
33 60 92
33 61 86
33 62 82
33 63 81
33 64 81
33 65 87
33 66 94
33 67 92
33 68 82
33 69 80
33 70 81
33 71 86
33 72 96
33 73 94
33 74 98
33 75 97
33 76 87
33 77 94
33 78 91
33 79 92
33 80 86
33 81 83
33 82 96
33 83 99
33 84 84
33 85 99
33 86 80
33 87 81
33 88 87
33 89 91
33 90 96
33 91 94
33 92 93
33 93 82
33 94 90
33 95 91
33 96 95
33 97 87
33 98 85
33 99 87
34 1 80
34 2 87
34 3 87
34 4 80
34 5 89
34 6 95
34 7 96
34 8 91
34 9 80
34 10 100
34 11 87
34 12 89
34 13 100
34 14 90
34 15 84
34 16 100
34 17 88
34 18 96
34 19 83
34 20 80
34 21 87
34 22 80
34 23 81
34 24 87
34 25 86
34 26 81
34 27 89
34 28 97
34 29 85
34 30 99
34 31 97
34 32 84
34 33 87
34 35 88
34 36 95
34 37 81
34 38 92
34 39 82
34 40 87
34 41 94
34 42 99
34 43 80
34 44 89
34 45 94
34 46 82
34 47 90
34 48 83
34 49 80
34 50 82
34 51 99
34 52 88
34 53 96
34 54 89
34 55 90
34 56 84
34 57 96
34 58 88
34 59 83
34 60 99
34 61 89
34 62 83
34 63 87
34 64 96
34 65 97
34 66 91
34 67 99
34 68 82
34 69 92
34 70 81
34 71 98
34 72 92
34 73 85
34 74 86
34 75 83
34 76 87
34 77 85
34 78 98
34 79 91
34 80 100
34 81 88
34 82 80
34 83 83
34 84 83
34 85 82
34 86 96
34 87 100
34 88 89
34 89 80
34 90 83
34 91 100
34 92 96
34 93 84
34 94 85
34 95 97
34 96 100
34 97 99
34 98 84
34 99 87
35 1 85
35 2 100
35 3 95
35 4 84
35 5 96
35 6 87
35 7 92
35 8 81
35 9 96
35 10 88
35 11 95
35 12 83
35 13 84
35 14 81
35 15 82
35 16 84
35 17 85
35 18 98
35 19 95
35 20 81
35 21 88
35 22 100
35 23 92
35 24 91
35 25 100
35 26 81
35 27 85
35 28 94
35 29 98
35 30 100
35 31 94
35 32 88
35 33 90
35 34 88
35 36 95
35 37 89
35 38 81
35 39 100
35 40 86
35 41 87
35 42 83
35 43 87
35 44 85
35 45 88
35 46 92
35 47 87
35 48 83
35 49 83
35 50 95
35 51 93
35 52 94
35 53 99
35 54 90
35 55 93
35 56 93
35 57 82
35 58 85
35 59 81
35 60 82
35 61 99
35 62 82
35 63 92
35 64 80
35 65 91
35 66 99
35 67 81
35 68 92
35 69 89
35 70 82
35 71 95
35 72 83
35 73 83
35 74 95
35 75 91
35 76 95
35 77 81
35 78 81
35 79 87
35 80 98
35 81 86
35 82 85
35 83 84
35 84 98
35 85 87
35 86 100
35 87 89
35 88 85
35 89 88
35 90 93
35 91 100
35 92 87
35 93 87
35 94 84
35 95 84
35 96 86
35 97 83
35 98 96
35 99 93
36 1 98
36 2 97
36 3 97
36 4 89
36 5 87
36 6 92
36 7 94
36 8 96
36 9 86
36 10 80
36 11 91
36 12 86
36 13 99
36 14 98
36 15 85
36 16 84
36 17 85
36 18 89
36 19 96
36 20 84
36 21 87
36 22 87
36 23 96
36 24 86
36 25 100
36 26 89
36 27 87
36 28 92
36 29 96
36 30 100
36 31 80
36 32 94
36 33 100
36 34 95
36 35 95
36 37 84
36 38 97
36 39 99
36 40 81
36 41 87
36 42 92
36 43 97
36 44 83
36 45 98
36 46 91
36 47 90
36 48 87
36 49 82
36 50 86
36 51 98
36 52 93
36 53 81
36 54 89
36 55 82
36 56 86
36 57 100
36 58 93
36 59 84
36 60 98
36 61 82
36 62 94
36 63 85
36 64 96
36 65 80
36 66 83
36 67 80
36 68 89
36 69 86
36 70 80
36 71 90
36 72 92
36 73 89
36 74 90
36 75 91
36 76 90
36 77 85
36 78 90
36 79 84
36 80 96
36 81 93
36 82 87
36 83 81
36 84 98
36 85 93
36 86 89
36 87 90
36 88 90
36 89 84
36 90 85
36 91 99
36 92 100
36 93 93
36 94 99
36 95 90
36 96 90
36 97 84
36 98 99
36 99 84
37 1 99
37 2 80
37 3 97
37 4 88
37 5 92
37 6 82
37 7 89
37 8 90
37 9 96
37 10 85
37 11 94
37 12 97
37 13 84
37 14 100
37 15 88
37 16 98
37 17 95
37 18 87
37 19 93
37 20 88
37 21 99
37 22 88
37 23 83
37 24 93
37 25 87
37 26 100
37 27 88
37 28 97
37 29 96
37 30 92
37 31 82
37 32 97
37 33 89
37 34 81
37 35 89
37 36 84
37 38 97
37 39 95
37 40 83
37 41 100
37 42 87
37 43 94
37 44 100
37 45 100
37 46 91
37 47 94
37 48 82
37 49 85
37 50 94
37 51 90
37 52 85
37 53 90
37 54 83
37 55 100
37 56 91
37 57 82
37 58 97
37 59 100
37 60 94
37 61 98
37 62 98
37 63 96
37 64 99
37 65 80
37 66 93
37 67 88
37 68 88
37 69 85
37 70 99
37 71 85
37 72 89
37 73 91
37 74 89
37 75 82
37 76 94
37 77 99
37 78 89
37 79 85
37 80 80
37 81 80
37 82 80
37 83 95
37 84 85
37 85 95
37 86 88
37 87 99
37 88 95
37 89 97
37 90 82
37 91 88
37 92 96
37 93 97
37 94 81
37 95 80
37 96 85
37 97 95
37 98 86
37 99 86
38 1 83
38 2 92
38 3 85
38 4 89
38 5 90
38 6 85
38 7 92
38 8 99
38 9 81
38 10 80
38 11 92
38 12 90
38 13 98
38 14 91
38 15 86
38 16 90
38 17 85
38 18 92
38 19 99
38 20 87
38 21 94
38 22 82
38 23 87
38 24 95
38 25 80
38 26 86
38 27 96
38 28 91
38 29 85
38 30 86
38 31 93
38 32 95
38 33 81
38 34 92
38 35 81
38 36 97
38 37 97
38 39 90
38 40 91
38 41 90
38 42 81
38 43 83
38 44 87
38 45 98
38 46 85
38 47 91
38 48 83
38 49 96
38 50 97
38 51 96
38 52 82
38 53 92
38 54 94
38 55 90
38 56 98
38 57 88
38 58 88
38 59 92
38 60 83
38 61 87
38 62 89
38 63 99
38 64 81
38 65 82
38 66 83
38 67 88
38 68 92
38 69 83
38 70 95
38 71 89
38 72 90
38 73 85
38 74 80
38 75 97
38 76 93
38 77 94
38 78 88
38 79 98
38 80 92
38 81 85
38 82 87
38 83 91
38 84 84
38 85 96
38 86 90
38 87 91
38 88 90
38 89 83
38 90 96
38 91 99
38 92 94
38 93 97
38 94 91
38 95 86
38 96 86
38 97 99
38 98 94
38 99 87
39 1 94
39 2 88
39 3 81
39 4 100
39 5 100
39 6 99
39 7 97
39 8 92
39 9 99
39 10 94
39 11 83
39 12 99
39 13 100
39 14 95
39 15 84
39 16 81
39 17 93
39 18 80
39 19 87
39 20 81
39 21 88
39 22 81
39 23 82
39 24 87
39 25 88
39 26 94
39 27 98
39 28 98
39 29 86
39 30 87
39 31 84
39 32 97
39 33 83
39 34 82
39 35 100
39 36 99
39 37 95
39 38 90
39 40 89
39 41 88
39 42 90
39 43 89
39 44 100
39 45 80
39 46 96
39 47 86
39 48 93
39 49 88
39 50 92
39 51 99
39 52 90
39 53 98
39 54 83
39 55 98
39 56 100
39 57 86
39 58 98
39 59 88
39 60 84
39 61 94
39 62 84
39 63 93
39 64 87
39 65 91
39 66 98
39 67 87
39 68 89
39 69 94
39 70 84
39 71 93
39 72 85
39 73 96
39 74 80
39 75 92
39 76 95
39 77 92
39 78 86
39 79 99
39 80 90
39 81 88
39 82 98
39 83 81
39 84 96
39 85 84
39 86 83
39 87 82
39 88 83
39 89 93
39 90 92
39 91 86
39 92 83
39 93 85
39 94 90
39 95 80
39 96 81
39 97 85
39 98 99
39 99 93
40 1 84
40 2 87
40 3 80
40 4 92
40 5 90
40 6 90
40 7 90
40 8 94
40 9 85
40 10 86
40 11 81
40 12 82
40 13 89
40 14 80
40 15 95
40 16 97
40 17 97
40 18 84
40 19 86
40 20 84
40 21 95
40 22 85
40 23 88
40 24 100
40 25 85
40 26 86
40 27 83
40 28 88
40 29 97
40 30 85
40 31 84
40 32 81
40 33 94
40 34 87
40 35 86
40 36 81
40 37 83
40 38 91
40 39 89
40 41 92
40 42 92
40 43 90
40 44 93
40 45 81
40 46 86
40 47 90
40 48 97
40 49 87
40 50 90
40 51 87
40 52 96
40 53 85
40 54 84
40 55 95
40 56 80
40 57 87
40 58 87
40 59 85
40 60 88
40 61 83
40 62 92
40 63 96
40 64 96
40 65 96
40 66 86
40 67 80
40 68 88
40 69 80
40 70 81
40 71 95
40 72 85
40 73 83
40 74 80
40 75 97
40 76 87
40 77 99
40 78 83
40 79 92
40 80 84
40 81 85
40 82 84
40 83 99
40 84 89
40 85 96
40 86 92
40 87 90
40 88 93
40 89 88
40 90 89
40 91 95
40 92 83
40 93 88
40 94 88
40 95 99
40 96 89
40 97 93
40 98 96
40 99 98
41 1 81
41 2 91
41 3 86
41 4 98
41 5 100
41 6 90
41 7 85
41 8 82
41 9 88
41 10 84
41 11 83
41 12 92
41 13 93
41 14 96
41 15 100
41 16 95
41 17 95
41 18 90
41 19 84
41 20 99
41 21 85
41 22 83
41 23 85
41 24 90
41 25 81
41 26 80
41 27 80
41 28 96
41 29 93
41 30 85
41 31 84
41 32 100
41 33 95
41 34 94
41 35 87
41 36 87
41 37 100
41 38 90
41 39 88
41 40 92
41 42 89
41 43 82
41 44 81
41 45 92
41 46 96
41 47 87
41 48 81
41 49 86
41 50 94
41 51 90
41 52 84
41 53 89
41 54 91
41 55 100
41 56 89
41 57 91
41 58 100
41 59 95
41 60 100
41 61 97
41 62 85
41 63 81
41 64 100
41 65 94
41 66 100
41 67 87
41 68 100
41 69 95
41 70 89
41 71 83
41 72 86
41 73 80
41 74 94
41 75 86
41 76 99
41 77 93
41 78 97
41 79 84
41 80 100
41 81 88
41 82 83
41 83 84
41 84 87
41 85 94
41 86 80
41 87 90
41 88 98
41 89 96
41 90 82
41 91 97
41 92 94
41 93 92
41 94 82
41 95 88
41 96 96
41 97 87
41 98 82
41 99 89
42 1 81
42 2 89
42 3 86
42 4 92
42 5 88
42 6 97
42 7 85
42 8 97
42 9 91
42 10 80
42 11 95
42 12 95
42 13 94
42 14 99
42 15 95
42 16 96
42 17 99
42 18 81
42 19 97
42 20 93
42 21 80
42 22 99
42 23 81
42 24 81
42 25 89
42 26 94
42 27 98
42 28 94
42 29 95
42 30 83
42 31 95
42 32 82
42 33 93
42 34 99
42 35 83
42 36 92
42 37 87
42 38 81
42 39 90
42 40 92
42 41 89
42 43 100
42 44 96
42 45 92
42 46 97
42 47 80
42 48 90
42 49 94
42 50 87
42 51 80
42 52 89
42 53 80
42 54 90
42 55 83
42 56 83
42 57 85
42 58 91
42 59 80
42 60 86
42 61 85
42 62 85
42 63 80
42 64 99
42 65 92
42 66 87
42 67 90
42 68 90
42 69 85
42 70 94
42 71 97
42 72 96
42 73 88
42 74 87
42 75 92
42 76 89
42 77 100
42 78 92
42 79 81
42 80 93
42 81 84
42 82 84
42 83 98
42 84 86
42 85 93
42 86 97
42 87 95
42 88 90
42 89 84
42 90 91
42 91 84
42 92 94
42 93 90
42 94 85
42 95 81
42 96 86
42 97 96
42 98 89
42 99 99
43 1 94
43 2 96
43 3 85
43 4 98
43 5 94
43 6 87
43 7 85
43 8 94
43 9 97
43 10 91
43 11 97
43 12 88
43 13 91
43 14 92
43 15 97
43 16 85
43 17 99
43 18 91
43 19 96
43 20 98
43 21 88
43 22 93
43 23 87
43 24 100
43 25 92
43 26 94
43 27 84
43 28 96
43 29 93
43 30 98
43 31 88
43 32 84
43 33 86
43 34 80
43 35 87
43 36 97
43 37 94
43 38 83
43 39 89
43 40 90
43 41 82
43 42 100
43 44 100
43 45 91
43 46 95
43 47 95
43 48 92
43 49 80
43 50 90
43 51 87
43 52 81
43 53 98
43 54 94
43 55 99
43 56 96
43 57 91
43 58 91
43 59 94
43 60 99
43 61 87
43 62 89
43 63 97
43 64 91
43 65 81
43 66 99
43 67 95
43 68 92
43 69 98
43 70 90
43 71 91
43 72 81
43 73 87
43 74 100
43 75 100
43 76 85
43 77 95
43 78 98
43 79 98
43 80 99
43 81 86
43 82 89
43 83 93
43 84 83
43 85 98
43 86 90
43 87 80
43 88 80
43 89 87
43 90 99
43 91 87
43 92 90
43 93 93
43 94 90
43 95 95
43 96 98
43 97 95
43 98 91
43 99 98
44 1 93
44 2 95
44 3 87
44 4 87
44 5 93
44 6 92
44 7 89
44 8 87
44 9 93
44 10 99
44 11 95
44 12 81
44 13 86
44 14 83
44 15 84
44 16 100
44 17 91
44 18 82
44 19 86
44 20 97
44 21 97
44 22 81
44 23 85
44 24 95
44 25 88
44 26 82
44 27 98
44 28 86
44 29 99
44 30 93
44 31 92
44 32 92
44 33 93
44 34 89
44 35 85
44 36 83
44 37 100
44 38 87
44 39 100
44 40 93
44 41 81
44 42 96
44 43 100
44 45 85
44 46 83
44 47 91
44 48 95
44 49 84
44 50 86
44 51 92
44 52 92
44 53 89
44 54 83
44 55 92
44 56 95
44 57 80
44 58 80
44 59 89
44 60 87
44 61 83
44 62 83
44 63 98
44 64 95
44 65 85
44 66 97
44 67 94
44 68 89
44 69 80
44 70 82
44 71 83
44 72 99
44 73 92
44 74 92
44 75 93
44 76 91
44 77 90
44 78 87
44 79 98
44 80 94
44 81 81
44 82 94
44 83 96
44 84 98
44 85 90
44 86 80
44 87 95
44 88 81
44 89 89
44 90 100
44 91 88
44 92 100
44 93 99
44 94 89
44 95 85
44 96 94
44 97 90
44 98 92
44 99 81
45 1 85
45 2 84
45 3 80
45 4 98
45 5 80
45 6 100
45 7 98
45 8 88
45 9 95
45 10 94
45 11 88
45 12 85
45 13 84
45 14 80
45 15 94
45 16 81
45 17 90
45 18 82
45 19 83
45 20 89
45 21 82
45 22 83
45 23 83
45 24 93
45 25 82
45 26 96
45 27 93
45 28 100
45 29 97
45 30 94
45 31 97
45 32 82
45 33 96
45 34 94
45 35 88
45 36 98
45 37 100
45 38 98
45 39 80
45 40 81
45 41 92
45 42 92
45 43 91
45 44 85
45 46 83
45 47 92
45 48 94
45 49 91
45 50 81
45 51 83
45 52 93
45 53 91
45 54 89
45 55 95
45 56 86
45 57 93
45 58 99
45 59 100
45 60 94
45 61 91
45 62 87
45 63 84
45 64 92
45 65 98
45 66 83
45 67 87
45 68 87
45 69 87
45 70 82
45 71 97
45 72 97
45 73 96
45 74 90
45 75 91
45 76 89
45 77 91
45 78 89
45 79 93
45 80 100
45 81 84
45 82 95
45 83 95
45 84 85
45 85 100
45 86 82
45 87 80
45 88 89
45 89 99
45 90 84
45 91 97
45 92 98
45 93 96
45 94 96
45 95 94
45 96 82
45 97 88
45 98 98
45 99 95
46 1 80
46 2 95
46 3 98
46 4 92
46 5 91
46 6 96
46 7 81
46 8 98
46 9 82
46 10 87
46 11 100
46 12 95
46 13 87
46 14 87
46 15 93
46 16 100
46 17 85
46 18 97
46 19 80
46 20 85
46 21 94
46 22 87
46 23 98
46 24 87
46 25 90
46 26 83
46 27 90
46 28 98
46 29 87
46 30 100
46 31 87
46 32 85
46 33 89
46 34 82
46 35 92
46 36 91
46 37 91
46 38 85
46 39 96
46 40 86
46 41 96
46 42 97
46 43 95
46 44 83
46 45 83
46 47 89
46 48 100
46 49 87
46 50 90
46 51 93
46 52 99
46 53 87
46 54 88
46 55 86
46 56 94
46 57 99
46 58 97
46 59 92
46 60 85
46 61 91
46 62 84
46 63 87
46 64 84
46 65 98
46 66 86
46 67 86
46 68 81
46 69 93
46 70 91
46 71 83
46 72 80
46 73 97
46 74 93
46 75 95
46 76 100
46 77 88
46 78 92
46 79 96
46 80 90
46 81 86
46 82 87
46 83 97
46 84 86
46 85 86
46 86 94
46 87 81
46 88 92
46 89 87
46 90 88
46 91 80
46 92 95
46 93 96
46 94 97
46 95 100
46 96 98
46 97 90
46 98 95
46 99 97
47 1 87
47 2 83
47 3 93
47 4 81
47 5 82
47 6 91
47 7 83
47 8 81
47 9 80
47 10 91
47 11 93
47 12 96
47 13 85
47 14 85
47 15 96
47 16 86
47 17 92
47 18 99
47 19 90
47 20 96
47 21 87
47 22 84
47 23 83
47 24 96
47 25 84
47 26 86
47 27 82
47 28 98
47 29 86
47 30 96
47 31 82
47 32 98
47 33 84
47 34 90
47 35 87
47 36 90
47 37 94
47 38 91
47 39 86
47 40 90
47 41 87
47 42 80
47 43 95
47 44 91
47 45 92
47 46 89
47 48 87
47 49 99
47 50 85
47 51 84
47 52 91
47 53 84
47 54 96
47 55 89
47 56 95
47 57 92
47 58 86
47 59 94
47 60 99
47 61 89
47 62 83
47 63 82
47 64 95
47 65 89
47 66 91
47 67 97
47 68 93
47 69 98
47 70 92
47 71 80
47 72 91
47 73 96
47 74 92
47 75 80
47 76 83
47 77 97
47 78 87
47 79 96
47 80 95
47 81 80
47 82 96
47 83 84
47 84 86
47 85 92
47 86 88
47 87 84
47 88 83
47 89 98
47 90 90
47 91 86
47 92 80
47 93 96
47 94 87
47 95 93
47 96 98
47 97 88
47 98 81
47 99 93
48 1 95
48 2 80
48 3 84
48 4 97
48 5 84
48 6 99
48 7 83
48 8 95
48 9 81
48 10 98
48 11 85
48 12 91
48 13 81
48 14 86
48 15 88
48 16 80
48 17 91
48 18 99
48 19 90
48 20 87
48 21 86
48 22 87
48 23 97
48 24 94
48 25 92
48 26 100
48 27 87
48 28 99
48 29 99
48 30 98
48 31 95
48 32 94
48 33 89
48 34 83
48 35 83
48 36 87
48 37 82
48 38 83
48 39 93
48 40 97
48 41 81
48 42 90
48 43 92
48 44 95
48 45 94
48 46 100
48 47 87
48 49 98
48 50 86
48 51 84
48 52 87
48 53 94
48 54 82
48 55 86
48 56 83
48 57 91
48 58 90
48 59 100
48 60 94
48 61 99
48 62 90
48 63 84
48 64 94
48 65 82
48 66 83
48 67 84
48 68 88
48 69 96
48 70 85
48 71 97
48 72 92
48 73 100
48 74 83
48 75 85
48 76 81
48 77 93
48 78 81
48 79 87
48 80 87
48 81 83
48 82 90
48 83 82
48 84 97
48 85 94
48 86 89
48 87 80
48 88 98
48 89 90
48 90 98
48 91 95
48 92 86
48 93 95
48 94 86
48 95 90
48 96 95
48 97 85
48 98 80
48 99 99
49 1 81
49 2 95
49 3 85
49 4 85
49 5 95
49 6 100
49 7 91
49 8 81
49 9 96
49 10 82
49 11 80
49 12 93
49 13 93
49 14 82
49 15 84
49 16 89
49 17 98
49 18 82
49 19 97
49 20 94
49 21 82
49 22 90
49 23 88
49 24 92
49 25 85
49 26 99
49 27 100
49 28 86
49 29 93
49 30 81
49 31 82
49 32 88
49 33 89
49 34 80
49 35 83
49 36 82
49 37 85
49 38 96
49 39 88
49 40 87
49 41 86
49 42 94
49 43 80
49 44 84
49 45 91
49 46 87
49 47 99
49 48 98
49 50 92
49 51 82
49 52 88
49 53 88
49 54 96
49 55 97
49 56 83
49 57 99
49 58 82
49 59 87
49 60 100
49 61 100
49 62 93
49 63 82
49 64 80
49 65 83
49 66 83
49 67 96
49 68 88
49 69 87
49 70 93
49 71 86
49 72 93
49 73 100
49 74 98
49 75 81
49 76 87
49 77 80
49 78 83
49 79 83
49 80 95
49 81 87
49 82 86
49 83 86
49 84 94
49 85 86
49 86 95
49 87 98
49 88 100
49 89 85
49 90 100
49 91 85
49 92 99
49 93 88
49 94 88
49 95 84
49 96 98
49 97 97
49 98 96
49 99 84
50 1 82
50 2 92
50 3 91
50 4 83
50 5 84
50 6 87
50 7 82
50 8 98
50 9 85
50 10 87
50 11 95
50 12 91
50 13 80
50 14 90
50 15 85
50 16 86
50 17 94
50 18 100
50 19 90
50 20 85
50 21 88
50 22 100
50 23 96
50 24 90
50 25 89
50 26 82
50 27 89
50 28 85
50 29 89
50 30 94
50 31 82
50 32 87
50 33 93
50 34 82
50 35 95
50 36 86
50 37 94
50 38 97
50 39 92
50 40 90
50 41 94
50 42 87
50 43 90
50 44 86
50 45 81
50 46 90
50 47 85
50 48 86
50 49 92
50 51 80
50 52 92
50 53 95
50 54 90
50 55 100
50 56 100
50 57 100
50 58 92
50 59 91
50 60 89
50 61 100
50 62 93
50 63 82
50 64 82
50 65 88
50 66 88
50 67 94
50 68 80
50 69 97
50 70 82
50 71 98
50 72 87
50 73 93
50 74 90
50 75 84
50 76 87
50 77 88
50 78 88
50 79 83
50 80 100
50 81 94
50 82 93
50 83 97
50 84 82
50 85 89
50 86 90
50 87 100
50 88 92
50 89 83
50 90 98
50 91 96
50 92 91
50 93 87
50 94 84
50 95 82
50 96 84
50 97 83
50 98 99
50 99 83
51 1 91
51 2 90
51 3 89
51 4 95
51 5 99
51 6 95
51 7 81
51 8 85
51 9 85
51 10 80
51 11 86
51 12 81
51 13 84
51 14 94
51 15 99
51 16 93
51 17 82
51 18 81
51 19 89
51 20 85
51 21 92
51 22 88
51 23 88
51 24 96
51 25 89
51 26 80
51 27 92
51 28 88
51 29 96
51 30 86
51 31 84
51 32 90
51 33 87
51 34 99
51 35 93
51 36 98
51 37 90
51 38 96
51 39 99
51 40 87
51 41 90
51 42 80
51 43 87
51 44 92
51 45 83
51 46 93
51 47 84
51 48 84
51 49 82
51 50 80
51 52 97
51 53 86
51 54 91
51 55 98
51 56 97
51 57 97
51 58 99
51 59 98
51 60 83
51 61 81
51 62 94
51 63 80
51 64 91
51 65 86
51 66 99
51 67 99
51 68 90
51 69 99
51 70 99
51 71 100
51 72 90
51 73 85
51 74 96
51 75 80
51 76 92
51 77 93
51 78 96
51 79 86
51 80 92
51 81 86
51 82 83
51 83 84
51 84 88
51 85 99
51 86 97
51 87 99
51 88 95
51 89 98
51 90 90
51 91 94
51 92 81
51 93 99
51 94 90
51 95 97
51 96 92
51 97 94
51 98 96
51 99 92
52 1 88
52 2 84
52 3 88
52 4 100
52 5 95
52 6 91
52 7 91
52 8 85
52 9 80
52 10 84
52 11 80
52 12 100
52 13 100
52 14 85
52 15 96
52 16 82
52 17 99
52 18 95
52 19 97
52 20 95
52 21 86
52 22 96
52 23 85
52 24 94
52 25 96
52 26 97
52 27 87
52 28 91
52 29 82
52 30 90
52 31 83
52 32 100
52 33 89
52 34 88
52 35 94
52 36 93
52 37 85
52 38 82
52 39 90
52 40 96
52 41 84
52 42 89
52 43 81
52 44 92
52 45 93
52 46 99
52 47 91
52 48 87
52 49 88
52 50 92
52 51 97
52 53 95
52 54 91
52 55 86
52 56 81
52 57 94
52 58 97
52 59 86
52 60 87
52 61 82
52 62 93
52 63 88
52 64 87
52 65 87
52 66 86
52 67 80
52 68 83
52 69 99
52 70 92
52 71 94
52 72 93
52 73 94
52 74 93
52 75 82
52 76 98
52 77 97
52 78 95
52 79 97
52 80 95
52 81 98
52 82 83
52 83 87
52 84 99
52 85 85
52 86 92
52 87 80
52 88 100
52 89 87
52 90 82
52 91 90
52 92 95
52 93 83
52 94 81
52 95 83
52 96 90
52 97 84
52 98 98
52 99 85
53 1 80
53 2 85
53 3 94
53 4 85
53 5 84
53 6 84
53 7 84
53 8 88
53 9 87
53 10 82
53 11 88
53 12 92
53 13 99
53 14 91
53 15 80
53 16 83
53 17 84
53 18 89
53 19 96
53 20 83
53 21 85
53 22 90
53 23 80
53 24 82
53 25 89
53 26 81
53 27 97
53 28 82
53 29 86
53 30 87
53 31 99
53 32 94
53 33 99
53 34 96
53 35 99
53 36 81
53 37 90
53 38 92
53 39 98
53 40 85
53 41 89
53 42 80
53 43 98
53 44 89
53 45 91
53 46 87
53 47 84
53 48 94
53 49 88
53 50 95
53 51 86
53 52 95
53 54 85
53 55 92
53 56 82
53 57 86
53 58 94
53 59 93
53 60 82
53 61 87
53 62 96
53 63 85
53 64 81
53 65 95
53 66 85
53 67 87
53 68 88
53 69 97
53 70 81
53 71 94
53 72 82
53 73 89
53 74 92
53 75 94
53 76 96
53 77 94
53 78 87
53 79 87
53 80 99
53 81 82
53 82 98
53 83 94
53 84 94
53 85 92
53 86 88
53 87 88
53 88 94
53 89 91
53 90 89
53 91 95
53 92 85
53 93 91
53 94 90
53 95 97
53 96 100
53 97 87
53 98 80
53 99 91
54 1 95
54 2 94
54 3 90
54 4 95
54 5 100
54 6 80
54 7 81
54 8 86
54 9 82
54 10 97
54 11 92
54 12 90
54 13 86
54 14 85
54 15 100
54 16 84
54 17 88
54 18 81
54 19 88
54 20 99
54 21 98
54 22 80
54 23 90
54 24 89
54 25 96
54 26 86
54 27 95
54 28 80
54 29 96
54 30 90
54 31 83
54 32 93
54 33 88
54 34 89
54 35 90
54 36 89
54 37 83
54 38 94
54 39 83
54 40 84
54 41 91
54 42 90
54 43 94
54 44 83
54 45 89
54 46 88
54 47 96
54 48 82
54 49 96
54 50 90
54 51 91
54 52 91
54 53 85
54 55 100
54 56 97
54 57 81
54 58 82
54 59 96
54 60 89
54 61 89
54 62 90
54 63 98
54 64 80
54 65 94
54 66 94
54 67 98
54 68 85
54 69 92
54 70 90
54 71 96
54 72 91
54 73 86
54 74 91
54 75 88
54 76 85
54 77 91
54 78 97
54 79 98
54 80 99
54 81 81
54 82 88
54 83 80
54 84 94
54 85 89
54 86 92
54 87 97
54 88 86
54 89 82
54 90 100
54 91 83
54 92 81
54 93 82
54 94 83
54 95 80
54 96 96
54 97 83
54 98 99
54 99 87
55 1 91
55 2 87
55 3 100
55 4 94
55 5 94
55 6 84
55 7 97
55 8 94
55 9 91
55 10 82
55 11 96
55 12 95
55 13 80
55 14 100
55 15 86
55 16 89
55 17 87
55 18 86
55 19 96
55 20 97
55 21 91
55 22 85
55 23 96
55 24 99
55 25 88
55 26 84
55 27 99
55 28 84
55 29 86
55 30 84
55 31 86
55 32 81
55 33 83
55 34 90
55 35 93
55 36 82
55 37 100
55 38 90
55 39 98
55 40 95
55 41 100
55 42 83
55 43 99
55 44 92
55 45 95
55 46 86
55 47 89
55 48 86
55 49 97
55 50 100
55 51 98
55 52 86
55 53 92
55 54 100
55 56 82
55 57 88
55 58 90
55 59 96
55 60 86
55 61 88
55 62 94
55 63 91
55 64 84
55 65 91
55 66 91
55 67 100
55 68 93
55 69 82
55 70 98
55 71 98
55 72 91
55 73 94
55 74 80
55 75 93
55 76 83
55 77 81
55 78 96
55 79 87
55 80 95
55 81 89
55 82 84
55 83 80
55 84 80
55 85 97
55 86 84
55 87 96
55 88 94
55 89 97
55 90 85
55 91 97
55 92 89
55 93 92
55 94 95
55 95 84
55 96 94
55 97 96
55 98 80
55 99 97
56 1 89
56 2 92
56 3 88
56 4 80
56 5 96
56 6 92
56 7 88
56 8 100
56 9 86
56 10 86
56 11 92
56 12 82
56 13 82
56 14 89
56 15 80
56 16 97
56 17 90
56 18 81
56 19 93
56 20 86
56 21 86
56 22 89
56 23 95
56 24 97
56 25 91
56 26 85
56 27 90
56 28 95
56 29 94
56 30 81
56 31 94
56 32 95
56 33 81
56 34 84
56 35 93
56 36 86
56 37 91
56 38 98
56 39 100
56 40 80
56 41 89
56 42 83
56 43 96
56 44 95
56 45 86
56 46 94
56 47 95
56 48 83
56 49 83
56 50 100
56 51 97
56 52 81
56 53 82
56 54 97
56 55 82
56 57 95
56 58 84
56 59 100
56 60 92
56 61 96
56 62 86
56 63 96
56 64 89
56 65 80
56 66 82
56 67 84
56 68 84
56 69 99
56 70 88
56 71 84
56 72 82
56 73 84
56 74 92
56 75 90
56 76 87
56 77 91
56 78 100
56 79 84
56 80 86
56 81 88
56 82 94
56 83 88
56 84 86
56 85 86
56 86 90
56 87 96
56 88 85
56 89 97
56 90 84
56 91 90
56 92 87
56 93 86
56 94 89
56 95 100
56 96 98
56 97 94
56 98 96
56 99 87
57 1 96
57 2 80
57 3 88
57 4 97
57 5 99
57 6 91
57 7 100
57 8 86
57 9 82
57 10 83
57 11 97
57 12 85
57 13 100
57 14 91
57 15 90
57 16 87
57 17 83
57 18 93
57 19 91
57 20 97
57 21 98
57 22 87
57 23 88
57 24 94
57 25 99
57 26 83
57 27 85
57 28 91
57 29 99
57 30 94
57 31 100
57 32 83
57 33 88
57 34 96
57 35 82
57 36 100
57 37 82
57 38 88
57 39 86
57 40 87
57 41 91
57 42 85
57 43 91
57 44 80
57 45 93
57 46 99
57 47 92
57 48 91
57 49 99
57 50 100
57 51 97
57 52 94
57 53 86
57 54 81
57 55 88
57 56 95
57 58 87
57 59 84
57 60 100
57 61 96
57 62 85
57 63 87
57 64 81
57 65 90
57 66 95
57 67 87
57 68 81
57 69 94
57 70 97
57 71 82
57 72 96
57 73 83
57 74 82
57 75 86
57 76 90
57 77 97
57 78 100
57 79 85
57 80 80
57 81 96
57 82 100
57 83 90
57 84 98
57 85 81
57 86 92
57 87 99
57 88 96
57 89 95
57 90 94
57 91 94
57 92 97
57 93 87
57 94 84
57 95 90
57 96 93
57 97 89
57 98 82
57 99 100
58 1 97
58 2 95
58 3 83
58 4 99
58 5 96
58 6 84
58 7 85
58 8 90
58 9 89
58 10 86
58 11 80
58 12 87
58 13 83
58 14 93
58 15 91
58 16 80
58 17 87
58 18 85
58 19 80
58 20 81
58 21 99
58 22 87
58 23 87
58 24 87
58 25 100
58 26 94
58 27 90
58 28 84
58 29 89
58 30 83
58 31 90
58 32 88
58 33 100
58 34 88
58 35 85
58 36 93
58 37 97
58 38 88
58 39 98
58 40 87
58 41 100
58 42 91
58 43 91
58 44 80
58 45 99
58 46 97
58 47 86
58 48 90
58 49 82
58 50 92
58 51 99
58 52 97
58 53 94
58 54 82
58 55 90
58 56 84
58 57 87
58 59 89
58 60 81
58 61 82
58 62 96
58 63 82
58 64 100
58 65 92
58 66 85
58 67 81
58 68 89
58 69 94
58 70 94
58 71 91
58 72 98
58 73 99
58 74 83
58 75 85
58 76 80
58 77 96
58 78 96
58 79 92
58 80 85
58 81 82
58 82 92
58 83 90
58 84 91
58 85 92
58 86 89
58 87 94
58 88 96
58 89 96
58 90 86
58 91 86
58 92 85
58 93 98
58 94 100
58 95 92
58 96 82
58 97 80
58 98 93
58 99 83
59 1 80
59 2 86
59 3 91
59 4 80
59 5 97
59 6 95
59 7 96
59 8 87
59 9 93
59 10 100
59 11 98
59 12 80
59 13 94
59 14 83
59 15 83
59 16 80
59 17 82
59 18 97
59 19 90
59 20 96
59 21 88
59 22 93
59 23 94
59 24 99
59 25 91
59 26 87
59 27 99
59 28 88
59 29 80
59 30 87
59 31 81
59 32 94
59 33 88
59 34 83
59 35 81
59 36 84
59 37 100
59 38 92
59 39 88
59 40 85
59 41 95
59 42 80
59 43 94
59 44 89
59 45 100
59 46 92
59 47 94
59 48 100
59 49 87
59 50 91
59 51 98
59 52 86
59 53 93
59 54 96
59 55 96
59 56 100
59 57 84
59 58 89
59 60 96
59 61 97
59 62 81
59 63 87
59 64 95
59 65 100
59 66 98
59 67 90
59 68 84
59 69 85
59 70 85
59 71 86
59 72 81
59 73 85
59 74 90
59 75 81
59 76 86
59 77 89
59 78 89
59 79 99
59 80 84
59 81 91
59 82 85
59 83 97
59 84 94
59 85 98
59 86 92
59 87 86
59 88 85
59 89 96
59 90 87
59 91 88
59 92 91
59 93 91
59 94 88
59 95 91
59 96 89
59 97 85
59 98 94
59 99 90
60 1 81
60 2 82
60 3 99
60 4 81
60 5 80
60 6 93
60 7 91
60 8 90
60 9 97
60 10 89
60 11 99
60 12 93
60 13 80
60 14 85
60 15 100
60 16 98
60 17 86
60 18 97
60 19 87
60 20 89
60 21 83
60 22 92
60 23 87
60 24 91
60 25 100
60 26 88
60 27 97
60 28 98
60 29 84
60 30 96
60 31 93
60 32 83
60 33 92
60 34 99
60 35 82
60 36 98
60 37 94
60 38 83
60 39 84
60 40 88
60 41 100
60 42 86
60 43 99
60 44 87
60 45 94
60 46 85
60 47 99
60 48 94
60 49 100
60 50 89
60 51 83
60 52 87
60 53 82
60 54 89
60 55 86
60 56 92
60 57 100
60 58 81
60 59 96
60 61 82
60 62 83
60 63 97
60 64 93
60 65 86
60 66 81
60 67 100
60 68 87
60 69 95
60 70 93
60 71 97
60 72 89
60 73 92
60 74 91
60 75 85
60 76 94
60 77 100
60 78 82
60 79 100
60 80 81
60 81 92
60 82 96
60 83 97
60 84 96
60 85 87
60 86 96
60 87 86
60 88 94
60 89 97
60 90 87
60 91 87
60 92 81
60 93 89
60 94 92
60 95 90
60 96 99
60 97 96
60 98 99
60 99 85
61 1 80
61 2 90
61 3 82
61 4 81
61 5 88
61 6 87
61 7 96
61 8 82
61 9 88
61 10 98
61 11 88
61 12 93
61 13 84
61 14 84
61 15 88
61 16 92
61 17 93
61 18 97
61 19 83
61 20 95
61 21 85
61 22 86
61 23 92
61 24 91
61 25 82
61 26 99
61 27 95
61 28 97
61 29 90
61 30 88
61 31 87
61 32 85
61 33 86
61 34 89
61 35 99
61 36 82
61 37 98
61 38 87
61 39 94
61 40 83
61 41 97
61 42 85
61 43 87
61 44 83
61 45 91
61 46 91
61 47 89
61 48 99
61 49 100
61 50 100
61 51 81
61 52 82
61 53 87
61 54 89
61 55 88
61 56 96
61 57 96
61 58 82
61 59 97
61 60 82
61 62 96
61 63 88
61 64 96
61 65 89
61 66 89
61 67 91
61 68 81
61 69 93
61 70 91
61 71 81
61 72 100
61 73 93
61 74 96
61 75 99
61 76 97
61 77 93
61 78 84
61 79 82
61 80 85
61 81 99
61 82 86
61 83 94
61 84 89
61 85 80
61 86 96
61 87 92
61 88 97
61 89 80
61 90 82
61 91 84
61 92 93
61 93 80
61 94 98
61 95 88
61 96 86
61 97 88
61 98 87
61 99 94
62 1 95
62 2 98
62 3 91
62 4 96
62 5 93
62 6 89
62 7 96
62 8 87
62 9 89
62 10 96
62 11 89
62 12 94
62 13 93
62 14 90
62 15 83
62 16 100
62 17 80
62 18 100
62 19 92
62 20 92
62 21 80
62 22 98
62 23 85
62 24 81
62 25 98
62 26 98
62 27 88
62 28 82
62 29 86
62 30 88
62 31 100
62 32 80
62 33 82
62 34 83
62 35 82
62 36 94
62 37 98
62 38 89
62 39 84
62 40 92
62 41 85
62 42 85
62 43 89
62 44 83
62 45 87
62 46 84
62 47 83
62 48 90
62 49 93
62 50 93
62 51 94
62 52 93
62 53 96
62 54 90
62 55 94
62 56 86
62 57 85
62 58 96
62 59 81
62 60 83
62 61 96
62 63 99
62 64 84
62 65 86
62 66 94
62 67 99
62 68 99
62 69 89
62 70 82
62 71 99
62 72 99
62 73 83
62 74 99
62 75 90
62 76 87
62 77 80
62 78 87
62 79 89
62 80 94
62 81 91
62 82 82
62 83 86
62 84 96
62 85 86
62 86 96
62 87 99
62 88 97
62 89 84
62 90 90
62 91 89
62 92 91
62 93 95
62 94 94
62 95 95
62 96 85
62 97 82
62 98 95
62 99 100
63 1 81
63 2 93
63 3 81
63 4 94
63 5 91
63 6 95
63 7 81
63 8 89
63 9 96
63 10 80
63 11 88
63 12 90
63 13 93
63 14 80
63 15 91
63 16 90
63 17 100
63 18 97
63 19 98
63 20 93
63 21 87
63 22 87
63 23 85
63 24 95
63 25 97
63 26 85
63 27 83
63 28 95
63 29 98
63 30 92
63 31 88
63 32 93
63 33 81
63 34 87
63 35 92
63 36 85
63 37 96
63 38 99
63 39 93
63 40 96
63 41 81
63 42 80
63 43 97
63 44 98
63 45 84
63 46 87
63 47 82
63 48 84
63 49 82
63 50 82
63 51 80
63 52 88
63 53 85
63 54 98
63 55 91
63 56 96
63 57 87
63 58 82
63 59 87
63 60 97
63 61 88
63 62 99
63 64 95
63 65 88
63 66 100
63 67 84
63 68 99
63 69 85
63 70 82
63 71 90
63 72 86
63 73 83
63 74 87
63 75 92
63 76 81
63 77 89
63 78 100
63 79 98
63 80 85
63 81 83
63 82 86
63 83 80
63 84 92
63 85 88
63 86 92
63 87 89
63 88 92
63 89 89
63 90 95
63 91 83
63 92 84
63 93 86
63 94 98
63 95 82
63 96 98
63 97 94
63 98 85
63 99 98
64 1 99
64 2 82
64 3 81
64 4 82
64 5 98
64 6 86
64 7 98
64 8 85
64 9 93
64 10 89
64 11 90
64 12 95
64 13 94
64 14 87
64 15 92
64 16 87
64 17 93
64 18 86
64 19 95
64 20 80
64 21 88
64 22 98
64 23 95
64 24 84
64 25 91
64 26 96
64 27 82
64 28 83
64 29 80
64 30 89
64 31 95
64 32 99
64 33 81
64 34 96
64 35 80
64 36 96
64 37 99
64 38 81
64 39 87
64 40 96
64 41 100
64 42 99
64 43 91
64 44 95
64 45 92
64 46 84
64 47 95
64 48 94
64 49 80
64 50 82
64 51 91
64 52 87
64 53 81
64 54 80
64 55 84
64 56 89
64 57 81
64 58 100
64 59 95
64 60 93
64 61 96
64 62 84
64 63 95
64 65 92
64 66 85
64 67 88
64 68 80
64 69 94
64 70 99
64 71 94
64 72 94
64 73 82
64 74 88
64 75 100
64 76 92
64 77 91
64 78 85
64 79 88
64 80 99
64 81 85
64 82 82
64 83 92
64 84 87
64 85 80
64 86 99
64 87 86
64 88 88
64 89 81
64 90 97
64 91 88
64 92 97
64 93 88
64 94 95
64 95 91
64 96 96
64 97 84
64 98 83
64 99 82
65 1 92
65 2 83
65 3 81
65 4 90
65 5 88
65 6 86
65 7 89
65 8 81
65 9 83
65 10 96
65 11 97
65 12 86
65 13 95
65 14 97
65 15 84
65 16 95
65 17 88
65 18 83
65 19 100
65 20 98
65 21 100
65 22 95
65 23 86
65 24 83
65 25 97
65 26 96
65 27 85
65 28 91
65 29 98
65 30 92
65 31 89
65 32 98
65 33 87
65 34 97
65 35 91
65 36 80
65 37 80
65 38 82
65 39 91
65 40 96
65 41 94
65 42 92
65 43 81
65 44 85
65 45 98
65 46 98
65 47 89
65 48 82
65 49 83
65 50 88
65 51 86
65 52 87
65 53 95
65 54 94
65 55 91
65 56 80
65 57 90
65 58 92
65 59 100
65 60 86
65 61 89
65 62 86
65 63 88
65 64 92
65 66 94
65 67 86
65 68 99
65 69 82
65 70 97
65 71 97
65 72 95
65 73 92
65 74 88
65 75 95
65 76 90
65 77 91
65 78 80
65 79 97
65 80 82
65 81 81
65 82 88
65 83 80
65 84 86
65 85 98
65 86 83
65 87 90
65 88 87
65 89 97
65 90 89
65 91 95
65 92 80
65 93 85
65 94 88
65 95 95
65 96 88
65 97 100
65 98 81
65 99 99
66 1 80
66 2 98
66 3 87
66 4 97
66 5 100
66 6 94
66 7 93
66 8 82
66 9 98
66 10 80
66 11 83
66 12 91
66 13 87
66 14 95
66 15 100
66 16 96
66 17 99
66 18 95
66 19 86
66 20 80
66 21 80
66 22 97
66 23 82
66 24 90
66 25 90
66 26 95
66 27 85
66 28 90
66 29 87
66 30 96
66 31 85
66 32 87
66 33 94
66 34 91
66 35 99
66 36 83
66 37 93
66 38 83
66 39 98
66 40 86
66 41 100
66 42 87
66 43 99
66 44 97
66 45 83
66 46 86
66 47 91
66 48 83
66 49 83
66 50 88
66 51 99
66 52 86
66 53 85
66 54 94
66 55 91
66 56 82
66 57 95
66 58 85
66 59 98
66 60 81
66 61 89
66 62 94
66 63 100
66 64 85
66 65 94
66 67 82
66 68 90
66 69 94
66 70 100
66 71 100
66 72 91
66 73 83
66 74 98
66 75 92
66 76 80
66 77 80
66 78 95
66 79 82
66 80 95
66 81 86
66 82 85
66 83 99
66 84 80
66 85 83
66 86 98
66 87 85
66 88 93
66 89 89
66 90 82
66 91 87
66 92 86
66 93 97
66 94 82
66 95 96
66 96 93
66 97 99
66 98 84
66 99 99
67 1 97
67 2 85
67 3 86
67 4 89
67 5 91
67 6 87
67 7 87
67 8 80
67 9 93
67 10 97
67 11 96
67 12 98
67 13 100
67 14 91
67 15 85
67 16 94
67 17 88
67 18 90
67 19 89
67 20 85
67 21 84
67 22 94
67 23 83
67 24 82
67 25 87
67 26 86
67 27 92
67 28 97
67 29 86
67 30 87
67 31 90
67 32 88
67 33 92
67 34 99
67 35 81
67 36 80
67 37 88
67 38 88
67 39 87
67 40 80
67 41 87
67 42 90
67 43 95
67 44 94
67 45 87
67 46 86
67 47 97
67 48 84
67 49 96
67 50 94
67 51 99
67 52 80
67 53 87
67 54 98
67 55 100
67 56 84
67 57 87
67 58 81
67 59 90
67 60 100
67 61 91
67 62 99
67 63 84
67 64 88
67 65 86
67 66 82
67 68 91
67 69 94
67 70 90
67 71 96
67 72 94
67 73 81
67 74 84
67 75 82
67 76 80
67 77 90
67 78 95
67 79 80
67 80 100
67 81 90
67 82 93
67 83 91
67 84 81
67 85 87
67 86 94
67 87 93
67 88 82
67 89 84
67 90 80
67 91 86
67 92 95
67 93 88
67 94 90
67 95 98
67 96 91
67 97 95
67 98 92
67 99 92
68 1 86
68 2 94
68 3 86
68 4 84
68 5 88
68 6 83
68 7 97
68 8 85
68 9 93
68 10 85
68 11 98
68 12 98
68 13 81
68 14 87
68 15 97
68 16 94
68 17 87
68 18 99
68 19 98
68 20 90
68 21 86
68 22 90
68 23 86
68 24 90
68 25 82
68 26 85
68 27 80
68 28 85
68 29 98
68 30 85
68 31 88
68 32 96
68 33 82
68 34 82
68 35 92
68 36 89
68 37 88
68 38 92
68 39 89
68 40 88
68 41 100
68 42 90
68 43 92
68 44 89
68 45 87
68 46 81
68 47 93
68 48 88
68 49 88
68 50 80
68 51 90
68 52 83
68 53 88
68 54 85
68 55 93
68 56 84
68 57 81
68 58 89
68 59 84
68 60 87
68 61 81
68 62 99
68 63 99
68 64 80
68 65 99
68 66 90
68 67 91
68 69 83
68 70 97
68 71 97
68 72 97
68 73 82
68 74 88
68 75 87
68 76 89
68 77 92
68 78 91
68 79 96
68 80 87
68 81 100
68 82 87
68 83 83
68 84 98
68 85 94
68 86 96
68 87 99
68 88 96
68 89 87
68 90 89
68 91 90
68 92 80
68 93 82
68 94 96
68 95 88
68 96 96
68 97 91
68 98 87
68 99 83
69 1 92
69 2 87
69 3 96
69 4 98
69 5 80
69 6 88
69 7 95
69 8 98
69 9 85
69 10 80
69 11 88
69 12 84
69 13 88
69 14 94
69 15 99
69 16 90
69 17 95
69 18 98
69 19 95
69 20 99
69 21 81
69 22 93
69 23 94
69 24 100
69 25 86
69 26 80
69 27 84
69 28 100
69 29 96
69 30 81
69 31 84
69 32 99
69 33 80
69 34 92
69 35 89
69 36 86
69 37 85
69 38 83
69 39 94
69 40 80
69 41 95
69 42 85
69 43 98
69 44 80
69 45 87
69 46 93
69 47 98
69 48 96
69 49 87
69 50 97
69 51 99
69 52 99
69 53 97
69 54 92
69 55 82
69 56 99
69 57 94
69 58 94
69 59 85
69 60 95
69 61 93
69 62 89
69 63 85
69 64 94
69 65 82
69 66 94
69 67 94
69 68 83
69 70 89
69 71 99
69 72 80
69 73 97
69 74 87
69 75 99
69 76 96
69 77 87
69 78 82
69 79 95
69 80 100
69 81 97
69 82 92
69 83 94
69 84 97
69 85 99
69 86 97
69 87 85
69 88 93
69 89 98
69 90 81
69 91 86
69 92 97
69 93 95
69 94 86
69 95 82
69 96 87
69 97 97
69 98 94
69 99 90
70 1 98
70 2 96
70 3 89
70 4 96
70 5 81
70 6 82
70 7 97
70 8 97
70 9 90
70 10 81
70 11 82
70 12 96
70 13 88
70 14 100
70 15 97
70 16 94
70 17 82
70 18 86
70 19 100
70 20 84
70 21 86
70 22 93
70 23 97
70 24 87
70 25 85
70 26 85
70 27 88
70 28 82
70 29 86
70 30 81
70 31 92
70 32 88
70 33 81
70 34 81
70 35 82
70 36 80
70 37 99
70 38 95
70 39 84
70 40 81
70 41 89
70 42 94
70 43 90
70 44 82
70 45 82
70 46 91
70 47 92
70 48 85
70 49 93
70 50 82
70 51 99
70 52 92
70 53 81
70 54 90
70 55 98
70 56 88
70 57 97
70 58 94
70 59 85
70 60 93
70 61 91
70 62 82
70 63 82
70 64 99
70 65 97
70 66 100
70 67 90
70 68 97
70 69 89
70 71 83
70 72 97
70 73 86
70 74 89
70 75 99
70 76 99
70 77 85
70 78 92
70 79 98
70 80 86
70 81 94
70 82 84
70 83 83
70 84 98
70 85 92
70 86 81
70 87 90
70 88 96
70 89 92
70 90 100
70 91 90
70 92 98
70 93 93
70 94 99
70 95 80
70 96 92
70 97 87
70 98 84
70 99 81
71 1 88
71 2 86
71 3 98
71 4 92
71 5 91
71 6 89
71 7 96
71 8 82
71 9 95
71 10 91
71 11 82
71 12 97
71 13 82
71 14 88
71 15 87
71 16 100
71 17 84
71 18 84
71 19 80
71 20 92
71 21 97
71 22 95
71 23 82
71 24 86
71 25 97
71 26 90
71 27 82
71 28 94
71 29 97
71 30 93
71 31 87
71 32 98
71 33 86
71 34 98
71 35 95
71 36 90
71 37 85
71 38 89
71 39 93
71 40 95
71 41 83
71 42 97
71 43 91
71 44 83
71 45 97
71 46 83
71 47 80
71 48 97
71 49 86
71 50 98
71 51 100
71 52 94
71 53 94
71 54 96
71 55 98
71 56 84
71 57 82
71 58 91
71 59 86
71 60 97
71 61 81
71 62 99
71 63 90
71 64 94
71 65 97
71 66 100
71 67 96
71 68 97
71 69 99
71 70 83
71 72 95
71 73 84
71 74 84
71 75 84
71 76 82
71 77 100
71 78 86
71 79 90
71 80 98
71 81 83
71 82 81
71 83 94
71 84 93
71 85 85
71 86 91
71 87 87
71 88 81
71 89 85
71 90 95
71 91 93
71 92 88
71 93 81
71 94 87
71 95 98
71 96 91
71 97 88
71 98 84
71 99 87
72 1 80
72 2 84
72 3 91
72 4 81
72 5 91
72 6 82
72 7 88
72 8 98
72 9 94
72 10 87
72 11 94
72 12 97
72 13 80
72 14 93
72 15 97
72 16 85
72 17 97
72 18 85
72 19 87
72 20 86
72 21 94
72 22 94
72 23 98
72 24 100
72 25 80
72 26 97
72 27 97
72 28 99
72 29 100
72 30 82
72 31 92
72 32 98
72 33 96
72 34 92
72 35 83
72 36 92
72 37 89
72 38 90
72 39 85
72 40 85
72 41 86
72 42 96
72 43 81
72 44 99
72 45 97
72 46 80
72 47 91
72 48 92
72 49 93
72 50 87
72 51 90
72 52 93
72 53 82
72 54 91
72 55 91
72 56 82
72 57 96
72 58 98
72 59 81
72 60 89
72 61 100
72 62 99
72 63 86
72 64 94
72 65 95
72 66 91
72 67 94
72 68 97
72 69 80
72 70 97
72 71 95
72 73 97
72 74 80
72 75 99
72 76 88
72 77 91
72 78 86
72 79 87
72 80 87
72 81 90
72 82 96
72 83 89
72 84 88
72 85 85
72 86 91
72 87 90
72 88 81
72 89 100
72 90 89
72 91 85
72 92 90
72 93 99
72 94 87
72 95 91
72 96 85
72 97 96
72 98 95
72 99 90
73 1 85
73 2 99
73 3 87
73 4 96
73 5 82
73 6 87
73 7 96
73 8 99
73 9 82
73 10 80
73 11 85
73 12 81
73 13 94
73 14 92
73 15 83
73 16 84
73 17 88
73 18 87
73 19 90
73 20 99
73 21 97
73 22 98
73 23 91
73 24 90
73 25 87
73 26 98
73 27 88
73 28 99
73 29 92
73 30 96
73 31 87
73 32 96
73 33 94
73 34 85
73 35 83
73 36 89
73 37 91
73 38 85
73 39 96
73 40 83
73 41 80
73 42 88
73 43 87
73 44 92
73 45 96
73 46 97
73 47 96
73 48 100
73 49 100
73 50 93
73 51 85
73 52 94
73 53 89
73 54 86
73 55 94
73 56 84
73 57 83
73 58 99
73 59 85
73 60 92
73 61 93
73 62 83
73 63 83
73 64 82
73 65 92
73 66 83
73 67 81
73 68 82
73 69 97
73 70 86
73 71 84
73 72 97
73 74 84
73 75 80
73 76 99
73 77 87
73 78 90
73 79 85
73 80 92
73 81 86
73 82 94
73 83 99
73 84 98
73 85 92
73 86 86
73 87 87
73 88 85
73 89 94
73 90 90
73 91 84
73 92 96
73 93 82
73 94 85
73 95 88
73 96 93
73 97 81
73 98 88
73 99 92
74 1 93
74 2 90
74 3 88
74 4 89
74 5 92
74 6 83
74 7 95
74 8 81
74 9 100
74 10 99
74 11 86
74 12 89
74 13 91
74 14 91
74 15 97
74 16 100
74 17 88
74 18 85
74 19 99
74 20 98
74 21 98
74 22 98
74 23 84
74 24 88
74 25 83
74 26 89
74 27 89
74 28 80
74 29 90
74 30 91
74 31 98
74 32 80
74 33 98
74 34 86
74 35 95
74 36 90
74 37 89
74 38 80
74 39 80
74 40 80
74 41 94
74 42 87
74 43 100
74 44 92
74 45 90
74 46 93
74 47 92
74 48 83
74 49 98
74 50 90
74 51 96
74 52 93
74 53 92
74 54 91
74 55 80
74 56 92
74 57 82
74 58 83
74 59 90
74 60 91
74 61 96
74 62 99
74 63 87
74 64 88
74 65 88
74 66 98
74 67 84
74 68 88
74 69 87
74 70 89
74 71 84
74 72 80
74 73 84
74 75 93
74 76 82
74 77 99
74 78 88
74 79 92
74 80 88
74 81 88
74 82 100
74 83 99
74 84 87
74 85 99
74 86 81
74 87 98
74 88 86
74 89 87
74 90 100
74 91 100
74 92 84
74 93 87
74 94 81
74 95 92
74 96 98
74 97 97
74 98 84
74 99 85
75 1 83
75 2 98
75 3 85
75 4 94
75 5 98
75 6 98
75 7 88
75 8 100
75 9 81
75 10 92
75 11 84
75 12 96
75 13 86
75 14 82
75 15 84
75 16 85
75 17 80
75 18 92
75 19 85
75 20 87
75 21 83
75 22 92
75 23 96
75 24 89
75 25 83
75 26 90
75 27 86
75 28 82
75 29 95
75 30 82
75 31 82
75 32 97
75 33 97
75 34 83
75 35 91
75 36 91
75 37 82
75 38 97
75 39 92
75 40 97
75 41 86
75 42 92
75 43 100
75 44 93
75 45 91
75 46 95
75 47 80
75 48 85
75 49 81
75 50 84
75 51 80
75 52 82
75 53 94
75 54 88
75 55 93
75 56 90
75 57 86
75 58 85
75 59 81
75 60 85
75 61 99
75 62 90
75 63 92
75 64 100
75 65 95
75 66 92
75 67 82
75 68 87
75 69 99
75 70 99
75 71 84
75 72 99
75 73 80
75 74 93
75 76 89
75 77 81
75 78 83
75 79 96
75 80 92
75 81 88
75 82 95
75 83 100
75 84 88
75 85 97
75 86 86
75 87 86
75 88 85
75 89 97
75 90 85
75 91 94
75 92 97
75 93 89
75 94 88
75 95 94
75 96 94
75 97 84
75 98 95
75 99 86
76 1 84
76 2 87
76 3 91
76 4 81
76 5 84
76 6 87
76 7 83
76 8 82
76 9 91
76 10 93
76 11 92
76 12 100
76 13 90
76 14 97
76 15 91
76 16 80
76 17 90
76 18 82
76 19 89
76 20 98
76 21 90
76 22 90
76 23 81
76 24 97
76 25 84
76 26 98
76 27 100
76 28 97
76 29 80
76 30 82
76 31 85
76 32 96
76 33 87
76 34 87
76 35 95
76 36 90
76 37 94
76 38 93
76 39 95
76 40 87
76 41 99
76 42 89
76 43 85
76 44 91
76 45 89
76 46 100
76 47 83
76 48 81
76 49 87
76 50 87
76 51 92
76 52 98
76 53 96
76 54 85
76 55 83
76 56 87
76 57 90
76 58 80
76 59 86
76 60 94
76 61 97
76 62 87
76 63 81
76 64 92
76 65 90
76 66 80
76 67 80
76 68 89
76 69 96
76 70 99
76 71 82
76 72 88
76 73 99
76 74 82
76 75 89
76 77 92
76 78 81
76 79 95
76 80 80
76 81 96
76 82 90
76 83 97
76 84 84
76 85 93
76 86 84
76 87 92
76 88 89
76 89 92
76 90 93
76 91 80
76 92 99
76 93 94
76 94 91
76 95 83
76 96 85
76 97 94
76 98 92
76 99 100
77 1 81
77 2 93
77 3 93
77 4 91
77 5 80
77 6 88
77 7 83
77 8 92
77 9 83
77 10 82
77 11 99
77 12 87
77 13 99
77 14 89
77 15 81
77 16 100
77 17 89
77 18 83
77 19 91
77 20 100
77 21 83
77 22 89
77 23 94
77 24 88
77 25 87
77 26 87
77 27 99
77 28 86
77 29 97
77 30 100
77 31 84
77 32 85
77 33 94
77 34 85
77 35 81
77 36 85
77 37 99
77 38 94
77 39 92
77 40 99
77 41 93
77 42 100
77 43 95
77 44 90
77 45 91
77 46 88
77 47 97
77 48 93
77 49 80
77 50 88
77 51 93
77 52 97
77 53 94
77 54 91
77 55 81
77 56 91
77 57 97
77 58 96
77 59 89
77 60 100
77 61 93
77 62 80
77 63 89
77 64 91
77 65 91
77 66 80
77 67 90
77 68 92
77 69 87
77 70 85
77 71 100
77 72 91
77 73 87
77 74 99
77 75 81
77 76 92
77 78 93
77 79 89
77 80 87
77 81 89
77 82 91
77 83 94
77 84 99
77 85 89
77 86 89
77 87 100
77 88 83
77 89 89
77 90 94
77 91 96
77 92 87
77 93 89
77 94 88
77 95 86
77 96 95
77 97 94
77 98 91
77 99 88
78 1 85
78 2 92
78 3 89
78 4 90
78 5 99
78 6 95
78 7 100
78 8 80
78 9 95
78 10 80
78 11 96
78 12 82
78 13 88
78 14 85
78 15 88
78 16 84
78 17 86
78 18 95
78 19 82
78 20 86
78 21 98
78 22 87
78 23 92
78 24 91
78 25 82
78 26 82
78 27 87
78 28 87
78 29 98
78 30 88
78 31 99
78 32 91
78 33 91
78 34 98
78 35 81
78 36 90
78 37 89
78 38 88
78 39 86
78 40 83
78 41 97
78 42 92
78 43 98
78 44 87
78 45 89
78 46 92
78 47 87
78 48 81
78 49 83
78 50 88
78 51 96
78 52 95
78 53 87
78 54 97
78 55 96
78 56 100
78 57 100
78 58 96
78 59 89
78 60 82
78 61 84
78 62 87
78 63 100
78 64 85
78 65 80
78 66 95
78 67 95
78 68 91
78 69 82
78 70 92
78 71 86
78 72 86
78 73 90
78 74 88
78 75 83
78 76 81
78 77 93
78 79 85
78 80 93
78 81 83
78 82 98
78 83 98
78 84 83
78 85 85
78 86 99
78 87 88
78 88 94
78 89 100
78 90 92
78 91 88
78 92 80
78 93 95
78 94 81
78 95 100
78 96 87
78 97 95
78 98 89
78 99 94
79 1 86
79 2 100
79 3 99
79 4 99
79 5 86
79 6 92
79 7 90
79 8 96
79 9 99
79 10 89
79 11 100
79 12 86
79 13 94
79 14 88
79 15 82
79 16 90
79 17 87
79 18 87
79 19 87
79 20 99
79 21 89
79 22 86
79 23 91
79 24 82
79 25 85
79 26 87
79 27 90
79 28 84
79 29 93
79 30 100
79 31 87
79 32 100
79 33 92
79 34 91
79 35 87
79 36 84
79 37 85
79 38 98
79 39 99
79 40 92
79 41 84
79 42 81
79 43 98
79 44 98
79 45 93
79 46 96
79 47 96
79 48 87
79 49 83
79 50 83
79 51 86
79 52 97
79 53 87
79 54 98
79 55 87
79 56 84
79 57 85
79 58 92
79 59 99
79 60 100
79 61 82
79 62 89
79 63 98
79 64 88
79 65 97
79 66 82
79 67 80
79 68 96
79 69 95
79 70 98
79 71 90
79 72 87
79 73 85
79 74 92
79 75 96
79 76 95
79 77 89
79 78 85
79 80 82
79 81 95
79 82 97
79 83 83
79 84 97
79 85 92
79 86 88
79 87 90
79 88 87
79 89 97
79 90 82
79 91 89
79 92 81
79 93 93
79 94 85
79 95 97
79 96 98
79 97 86
79 98 100
79 99 91
80 1 98
80 2 80
80 3 90
80 4 85
80 5 90
80 6 86
80 7 90
80 8 98
80 9 89
80 10 100
80 11 86
80 12 91
80 13 83
80 14 80
80 15 97
80 16 88
80 17 96
80 18 95
80 19 84
80 20 98
80 21 83
80 22 83
80 23 95
80 24 82
80 25 82
80 26 84
80 27 87
80 28 88
80 29 82
80 30 94
80 31 100
80 32 86
80 33 86
80 34 100
80 35 98
80 36 96
80 37 80
80 38 92
80 39 90
80 40 84
80 41 100
80 42 93
80 43 99
80 44 94
80 45 100
80 46 90
80 47 95
80 48 87
80 49 95
80 50 100
80 51 92
80 52 95
80 53 99
80 54 99
80 55 95
80 56 86
80 57 80
80 58 85
80 59 84
80 60 81
80 61 85
80 62 94
80 63 85
80 64 99
80 65 82
80 66 95
80 67 100
80 68 87
80 69 100
80 70 86
80 71 98
80 72 87
80 73 92
80 74 88
80 75 92
80 76 80
80 77 87
80 78 93
80 79 82
80 81 92
80 82 91
80 83 99
80 84 94
80 85 84
80 86 85
80 87 84
80 88 88
80 89 94
80 90 83
80 91 82
80 92 95
80 93 97
80 94 84
80 95 88
80 96 99
80 97 95
80 98 90
80 99 94
81 1 97
81 2 93
81 3 99
81 4 84
81 5 93
81 6 96
81 7 91
81 8 90
81 9 87
81 10 80
81 11 96
81 12 100
81 13 94
81 14 93
81 15 81
81 16 81
81 17 83
81 18 85
81 19 80
81 20 94
81 21 94
81 22 96
81 23 86
81 24 82
81 25 80
81 26 85
81 27 94
81 28 82
81 29 97
81 30 81
81 31 88
81 32 85
81 33 83
81 34 88
81 35 86
81 36 93
81 37 80
81 38 85
81 39 88
81 40 85
81 41 88
81 42 84
81 43 86
81 44 81
81 45 84
81 46 86
81 47 80
81 48 83
81 49 87
81 50 94
81 51 86
81 52 98
81 53 82
81 54 81
81 55 89
81 56 88
81 57 96
81 58 82
81 59 91
81 60 92
81 61 99
81 62 91
81 63 83
81 64 85
81 65 81
81 66 86
81 67 90
81 68 100
81 69 97
81 70 94
81 71 83
81 72 90
81 73 86
81 74 88
81 75 88
81 76 96
81 77 89
81 78 83
81 79 95
81 80 92
81 82 96
81 83 86
81 84 87
81 85 100
81 86 87
81 87 89
81 88 87
81 89 90
81 90 86
81 91 80
81 92 90
81 93 90
81 94 96
81 95 88
81 96 88
81 97 97
81 98 85
81 99 97
82 1 86
82 2 100
82 3 86
82 4 94
82 5 88
82 6 85
82 7 80
82 8 81
82 9 96
82 10 100
82 11 86
82 12 82
82 13 100
82 14 97
82 15 98
82 16 83
82 17 84
82 18 99
82 19 99
82 20 89
82 21 83
82 22 83
82 23 92
82 24 96
82 25 85
82 26 90
82 27 97
82 28 97
82 29 86
82 30 95
82 31 85
82 32 95
82 33 96
82 34 80
82 35 85
82 36 87
82 37 80
82 38 87
82 39 98
82 40 84
82 41 83
82 42 84
82 43 89
82 44 94
82 45 95
82 46 87
82 47 96
82 48 90
82 49 86
82 50 93
82 51 83
82 52 83
82 53 98
82 54 88
82 55 84
82 56 94
82 57 100
82 58 92
82 59 85
82 60 96
82 61 86
82 62 82
82 63 86
82 64 82
82 65 88
82 66 85
82 67 93
82 68 87
82 69 92
82 70 84
82 71 81
82 72 96
82 73 94
82 74 100
82 75 95
82 76 90
82 77 91
82 78 98
82 79 97
82 80 91
82 81 96
82 83 88
82 84 82
82 85 97
82 86 94
82 87 86
82 88 92
82 89 94
82 90 86
82 91 82
82 92 89
82 93 92
82 94 84
82 95 90
82 96 80
82 97 86
82 98 83
82 99 86
83 1 84
83 2 82
83 3 95
83 4 91
83 5 95
83 6 90
83 7 98
83 8 91
83 9 97
83 10 86
83 11 92
83 12 93
83 13 83
83 14 84
83 15 90
83 16 96
83 17 88
83 18 84
83 19 95
83 20 85
83 21 84
83 22 92
83 23 93
83 24 90
83 25 89
83 26 91
83 27 80
83 28 96
83 29 91
83 30 94
83 31 90
83 32 94
83 33 99
83 34 83
83 35 84
83 36 81
83 37 95
83 38 91
83 39 81
83 40 99
83 41 84
83 42 98
83 43 93
83 44 96
83 45 95
83 46 97
83 47 84
83 48 82
83 49 86
83 50 97
83 51 84
83 52 87
83 53 94
83 54 80
83 55 80
83 56 88
83 57 90
83 58 90
83 59 97
83 60 97
83 61 94
83 62 86
83 63 80
83 64 92
83 65 80
83 66 99
83 67 91
83 68 83
83 69 94
83 70 83
83 71 94
83 72 89
83 73 99
83 74 99
83 75 100
83 76 97
83 77 94
83 78 98
83 79 83
83 80 99
83 81 86
83 82 88
83 84 98
83 85 92
83 86 90
83 87 96
83 88 80
83 89 84
83 90 90
83 91 83
83 92 88
83 93 87
83 94 86
83 95 85
83 96 88
83 97 91
83 98 90
83 99 96
84 1 91
84 2 84
84 3 94
84 4 100
84 5 96
84 6 89
84 7 80
84 8 93
84 9 81
84 10 100
84 11 94
84 12 100
84 13 88
84 14 83
84 15 83
84 16 100
84 17 97
84 18 92
84 19 92
84 20 95
84 21 85
84 22 84
84 23 87
84 24 100
84 25 98
84 26 93
84 27 86
84 28 85
84 29 88
84 30 80
84 31 82
84 32 92
84 33 84
84 34 83
84 35 98
84 36 98
84 37 85
84 38 84
84 39 96
84 40 89
84 41 87
84 42 86
84 43 83
84 44 98
84 45 85
84 46 86
84 47 86
84 48 97
84 49 94
84 50 82
84 51 88
84 52 99
84 53 94
84 54 94
84 55 80
84 56 86
84 57 98
84 58 91
84 59 94
84 60 96
84 61 89
84 62 96
84 63 92
84 64 87
84 65 86
84 66 80
84 67 81
84 68 98
84 69 97
84 70 98
84 71 93
84 72 88
84 73 98
84 74 87
84 75 88
84 76 84
84 77 99
84 78 83
84 79 97
84 80 94
84 81 87
84 82 82
84 83 98
84 85 89
84 86 97
84 87 84
84 88 94
84 89 83
84 90 97
84 91 91
84 92 97
84 93 99
84 94 84
84 95 97
84 96 87
84 97 84
84 98 81
84 99 99
85 1 81
85 2 87
85 3 95
85 4 87
85 5 98
85 6 90
85 7 93
85 8 85
85 9 88
85 10 84
85 11 97
85 12 91
85 13 97
85 14 92
85 15 95
85 16 95
85 17 85
85 18 80
85 19 99
85 20 100
85 21 86
85 22 88
85 23 87
85 24 93
85 25 97
85 26 95
85 27 100
85 28 90
85 29 88
85 30 92
85 31 87
85 32 81
85 33 99
85 34 82
85 35 87
85 36 93
85 37 95
85 38 96
85 39 84
85 40 96
85 41 94
85 42 93
85 43 98
85 44 90
85 45 100
85 46 86
85 47 92
85 48 94
85 49 86
85 50 89
85 51 99
85 52 85
85 53 92
85 54 89
85 55 97
85 56 86
85 57 81
85 58 92
85 59 98
85 60 87
85 61 80
85 62 86
85 63 88
85 64 80
85 65 98
85 66 83
85 67 87
85 68 94
85 69 99
85 70 92
85 71 85
85 72 85
85 73 92
85 74 99
85 75 97
85 76 93
85 77 89
85 78 85
85 79 92
85 80 84
85 81 100
85 82 97
85 83 92
85 84 89
85 86 96
85 87 86
85 88 87
85 89 96
85 90 83
85 91 99
85 92 81
85 93 86
85 94 92
85 95 84
85 96 90
85 97 95
85 98 91
85 99 94
86 1 91
86 2 91
86 3 80
86 4 82
86 5 100
86 6 97
86 7 88
86 8 91
86 9 91
86 10 86
86 11 100
86 12 100
86 13 81
86 14 100
86 15 92
86 16 90
86 17 92
86 18 93
86 19 86
86 20 88
86 21 85
86 22 84
86 23 87
86 24 91
86 25 84
86 26 90
86 27 88
86 28 99
86 29 94
86 30 82
86 31 81
86 32 99
86 33 80
86 34 96
86 35 100
86 36 89
86 37 88
86 38 90
86 39 83
86 40 92
86 41 80
86 42 97
86 43 90
86 44 80
86 45 82
86 46 94
86 47 88
86 48 89
86 49 95
86 50 90
86 51 97
86 52 92
86 53 88
86 54 92
86 55 84
86 56 90
86 57 92
86 58 89
86 59 92
86 60 96
86 61 96
86 62 96
86 63 92
86 64 99
86 65 83
86 66 98
86 67 94
86 68 96
86 69 97
86 70 81
86 71 91
86 72 91
86 73 86
86 74 81
86 75 86
86 76 84
86 77 89
86 78 99
86 79 88
86 80 85
86 81 87
86 82 94
86 83 90
86 84 97
86 85 96
86 87 92
86 88 90
86 89 97
86 90 92
86 91 93
86 92 86
86 93 94
86 94 100
86 95 90
86 96 81
86 97 93
86 98 96
86 99 88
87 1 82
87 2 90
87 3 91
87 4 99
87 5 89
87 6 82
87 7 87
87 8 100
87 9 98
87 10 89
87 11 86
87 12 90
87 13 99
87 14 98
87 15 96
87 16 80
87 17 89
87 18 82
87 19 92
87 20 85
87 21 88
87 22 100
87 23 96
87 24 95
87 25 81
87 26 85
87 27 90
87 28 93
87 29 92
87 30 95
87 31 88
87 32 89
87 33 81
87 34 100
87 35 89
87 36 90
87 37 99
87 38 91
87 39 82
87 40 90
87 41 90
87 42 95
87 43 80
87 44 95
87 45 80
87 46 81
87 47 84
87 48 80
87 49 98
87 50 100
87 51 99
87 52 80
87 53 88
87 54 97
87 55 96
87 56 96
87 57 99
87 58 94
87 59 86
87 60 86
87 61 92
87 62 99
87 63 89
87 64 86
87 65 90
87 66 85
87 67 93
87 68 99
87 69 85
87 70 90
87 71 87
87 72 90
87 73 87
87 74 98
87 75 86
87 76 92
87 77 100
87 78 88
87 79 90
87 80 84
87 81 89
87 82 86
87 83 96
87 84 84
87 85 86
87 86 92
87 88 86
87 89 90
87 90 90
87 91 85
87 92 85
87 93 94
87 94 100
87 95 95
87 96 82
87 97 85
87 98 100
87 99 99
88 1 80
88 2 89
88 3 87
88 4 85
88 5 87
88 6 91
88 7 99
88 8 83
88 9 96
88 10 99
88 11 95
88 12 90
88 13 84
88 14 82
88 15 97
88 16 89
88 17 91
88 18 88
88 19 99
88 20 90
88 21 90
88 22 90
88 23 80
88 24 87
88 25 86
88 26 99
88 27 98
88 28 99
88 29 81
88 30 82
88 31 90
88 32 95
88 33 87
88 34 89
88 35 85
88 36 90
88 37 95
88 38 90
88 39 83
88 40 93
88 41 98
88 42 90
88 43 80
88 44 81
88 45 89
88 46 92
88 47 83
88 48 98
88 49 100
88 50 92
88 51 95
88 52 100
88 53 94
88 54 86
88 55 94
88 56 85
88 57 96
88 58 96
88 59 85
88 60 94
88 61 97
88 62 97
88 63 92
88 64 88
88 65 87
88 66 93
88 67 82
88 68 96
88 69 93
88 70 96
88 71 81
88 72 81
88 73 85
88 74 86
88 75 85
88 76 89
88 77 83
88 78 94
88 79 87
88 80 88
88 81 87
88 82 92
88 83 80
88 84 94
88 85 87
88 86 90
88 87 86
88 89 99
88 90 94
88 91 99
88 92 81
88 93 100
88 94 81
88 95 97
88 96 80
88 97 99
88 98 93
88 99 90
89 1 87
89 2 87
89 3 87
89 4 96
89 5 100
89 6 97
89 7 94
89 8 91
89 9 86
89 10 95
89 11 86
89 12 99
89 13 98
89 14 98
89 15 100
89 16 83
89 17 89
89 18 86
89 19 88
89 20 100
89 21 98
89 22 82
89 23 99
89 24 86
89 25 100
89 26 81
89 27 95
89 28 83
89 29 100
89 30 86
89 31 97
89 32 80
89 33 91
89 34 80
89 35 88
89 36 84
89 37 97
89 38 83
89 39 93
89 40 88
89 41 96
89 42 84
89 43 87
89 44 89
89 45 99
89 46 87
89 47 98
89 48 90
89 49 85
89 50 83
89 51 98
89 52 87
89 53 91
89 54 82
89 55 97
89 56 97
89 57 95
89 58 96
89 59 96
89 60 97
89 61 80
89 62 84
89 63 89
89 64 81
89 65 97
89 66 89
89 67 84
89 68 87
89 69 98
89 70 92
89 71 85
89 72 100
89 73 94
89 74 87
89 75 97
89 76 92
89 77 89
89 78 100
89 79 97
89 80 94
89 81 90
89 82 94
89 83 84
89 84 83
89 85 96
89 86 97
89 87 90
89 88 99
89 90 100
89 91 81
89 92 91
89 93 96
89 94 82
89 95 80
89 96 81
89 97 87
89 98 88
89 99 96
90 1 98
90 2 86
90 3 88
90 4 85
90 5 97
90 6 85
90 7 98
90 8 84
90 9 85
90 10 94
90 11 87
90 12 85
90 13 90
90 14 91
90 15 87
90 16 97
90 17 87
90 18 81
90 19 85
90 20 100
90 21 97
90 22 90
90 23 83
90 24 89
90 25 81
90 26 80
90 27 97
90 28 93
90 29 84
90 30 88
90 31 99
90 32 85
90 33 96
90 34 83
90 35 93
90 36 85
90 37 82
90 38 96
90 39 92
90 40 89
90 41 82
90 42 91
90 43 99
90 44 100
90 45 84
90 46 88
90 47 90
90 48 98
90 49 100
90 50 98
90 51 90
90 52 82
90 53 89
90 54 100
90 55 85
90 56 84
90 57 94
90 58 86
90 59 87
90 60 87
90 61 82
90 62 90
90 63 95
90 64 97
90 65 89
90 66 82
90 67 80
90 68 89
90 69 81
90 70 100
90 71 95
90 72 89
90 73 90
90 74 100
90 75 85
90 76 93
90 77 94
90 78 92
90 79 82
90 80 83
90 81 86
90 82 86
90 83 90
90 84 97
90 85 83
90 86 92
90 87 90
90 88 94
90 89 100
90 91 87
90 92 82
90 93 98
90 94 90
90 95 100
90 96 94
90 97 91
90 98 87
90 99 83
91 1 87
91 2 81
91 3 85
91 4 80
91 5 82
91 6 81
91 7 89
91 8 83
91 9 96
91 10 89
91 11 98
91 12 82
91 13 92
91 14 86
91 15 86
91 16 91
91 17 89
91 18 99
91 19 99
91 20 93
91 21 87
91 22 97
91 23 95
91 24 93
91 25 98
91 26 98
91 27 93
91 28 91
91 29 83
91 30 83
91 31 92
91 32 97
91 33 94
91 34 100
91 35 100
91 36 99
91 37 88
91 38 99
91 39 86
91 40 95
91 41 97
91 42 84
91 43 87
91 44 88
91 45 97
91 46 80
91 47 86
91 48 95
91 49 85
91 50 96
91 51 94
91 52 90
91 53 95
91 54 83
91 55 97
91 56 90
91 57 94
91 58 86
91 59 88
91 60 87
91 61 84
91 62 89
91 63 83
91 64 88
91 65 95
91 66 87
91 67 86
91 68 90
91 69 86
91 70 90
91 71 93
91 72 85
91 73 84
91 74 100
91 75 94
91 76 80
91 77 96
91 78 88
91 79 89
91 80 82
91 81 80
91 82 82
91 83 83
91 84 91
91 85 99
91 86 93
91 87 85
91 88 99
91 89 81
91 90 87
91 92 98
91 93 85
91 94 84
91 95 97
91 96 86
91 97 90
91 98 80
91 99 91
92 1 86
92 2 87
92 3 81
92 4 95
92 5 91
92 6 87
92 7 88
92 8 91
92 9 98
92 10 83
92 11 94
92 12 91
92 13 86
92 14 91
92 15 87
92 16 90
92 17 88
92 18 95
92 19 90
92 20 88
92 21 89
92 22 81
92 23 99
92 24 94
92 25 86
92 26 89
92 27 99
92 28 85
92 29 94
92 30 97
92 31 89
92 32 92
92 33 93
92 34 96
92 35 87
92 36 100
92 37 96
92 38 94
92 39 83
92 40 83
92 41 94
92 42 94
92 43 90
92 44 100
92 45 98
92 46 95
92 47 80
92 48 86
92 49 99
92 50 91
92 51 81
92 52 95
92 53 85
92 54 81
92 55 89
92 56 87
92 57 97
92 58 85
92 59 91
92 60 81
92 61 93
92 62 91
92 63 84
92 64 97
92 65 80
92 66 86
92 67 95
92 68 80
92 69 97
92 70 98
92 71 88
92 72 90
92 73 96
92 74 84
92 75 97
92 76 99
92 77 87
92 78 80
92 79 81
92 80 95
92 81 90
92 82 89
92 83 88
92 84 97
92 85 81
92 86 86
92 87 85
92 88 81
92 89 91
92 90 82
92 91 98
92 93 80
92 94 99
92 95 89
92 96 90
92 97 91
92 98 81
92 99 90
93 1 91
93 2 82
93 3 84
93 4 93
93 5 85
93 6 98
93 7 95
93 8 83
93 9 83
93 10 94
93 11 80
93 12 92
93 13 92
93 14 99
93 15 93
93 16 94
93 17 90
93 18 89
93 19 85
93 20 98
93 21 89
93 22 98
93 23 100
93 24 86
93 25 80
93 26 82
93 27 83
93 28 94
93 29 88
93 30 99
93 31 81
93 32 95
93 33 82
93 34 84
93 35 87
93 36 93
93 37 97
93 38 97
93 39 85
93 40 88
93 41 92
93 42 90
93 43 93
93 44 99
93 45 96
93 46 96
93 47 96
93 48 95
93 49 88
93 50 87
93 51 99
93 52 83
93 53 91
93 54 82
93 55 92
93 56 86
93 57 87
93 58 98
93 59 91
93 60 89
93 61 80
93 62 95
93 63 86
93 64 88
93 65 85
93 66 97
93 67 88
93 68 82
93 69 95
93 70 93
93 71 81
93 72 99
93 73 82
93 74 87
93 75 89
93 76 94
93 77 89
93 78 95
93 79 93
93 80 97
93 81 90
93 82 92
93 83 87
93 84 99
93 85 86
93 86 94
93 87 94
93 88 100
93 89 96
93 90 98
93 91 85
93 92 80
93 94 95
93 95 98
93 96 88
93 97 86
93 98 85
93 99 93
94 1 100
94 2 97
94 3 90
94 4 89
94 5 88
94 6 85
94 7 93
94 8 93
94 9 97
94 10 96
94 11 89
94 12 96
94 13 86
94 14 88
94 15 99
94 16 86
94 17 95
94 18 100
94 19 84
94 20 100
94 21 94
94 22 100
94 23 89
94 24 100
94 25 92
94 26 93
94 27 87
94 28 93
94 29 91
94 30 84
94 31 88
94 32 87
94 33 90
94 34 85
94 35 84
94 36 99
94 37 81
94 38 91
94 39 90
94 40 88
94 41 82
94 42 85
94 43 90
94 44 89
94 45 96
94 46 97
94 47 87
94 48 86
94 49 88
94 50 84
94 51 90
94 52 81
94 53 90
94 54 83
94 55 95
94 56 89
94 57 84
94 58 100
94 59 88
94 60 92
94 61 98
94 62 94
94 63 98
94 64 95
94 65 88
94 66 82
94 67 90
94 68 96
94 69 86
94 70 99
94 71 87
94 72 87
94 73 85
94 74 81
94 75 88
94 76 91
94 77 88
94 78 81
94 79 85
94 80 84
94 81 96
94 82 84
94 83 86
94 84 84
94 85 92
94 86 100
94 87 100
94 88 81
94 89 82
94 90 90
94 91 84
94 92 99
94 93 95
94 95 81
94 96 81
94 97 90
94 98 96
94 99 96
95 1 86
95 2 83
95 3 80
95 4 99
95 5 84
95 6 88
95 7 83
95 8 87
95 9 95
95 10 89
95 11 90
95 12 83
95 13 98
95 14 87
95 15 90
95 16 94
95 17 86
95 18 100
95 19 90
95 20 100
95 21 86
95 22 82
95 23 92
95 24 86
95 25 99
95 26 99
95 27 90
95 28 87
95 29 96
95 30 96
95 31 86
95 32 91
95 33 91
95 34 97
95 35 84
95 36 90
95 37 80
95 38 86
95 39 80
95 40 99
95 41 88
95 42 81
95 43 95
95 44 85
95 45 94
95 46 100
95 47 93
95 48 90
95 49 84
95 50 82
95 51 97
95 52 83
95 53 97
95 54 80
95 55 84
95 56 100
95 57 90
95 58 92
95 59 91
95 60 90
95 61 88
95 62 95
95 63 82
95 64 91
95 65 95
95 66 96
95 67 98
95 68 88
95 69 82
95 70 80
95 71 98
95 72 91
95 73 88
95 74 92
95 75 94
95 76 83
95 77 86
95 78 100
95 79 97
95 80 88
95 81 88
95 82 90
95 83 85
95 84 97
95 85 84
95 86 90
95 87 95
95 88 97
95 89 80
95 90 100
95 91 97
95 92 89
95 93 98
95 94 81
95 96 82
95 97 90
95 98 97
95 99 97
96 1 95
96 2 87
96 3 92
96 4 91
96 5 94
96 6 100
96 7 91
96 8 87
96 9 90
96 10 82
96 11 95
96 12 83
96 13 88
96 14 100
96 15 91
96 16 80
96 17 90
96 18 99
96 19 99
96 20 87
96 21 92
96 22 89
96 23 91
96 24 88
96 25 88
96 26 80
96 27 90
96 28 100
96 29 90
96 30 86
96 31 90
96 32 81
96 33 95
96 34 100
96 35 86
96 36 90
96 37 85
96 38 86
96 39 81
96 40 89
96 41 96
96 42 86
96 43 98
96 44 94
96 45 82
96 46 98
96 47 98
96 48 95
96 49 98
96 50 84
96 51 92
96 52 90
96 53 100
96 54 96
96 55 94
96 56 98
96 57 93
96 58 82
96 59 89
96 60 99
96 61 86
96 62 85
96 63 98
96 64 96
96 65 88
96 66 93
96 67 91
96 68 96
96 69 87
96 70 92
96 71 91
96 72 85
96 73 93
96 74 98
96 75 94
96 76 85
96 77 95
96 78 87
96 79 98
96 80 99
96 81 88
96 82 80
96 83 88
96 84 87
96 85 90
96 86 81
96 87 82
96 88 80
96 89 81
96 90 94
96 91 86
96 92 90
96 93 88
96 94 81
96 95 82
96 97 93
96 98 87
96 99 92
97 1 88
97 2 96
97 3 83
97 4 92
97 5 85
97 6 88
97 7 80
97 8 90
97 9 86
97 10 88
97 11 83
97 12 92
97 13 84
97 14 92
97 15 80
97 16 89
97 17 94
97 18 82
97 19 97
97 20 94
97 21 90
97 22 99
97 23 95
97 24 92
97 25 99
97 26 90
97 27 91
97 28 99
97 29 97
97 30 81
97 31 82
97 32 97
97 33 87
97 34 99
97 35 83
97 36 84
97 37 95
97 38 99
97 39 85
97 40 93
97 41 87
97 42 96
97 43 95
97 44 90
97 45 88
97 46 90
97 47 88
97 48 85
97 49 97
97 50 83
97 51 94
97 52 84
97 53 87
97 54 83
97 55 96
97 56 94
97 57 89
97 58 80
97 59 85
97 60 96
97 61 88
97 62 82
97 63 94
97 64 84
97 65 100
97 66 99
97 67 95
97 68 91
97 69 97
97 70 87
97 71 88
97 72 96
97 73 81
97 74 97
97 75 84
97 76 94
97 77 94
97 78 95
97 79 86
97 80 95
97 81 97
97 82 86
97 83 91
97 84 84
97 85 95
97 86 93
97 87 85
97 88 99
97 89 87
97 90 91
97 91 90
97 92 91
97 93 86
97 94 90
97 95 90
97 96 93
97 98 84
97 99 81
98 1 100
98 2 80
98 3 82
98 4 85
98 5 91
98 6 96
98 7 81
98 8 88
98 9 87
98 10 89
98 11 88
98 12 83
98 13 92
98 14 96
98 15 82
98 16 94
98 17 83
98 18 84
98 19 89
98 20 93
98 21 89
98 22 98
98 23 99
98 24 80
98 25 88
98 26 92
98 27 97
98 28 94
98 29 89
98 30 80
98 31 95
98 32 95
98 33 85
98 34 84
98 35 96
98 36 99
98 37 86
98 38 94
98 39 99
98 40 96
98 41 82
98 42 89
98 43 91
98 44 92
98 45 98
98 46 95
98 47 81
98 48 80
98 49 96
98 50 99
98 51 96
98 52 98
98 53 80
98 54 99
98 55 80
98 56 96
98 57 82
98 58 93
98 59 94
98 60 99
98 61 87
98 62 95
98 63 85
98 64 83
98 65 81
98 66 84
98 67 92
98 68 87
98 69 94
98 70 84
98 71 84
98 72 95
98 73 88
98 74 84
98 75 95
98 76 92
98 77 91
98 78 89
98 79 100
98 80 90
98 81 85
98 82 83
98 83 90
98 84 81
98 85 91
98 86 96
98 87 100
98 88 93
98 89 88
98 90 87
98 91 80
98 92 81
98 93 85
98 94 96
98 95 97
98 96 87
98 97 84
98 99 85
1 t 93
2 t 82
3 t 80
4 t 94
5 t 98
6 t 90
7 t 88
8 t 95
9 t 90
10 t 81
11 t 95
12 t 91
13 t 80
14 t 99
15 t 81
16 t 89
17 t 86
18 t 86
19 t 83
20 t 91
21 t 82
22 t 87
23 t 84
24 t 100
25 t 81
26 t 98
27 t 99
28 t 90
29 t 86
30 t 92
31 t 99
32 t 83
33 t 87
34 t 87
35 t 93
36 t 84
37 t 86
38 t 87
39 t 93
40 t 98
41 t 89
42 t 99
43 t 98
44 t 81
45 t 95
46 t 97
47 t 93
48 t 99
49 t 84
50 t 83
51 t 92
52 t 85
53 t 91
54 t 87
55 t 97
56 t 87
57 t 100
58 t 83
59 t 90
60 t 85
61 t 94
62 t 100
63 t 98
64 t 82
65 t 99
66 t 99
67 t 92
68 t 83
69 t 90
70 t 81
71 t 87
72 t 90
73 t 92
74 t 85
75 t 86
76 t 100
77 t 88
78 t 94
79 t 91
80 t 94
81 t 97
82 t 86
83 t 96
84 t 99
85 t 94
86 t 88
87 t 99
88 t 90
89 t 96
90 t 83
91 t 91
92 t 90
93 t 93
94 t 96
95 t 97
96 t 92
97 t 81
98 t 85
