s 1 38
s 2 47
s 3 85
s 4 62
s 5 41
s 6 48
s 7 16
s 8 50
s 9 57
s 10 100
s 11 24
s 12 83
s 13 52
s 14 12
s 15 94
s 16 53
s 17 83
s 18 65
s 19 93
s 20 92
s 21 85
s 22 50
s 23 56
s 24 51
s 25 36
s 26 72
s 27 14
s 28 29
s 29 38
s 30 42
s 31 92
s 32 99
s 33 67
s 34 28
s 35 80
s 36 11
s 37 13
s 38 98
s 39 6
s 40 41
s 41 48
s 42 35
s 43 97
s 44 80
s 45 88
s 46 41
s 47 7
s 48 65
s 49 58
s 50 36
s 51 57
s 52 36
s 53 64
s 54 78
s 55 46
s 56 52
s 57 84
s 58 41
s 59 11
s 60 21
s 61 71
s 62 5
s 63 33
s 64 97
s 65 31
s 66 30
s 67 35
s 68 63
s 69 59
s 70 33
s 71 66
s 72 85
s 73 100
s 74 79
s 75 6
s 76 84
s 77 19
s 78 27
s 79 76
s 80 82
s 81 89
s 82 13
s 83 55
s 84 54
s 85 14
s 86 73
s 87 52
s 88 43
s 89 25
s 90 73
s 91 78
s 92 55
s 93 25
s 94 71
s 95 74
s 96 70
s 97 14
s 98 55
s 99 96
1 2 63
1 3 39
1 4 17
1 5 87
1 6 88
1 7 41
1 8 12
1 9 92
1 10 5
1 11 88
1 12 38
1 13 63
1 14 44
1 15 37
1 16 96
1 17 74
1 18 20
1 19 84
1 20 6
1 21 30
1 22 60
1 23 41
1 24 77
1 25 43
1 26 8
1 27 15
1 28 20
1 29 76
1 30 85
1 31 36
1 32 45
1 33 94
1 34 14
1 35 69
1 36 53
1 37 27
1 38 23
1 39 81
1 40 95
1 41 86
1 42 39
1 43 60
1 44 47
1 45 85
1 46 19
1 47 19
1 48 65
1 49 38
1 50 36
1 51 6
1 52 74
1 53 64
1 54 43
1 55 55
1 56 87
1 57 23
1 58 43
1 59 94
1 60 82
1 61 91
1 62 52
1 63 54
1 64 99
1 65 14
1 66 16
1 67 72
1 68 18
1 69 32
1 70 54
1 71 49
1 72 10
1 73 9
1 74 92
1 75 83
1 76 25
1 77 66
1 78 42
1 79 53
1 80 21
1 81 32
1 82 10
1 83 24
1 84 89
1 85 78
1 86 59
1 87 87
1 88 12
1 89 38
1 90 36
1 91 25
1 92 98
1 93 75
1 94 69
1 95 87
1 96 60
1 97 38
1 98 74
1 99 100
2 1 63
2 3 75
2 4 91
2 5 89
2 6 30
2 7 18
2 8 72
2 9 42
2 10 80
2 11 73
2 12 58
2 13 86
2 14 65
2 15 94
2 16 43
2 17 72
2 18 61
2 19 22
2 20 60
2 21 17
2 22 61
2 23 49
2 24 74
2 25 24
2 26 85
2 27 11
2 28 48
2 29 45
2 30 27
2 31 94
2 32 25
2 33 62
2 34 47
2 35 37
2 36 97
2 37 35
2 38 43
2 39 60
2 40 7
2 41 20
2 42 72
2 43 99
2 44 49
2 45 91
2 46 10
2 47 97
2 48 28
2 49 100
2 50 74
2 51 5
2 52 61
2 53 17
2 54 94
2 55 40
2 56 89
2 57 41
2 58 70
2 59 78
2 60 30
2 61 16
2 62 86
2 63 44
2 64 92
2 65 50
2 66 59
2 67 35
2 68 36
2 69 89
2 70 44
2 71 42
2 72 59
2 73 63
2 74 79
2 75 74
2 76 90
2 77 93
2 78 68
2 79 66
2 80 6
2 81 97
2 82 82
2 83 75
2 84 71
2 85 94
2 86 44
2 87 86
2 88 7
2 89 30
2 90 32
2 91 18
2 92 8
2 93 82
2 94 28
2 95 9
2 96 98
2 97 10
2 98 93
2 99 10
3 1 39
3 2 75
3 4 89
3 5 31
3 6 85
3 7 33
3 8 55
3 9 78
3 10 56
3 11 34
3 12 75
3 13 32
3 14 67
3 15 70
3 16 61
3 17 100
3 18 10
3 19 12
3 20 12
3 21 30
3 22 61
3 23 96
3 24 39
3 25 24
3 26 22
3 27 57
3 28 36
3 29 22
3 30 33
3 31 59
3 32 32
3 33 72
3 34 40
3 35 29
3 36 52
3 37 25
3 38 90
3 39 6
3 40 80
3 41 37
3 42 56
3 43 49
3 44 54
3 45 71
3 46 92
3 47 79
3 48 22
3 49 47
3 50 70
3 51 11
3 52 98
3 53 51
3 54 100
3 55 72
3 56 45
3 57 61
3 58 61
3 59 71
3 60 37
3 61 66
3 62 90
3 63 69
3 64 41
3 65 82
3 66 17
3 67 65
3 68 9
3 69 11
3 70 16
3 71 59
3 72 89
3 73 8
3 74 99
3 75 56
3 76 17
3 77 23
3 78 65
3 79 98
3 80 36
3 81 8
3 82 57
3 83 77
3 84 27
3 85 34
3 86 21
3 87 20
3 88 14
3 89 16
3 90 8
3 91 33
3 92 62
3 93 88
3 94 57
3 95 75
3 96 49
3 97 75
3 98 12
3 99 90
4 1 17
4 2 91
4 3 89
4 5 11
4 6 88
4 7 41
4 8 38
4 9 6
4 10 60
4 11 76
4 12 29
4 13 46
4 14 20
4 15 8
4 16 68
4 17 60
4 18 19
4 19 88
4 20 85
4 21 12
4 22 46
4 23 100
4 24 38
4 25 29
4 26 85
4 27 44
4 28 42
4 29 68
4 30 28
4 31 52
4 32 49
4 33 45
4 34 56
4 35 12
4 36 43
4 37 80
4 38 69
4 39 59
4 40 73
4 41 12
4 42 67
4 43 72
4 44 36
4 45 67
4 46 66
4 47 100
4 48 55
4 49 49
4 50 50
4 51 23
4 52 71
4 53 73
4 54 61
4 55 69
4 56 68
4 57 78
4 58 80
4 59 93
4 60 71
4 61 75
4 62 52
4 63 94
4 64 91
4 65 17
4 66 59
4 67 38
4 68 56
4 69 43
4 70 54
4 71 57
4 72 42
4 73 30
4 74 100
4 75 10
4 76 48
4 77 34
4 78 68
4 79 9
4 80 97
4 81 55
4 82 75
4 83 41
4 84 73
4 85 38
4 86 17
4 87 45
4 88 16
4 89 86
4 90 70
4 91 78
4 92 92
4 93 40
4 94 34
4 95 43
4 96 13
4 97 15
4 98 26
4 99 46
5 1 87
5 2 89
5 3 31
5 4 11
5 6 70
5 7 15
5 8 47
5 9 55
5 10 12
5 11 81
5 12 96
5 13 40
5 14 6
5 15 32
5 16 31
5 17 43
5 18 36
5 19 35
5 20 33
5 21 99
5 22 60
5 23 23
5 24 79
5 25 78
5 26 16
5 27 40
5 28 90
5 29 52
5 30 44
5 31 77
5 32 76
5 33 80
5 34 43
5 35 93
5 36 89
5 37 87
5 38 57
5 39 81
5 40 51
5 41 9
5 42 82
5 43 24
5 44 93
5 45 19
5 46 41
5 47 49
5 48 23
5 49 63
5 50 70
5 51 40
5 52 89
5 53 57
5 54 71
5 55 48
5 56 59
5 57 30
5 58 39
5 59 25
5 60 16
5 61 67
5 62 59
5 63 15
5 64 51
5 65 31
5 66 89
5 67 15
5 68 26
5 69 23
5 70 52
5 71 38
5 72 71
5 73 100
5 74 66
5 75 71
5 76 30
5 77 34
5 78 62
5 79 9
5 80 80
5 81 23
5 82 41
5 83 27
5 84 85
5 85 94
5 86 76
5 87 37
5 88 25
5 89 48
5 90 88
5 91 60
5 92 13
5 93 15
5 94 46
5 95 97
5 96 94
5 97 78
5 98 59
5 99 24
6 1 88
6 2 30
6 3 85
6 4 88
6 5 70
6 7 99
6 8 63
6 9 59
6 10 64
6 11 48
6 12 58
6 13 31
6 14 83
6 15 71
6 16 71
6 17 41
6 18 91
6 19 78
6 20 73
6 21 51
6 22 15
6 23 27
6 24 71
6 25 47
6 26 73
6 27 44
6 28 88
6 29 41
6 30 6
6 31 84
6 32 11
6 33 9
6 34 57
6 35 80
6 36 16
6 37 85
6 38 76
6 39 23
6 40 69
6 41 51
6 42 20
6 43 79
6 44 97
6 45 12
6 46 79
6 47 61
6 48 87
6 49 76
6 50 61
6 51 52
6 52 72
6 53 38
6 54 56
6 55 47
6 56 40
6 57 85
6 58 18
6 59 57
6 60 11
6 61 93
6 62 42
6 63 73
6 64 11
6 65 79
6 66 42
6 67 44
6 68 57
6 69 11
6 70 95
6 71 26
6 72 93
6 73 32
6 74 22
6 75 75
6 76 76
6 77 15
6 78 48
6 79 98
6 80 6
6 81 46
6 82 34
6 83 7
6 84 72
6 85 8
6 86 11
6 87 83
6 88 20
6 89 97
6 90 18
6 91 100
6 92 27
6 93 24
6 94 60
6 95 81
6 96 69
6 97 69
6 98 7
6 99 55
7 1 41
7 2 18
7 3 33
7 4 41
7 5 15
7 6 99
7 8 29
7 9 97
7 10 71
7 11 17
7 12 91
7 13 5
7 14 58
7 15 38
7 16 47
7 17 43
7 18 9
7 19 61
7 20 71
7 21 81
7 22 61
7 23 75
7 24 61
7 25 28
7 26 92
7 27 77
7 28 64
7 29 88
7 30 31
7 31 81
7 32 30
7 33 29
7 34 81
7 35 46
7 36 75
7 37 14
7 38 38
7 39 85
7 40 80
7 41 92
7 42 85
7 43 31
7 44 50
7 45 71
7 46 84
7 47 5
7 48 30
7 49 68
7 50 78
7 51 79
7 52 47
7 53 89
7 54 68
7 55 36
7 56 91
7 57 5
7 58 61
7 59 96
7 60 32
7 61 94
7 62 43
7 63 36
7 64 70
7 65 82
7 66 60
7 67 70
7 68 81
7 69 47
7 70 57
7 71 73
7 72 38
7 73 62
7 74 63
7 75 8
7 76 55
7 77 9
7 78 55
7 79 12
7 80 77
7 81 30
7 82 52
7 83 30
7 84 17
7 85 11
7 86 41
7 87 85
7 88 87
7 89 9
7 90 36
7 91 16
7 92 7
7 93 54
7 94 43
7 95 64
7 96 73
7 97 58
7 98 18
7 99 93
8 1 12
8 2 72
8 3 55
8 4 38
8 5 47
8 6 63
8 7 29
8 9 77
8 10 43
8 11 53
8 12 57
8 13 84
8 14 76
8 15 24
8 16 49
8 17 94
8 18 16
8 19 25
8 20 31
8 21 49
8 22 60
8 23 78
8 24 45
8 25 34
8 26 11
8 27 65
8 28 100
8 29 100
8 30 43
8 31 37
8 32 34
8 33 74
8 34 100
8 35 19
8 36 74
8 37 58
8 38 25
8 39 6
8 40 53
8 41 49
8 42 39
8 43 15
8 44 7
8 45 45
8 46 74
8 47 53
8 48 93
8 49 90
8 50 63
8 51 76
8 52 66
8 53 92
8 54 68
8 55 49
8 56 96
8 57 22
8 58 28
8 59 96
8 60 51
8 61 85
8 62 15
8 63 83
8 64 57
8 65 93
8 66 77
8 67 87
8 68 6
8 69 77
8 70 51
8 71 12
8 72 84
8 73 17
8 74 70
8 75 89
8 76 24
8 77 100
8 78 93
8 79 9
8 80 16
8 81 96
8 82 91
8 83 6
8 84 24
8 85 100
8 86 25
8 87 48
8 88 91
8 89 96
8 90 99
8 91 90
8 92 39
8 93 64
8 94 89
8 95 98
8 96 89
8 97 19
8 98 85
8 99 11
9 1 92
9 2 42
9 3 78
9 4 6
9 5 55
9 6 59
9 7 97
9 8 77
9 10 88
9 11 55
9 12 12
9 13 89
9 14 29
9 15 98
9 16 77
9 17 8
9 18 16
9 19 15
9 20 71
9 21 72
9 22 78
9 23 100
9 24 72
9 25 25
9 26 38
9 27 92
9 28 31
9 29 64
9 30 67
9 31 86
9 32 35
9 33 67
9 34 35
9 35 88
9 36 76
9 37 39
9 38 39
9 39 65
9 40 63
9 41 35
9 42 67
9 43 42
9 44 8
9 45 96
9 46 85
9 47 24
9 48 96
9 49 80
9 50 50
9 51 66
9 52 13
9 53 71
9 54 60
9 55 89
9 56 72
9 57 27
9 58 16
9 59 56
9 60 58
9 61 52
9 62 91
9 63 73
9 64 32
9 65 15
9 66 77
9 67 18
9 68 14
9 69 21
9 70 38
9 71 26
9 72 80
9 73 19
9 74 12
9 75 92
9 76 43
9 77 85
9 78 95
9 79 71
9 80 66
9 81 100
9 82 35
9 83 79
9 84 52
9 85 26
9 86 29
9 87 20
9 88 66
9 89 94
9 90 25
9 91 76
9 92 46
9 93 32
9 94 72
9 95 80
9 96 64
9 97 82
9 98 7
9 99 64
10 1 5
10 2 80
10 3 56
10 4 60
10 5 12
10 6 64
10 7 71
10 8 43
10 9 88
10 11 66
10 12 32
10 13 26
10 14 84
10 15 43
10 16 14
10 17 87
10 18 32
10 19 57
10 20 77
10 21 95
10 22 66
10 23 55
10 24 58
10 25 8
10 26 43
10 27 62
10 28 83
10 29 53
10 30 40
10 31 24
10 32 55
10 33 7
10 34 13
10 35 63
10 36 25
10 37 12
10 38 29
10 39 100
10 40 95
10 41 54
10 42 56
10 43 44
10 44 29
10 45 7
10 46 65
10 47 21
10 48 74
10 49 40
10 50 10
10 51 22
10 52 60
10 53 25
10 54 94
10 55 100
10 56 37
10 57 66
10 58 43
10 59 49
10 60 9
10 61 8
10 62 11
10 63 46
10 64 26
10 65 92
10 66 45
10 67 18
10 68 18
10 69 13
10 70 5
10 71 51
10 72 44
10 73 30
10 74 76
10 75 16
10 76 64
10 77 82
10 78 53
10 79 17
10 80 89
10 81 35
10 82 78
10 83 6
10 84 21
10 85 81
10 86 15
10 87 77
10 88 88
10 89 88
10 90 34
10 91 79
10 92 13
10 93 27
10 94 78
10 95 73
10 96 27
10 97 61
10 98 98
10 99 73
11 1 88
11 2 73
11 3 34
11 4 76
11 5 81
11 6 48
11 7 17
11 8 53
11 9 55
11 10 66
11 12 95
11 13 14
11 14 91
11 15 14
11 16 44
11 17 34
11 18 82
11 19 82
11 20 91
11 21 29
11 22 37
11 23 68
11 24 48
11 25 11
11 26 64
11 27 13
11 28 44
11 29 44
11 30 72
11 31 85
11 32 41
11 33 44
11 34 100
11 35 62
11 36 21
11 37 81
11 38 8
11 39 45
11 40 77
11 41 14
11 42 95
11 43 73
11 44 53
11 45 20
11 46 84
11 47 60
11 48 50
11 49 7
11 50 29
11 51 22
11 52 37
11 53 15
11 54 69
11 55 49
11 56 36
11 57 69
11 58 53
11 59 48
11 60 54
11 61 45
11 62 62
11 63 64
11 64 10
11 65 36
11 66 69
11 67 96
11 68 84
11 69 78
11 70 75
11 71 93
11 72 6
11 73 18
11 74 88
11 75 86
11 76 71
11 77 98
11 78 68
11 79 31
11 80 51
11 81 82
11 82 33
11 83 96
11 84 47
11 85 73
11 86 9
11 87 61
11 88 7
11 89 85
11 90 63
11 91 17
11 92 6
11 93 25
11 94 100
11 95 83
11 96 48
11 97 66
11 98 25
11 99 91
12 1 38
12 2 58
12 3 75
12 4 29
12 5 96
12 6 58
12 7 91
12 8 57
12 9 12
12 10 32
12 11 95
12 13 63
12 14 55
12 15 76
12 16 94
12 17 25
12 18 14
12 19 65
12 20 84
12 21 74
12 22 60
12 23 30
12 24 59
12 25 99
12 26 36
12 27 83
12 28 52
12 29 47
12 30 81
12 31 68
12 32 12
12 33 46
12 34 95
12 35 20
12 36 53
12 37 16
12 38 83
12 39 16
12 40 50
12 41 47
12 42 74
12 43 85
12 44 18
12 45 9
12 46 47
12 47 62
12 48 83
12 49 25
12 50 70
12 51 46
12 52 8
12 53 17
12 54 38
12 55 23
12 56 21
12 57 86
12 58 36
12 59 37
12 60 55
12 61 56
12 62 10
12 63 75
12 64 96
12 65 45
12 66 6
12 67 39
12 68 64
12 69 9
12 70 95
12 71 19
12 72 64
12 73 59
12 74 34
12 75 11
12 76 8
12 77 7
12 78 90
12 79 55
12 80 65
12 81 28
12 82 62
12 83 52
12 84 84
12 85 81
12 86 69
12 87 67
12 88 80
12 89 33
12 90 20
12 91 77
12 92 11
12 93 63
12 94 88
12 95 81
12 96 64
12 97 88
12 98 15
12 99 76
13 1 63
13 2 86
13 3 32
13 4 46
13 5 40
13 6 31
13 7 5
13 8 84
13 9 89
13 10 26
13 11 14
13 12 63
13 14 23
13 15 68
13 16 97
13 17 100
13 18 34
13 19 40
13 20 12
13 21 49
13 22 35
13 23 44
13 24 29
13 25 8
13 26 75
13 27 20
13 28 26
13 29 6
13 30 29
13 31 61
13 32 28
13 33 85
13 34 49
13 35 53
13 36 58
13 37 62
13 38 85
13 39 55
13 40 64
13 41 43
13 42 14
13 43 66
13 44 30
13 45 87
13 46 60
13 47 86
13 48 29
13 49 85
13 50 59
13 51 10
13 52 45
13 53 58
13 54 70
13 55 76
13 56 58
13 57 40
13 58 54
13 59 86
13 60 29
13 61 87
13 62 40
13 63 41
13 64 79
13 65 98
13 66 92
13 67 73
13 68 88
13 69 76
13 70 25
13 71 21
13 72 37
13 73 45
13 74 46
13 75 33
13 76 55
13 77 61
13 78 84
13 79 18
13 80 88
13 81 91
13 82 48
13 83 85
13 84 73
13 85 58
13 86 52
13 87 92
13 88 87
13 89 41
13 90 69
13 91 22
13 92 77
13 93 29
13 94 87
13 95 74
13 96 66
13 97 94
13 98 52
13 99 80
14 1 44
14 2 65
14 3 67
14 4 20
14 5 6
14 6 83
14 7 58
14 8 76
14 9 29
14 10 84
14 11 91
14 12 55
14 13 23
14 15 82
14 16 11
14 17 92
14 18 12
14 19 75
14 20 10
14 21 69
14 22 8
14 23 30
14 24 48
14 25 68
14 26 44
14 27 53
14 28 73
14 29 68
14 30 93
14 31 68
14 32 5
14 33 51
14 34 15
14 35 24
14 36 96
14 37 93
14 38 72
14 39 76
14 40 12
14 41 15
14 42 19
14 43 58
14 44 60
14 45 29
14 46 30
14 47 14
14 48 79
14 49 32
14 50 16
14 51 86
14 52 87
14 53 87
14 54 42
14 55 22
14 56 38
14 57 78
14 58 89
14 59 57
14 60 52
14 61 28
14 62 85
14 63 65
14 64 80
14 65 38
14 66 90
14 67 95
14 68 96
14 69 65
14 70 64
14 71 62
14 72 86
14 73 21
14 74 57
14 75 90
14 76 49
14 77 29
14 78 6
14 79 78
14 80 45
14 81 74
14 82 86
14 83 75
14 84 40
14 85 39
14 86 93
14 87 68
14 88 50
14 89 88
14 90 12
14 91 6
14 92 16
14 93 59
14 94 19
14 95 38
14 96 45
14 97 81
14 98 48
14 99 18
15 1 37
15 2 94
15 3 70
15 4 8
15 5 32
15 6 71
15 7 38
15 8 24
15 9 98
15 10 43
15 11 14
15 12 76
15 13 68
15 14 82
15 16 30
15 17 86
15 18 18
15 19 73
15 20 80
15 21 11
15 22 47
15 23 6
15 24 49
15 25 21
15 26 62
15 27 55
15 28 55
15 29 63
15 30 17
15 31 45
15 32 17
15 33 58
15 34 51
15 35 76
15 36 40
15 37 68
15 38 26
15 39 34
15 40 17
15 41 70
15 42 9
15 43 85
15 44 18
15 45 56
15 46 69
15 47 20
15 48 14
15 49 31
15 50 82
15 51 15
15 52 47
15 53 55
15 54 73
15 55 67
15 56 15
15 57 11
15 58 88
15 59 45
15 60 35
15 61 65
15 62 22
15 63 96
15 64 37
15 65 83
15 66 97
15 67 18
15 68 60
15 69 88
15 70 86
15 71 16
15 72 74
15 73 65
15 74 44
15 75 18
15 76 82
15 77 95
15 78 14
15 79 10
15 80 99
15 81 97
15 82 51
15 83 21
15 84 38
15 85 27
15 86 92
15 87 20
15 88 64
15 89 99
15 90 9
15 91 84
15 92 36
15 93 21
15 94 88
15 95 41
15 96 88
15 97 55
15 98 27
15 99 58
16 1 96
16 2 43
16 3 61
16 4 68
16 5 31
16 6 71
16 7 47
16 8 49
16 9 77
16 10 14
16 11 44
16 12 94
16 13 97
16 14 11
16 15 30
16 17 66
16 18 54
16 19 53
16 20 53
16 21 80
16 22 79
16 23 49
16 24 67
16 25 97
16 26 10
16 27 62
16 28 22
16 29 18
16 30 32
16 31 11
16 32 31
16 33 40
16 34 61
16 35 27
16 36 61
16 37 55
16 38 96
16 39 5
16 40 16
16 41 78
16 42 96
16 43 43
16 44 11
16 45 96
16 46 73
16 47 53
16 48 7
16 49 47
16 50 100
16 51 10
16 52 52
16 53 86
16 54 20
16 55 10
16 56 42
16 57 51
16 58 29
16 59 10
16 60 62
16 61 47
16 62 31
16 63 12
16 64 49
16 65 12
16 66 64
16 67 27
16 68 98
16 69 74
16 70 7
16 71 96
16 72 68
16 73 85
16 74 100
16 75 68
16 76 10
16 77 79
16 78 14
16 79 99
16 80 30
16 81 53
16 82 100
16 83 9
16 84 81
16 85 49
16 86 85
16 87 76
16 88 44
16 89 28
16 90 92
16 91 69
16 92 38
16 93 13
16 94 34
16 95 12
16 96 78
16 97 35
16 98 71
16 99 47
17 1 74
17 2 72
17 3 100
17 4 60
17 5 43
17 6 41
17 7 43
17 8 94
17 9 8
17 10 87
17 11 34
17 12 25
17 13 100
17 14 92
17 15 86
17 16 66
17 18 72
17 19 11
17 20 27
17 21 78
17 22 85
17 23 14
17 24 71
17 25 87
17 26 74
17 27 57
17 28 73
17 29 25
17 30 67
17 31 74
17 32 28
17 33 39
17 34 48
17 35 21
17 36 86
17 37 11
17 38 13
17 39 80
17 40 43
17 41 35
17 42 48
17 43 33
17 44 46
17 45 29
17 46 60
17 47 66
17 48 88
17 49 11
17 50 18
17 51 78
17 52 97
17 53 99
17 54 39
17 55 43
17 56 43
17 57 54
17 58 48
17 59 84
17 60 31
17 61 75
17 62 89
17 63 65
17 64 79
17 65 55
17 66 86
17 67 21
17 68 26
17 69 27
17 70 49
17 71 36
17 72 78
17 73 57
17 74 34
17 75 31
17 76 7
17 77 84
17 78 61
17 79 30
17 80 86
17 81 68
17 82 100
17 83 72
17 84 93
17 85 83
17 86 29
17 87 34
17 88 22
17 89 23
17 90 63
17 91 18
17 92 83
17 93 76
17 94 38
17 95 46
17 96 33
17 97 45
17 98 70
17 99 38
18 1 20
18 2 61
18 3 10
18 4 19
18 5 36
18 6 91
18 7 9
18 8 16
18 9 16
18 10 32
18 11 82
18 12 14
18 13 34
18 14 12
18 15 18
18 16 54
18 17 72
18 19 70
18 20 15
18 21 92
18 22 75
18 23 41
18 24 91
18 25 63
18 26 90
18 27 80
18 28 69
18 29 53
18 30 41
18 31 100
18 32 77
18 33 99
18 34 13
18 35 82
18 36 82
18 37 29
18 38 38
18 39 75
18 40 46
18 41 59
18 42 7
18 43 42
18 44 82
18 45 44
18 46 70
18 47 21
18 48 94
18 49 100
18 50 28
18 51 93
18 52 29
18 53 17
18 54 57
18 55 96
18 56 91
18 57 75
18 58 7
18 59 46
18 60 100
18 61 74
18 62 89
18 63 72
18 64 27
18 65 82
18 66 17
18 67 100
18 68 83
18 69 41
18 70 11
18 71 13
18 72 46
18 73 41
18 74 73
18 75 40
18 76 47
18 77 16
18 78 59
18 79 81
18 80 62
18 81 52
18 82 10
18 83 99
18 84 87
18 85 53
18 86 66
18 87 55
18 88 15
18 89 43
18 90 90
18 91 36
18 92 69
18 93 30
18 94 65
18 95 37
18 96 97
18 97 85
18 98 39
18 99 24
19 1 84
19 2 22
19 3 12
19 4 88
19 5 35
19 6 78
19 7 61
19 8 25
19 9 15
19 10 57
19 11 82
19 12 65
19 13 40
19 14 75
19 15 73
19 16 53
19 17 11
19 18 70
19 20 44
19 21 38
19 22 37
19 23 66
19 24 43
19 25 43
19 26 10
19 27 16
19 28 57
19 29 22
19 30 35
19 31 88
19 32 31
19 33 27
19 34 69
19 35 94
19 36 51
19 37 44
19 38 58
19 39 82
19 40 75
19 41 34
19 42 70
19 43 87
19 44 28
19 45 87
19 46 21
19 47 63
19 48 83
19 49 80
19 50 100
19 51 81
19 52 79
19 53 55
19 54 8
19 55 13
19 56 26
19 57 40
19 58 30
19 59 38
19 60 66
19 61 33
19 62 48
19 63 46
19 64 56
19 65 92
19 66 33
19 67 47
19 68 35
19 69 57
19 70 53
19 71 85
19 72 66
19 73 20
19 74 32
19 75 10
19 76 29
19 77 54
19 78 42
19 79 89
19 80 70
19 81 8
19 82 27
19 83 52
19 84 50
19 85 66
19 86 73
19 87 49
19 88 46
19 89 65
19 90 59
19 91 79
19 92 95
19 93 23
19 94 88
19 95 23
19 96 26
19 97 60
19 98 17
19 99 93
20 1 6
20 2 60
20 3 12
20 4 85
20 5 33
20 6 73
20 7 71
20 8 31
20 9 71
20 10 77
20 11 91
20 12 84
20 13 12
20 14 10
20 15 80
20 16 53
20 17 27
20 18 15
20 19 44
20 21 61
20 22 98
20 23 8
20 24 69
20 25 8
20 26 6
20 27 28
20 28 34
20 29 91
20 30 98
20 31 18
20 32 25
20 33 78
20 34 32
20 35 65
20 36 5
20 37 39
20 38 73
20 39 90
20 40 20
20 41 91
20 42 92
20 43 82
20 44 15
20 45 68
20 46 58
20 47 78
20 48 22
20 49 91
20 50 61
20 51 42
20 52 74
20 53 83
20 54 9
20 55 70
20 56 100
20 57 50
20 58 59
20 59 13
20 60 66
20 61 76
20 62 94
20 63 35
20 64 66
20 65 29
20 66 28
20 67 74
20 68 71
20 69 35
20 70 17
20 71 81
20 72 57
20 73 22
20 74 60
20 75 58
20 76 9
20 77 69
20 78 79
20 79 38
20 80 49
20 81 78
20 82 37
20 83 64
20 84 26
20 85 26
20 86 19
20 87 35
20 88 23
20 89 51
20 90 87
20 91 40
20 92 79
20 93 34
20 94 13
20 95 48
20 96 88
20 97 9
20 98 33
20 99 42
21 1 30
21 2 17
21 3 30
21 4 12
21 5 99
21 6 51
21 7 81
21 8 49
21 9 72
21 10 95
21 11 29
21 12 74
21 13 49
21 14 69
21 15 11
21 16 80
21 17 78
21 18 92
21 19 38
21 20 61
21 22 31
21 23 26
21 24 62
21 25 65
21 26 68
21 27 50
21 28 37
21 29 37
21 30 97
21 31 86
21 32 89
21 33 85
21 34 75
21 35 40
21 36 23
21 37 38
21 38 50
21 39 38
21 40 68
21 41 51
21 42 99
21 43 63
21 44 62
21 45 97
21 46 44
21 47 51
21 48 84
21 49 12
21 50 31
21 51 38
21 52 49
21 53 84
21 54 48
21 55 64
21 56 52
21 57 30
21 58 89
21 59 100
21 60 91
21 61 72
21 62 61
21 63 75
21 64 62
21 65 77
21 66 40
21 67 60
21 68 88
21 69 81
21 70 53
21 71 75
21 72 95
21 73 10
21 74 74
21 75 11
21 76 21
21 77 11
21 78 94
21 79 49
21 80 55
21 81 14
21 82 27
21 83 71
21 84 18
21 85 60
21 86 62
21 87 9
21 88 22
21 89 28
21 90 92
21 91 95
21 92 67
21 93 55
21 94 94
21 95 88
21 96 32
21 97 36
21 98 44
21 99 31
22 1 60
22 2 61
22 3 61
22 4 46
22 5 60
22 6 15
22 7 61
22 8 60
22 9 78
22 10 66
22 11 37
22 12 60
22 13 35
22 14 8
22 15 47
22 16 79
22 17 85
22 18 75
22 19 37
22 20 98
22 21 31
22 23 74
22 24 85
22 25 72
22 26 93
22 27 9
22 28 92
22 29 81
22 30 74
22 31 95
22 32 27
22 33 73
22 34 17
22 35 89
22 36 71
22 37 80
22 38 64
22 39 8
22 40 24
22 41 79
22 42 41
22 43 41
22 44 16
22 45 80
22 46 88
22 47 64
22 48 69
22 49 42
22 50 16
22 51 36
22 52 13
22 53 27
22 54 36
22 55 83
22 56 5
22 57 79
22 58 15
22 59 38
22 60 62
22 61 29
22 62 17
22 63 64
22 64 36
22 65 48
22 66 7
22 67 32
22 68 44
22 69 34
22 70 70
22 71 21
22 72 90
22 73 68
22 74 83
22 75 81
22 76 76
22 77 59
22 78 98
22 79 54
22 80 39
22 81 37
22 82 9
22 83 46
22 84 60
22 85 58
22 86 63
22 87 55
22 88 86
22 89 45
22 90 87
22 91 90
22 92 34
22 93 48
22 94 19
22 95 92
22 96 91
22 97 55
22 98 71
22 99 78
23 1 41
23 2 49
23 3 96
23 4 100
23 5 23
23 6 27
23 7 75
23 8 78
23 9 100
23 10 55
23 11 68
23 12 30
23 13 44
23 14 30
23 15 6
23 16 49
23 17 14
23 18 41
23 19 66
23 20 8
23 21 26
23 22 74
23 24 82
23 25 53
23 26 76
23 27 95
23 28 87
23 29 100
23 30 93
23 31 18
23 32 70
23 33 64
23 34 81
23 35 42
23 36 16
23 37 18
23 38 21
23 39 33
23 40 69
23 41 11
23 42 69
23 43 24
23 44 27
23 45 6
23 46 39
23 47 9
23 48 94
23 49 80
23 50 69
23 51 56
23 52 20
23 53 67
23 54 69
23 55 40
23 56 44
23 57 14
23 58 70
23 59 42
23 60 34
23 61 80
23 62 57
23 63 79
23 64 17
23 65 35
23 66 90
23 67 63
23 68 86
23 69 22
23 70 9
23 71 35
23 72 28
23 73 83
23 74 9
23 75 28
23 76 42
23 77 31
23 78 53
23 79 86
23 80 69
23 81 63
23 82 58
23 83 87
23 84 99
23 85 24
23 86 21
23 87 50
23 88 77
23 89 79
23 90 9
23 91 88
23 92 48
23 93 47
23 94 29
23 95 78
23 96 97
23 97 40
23 98 48
23 99 25
24 1 77
24 2 74
24 3 39
24 4 38
24 5 79
24 6 71
24 7 61
24 8 45
24 9 72
24 10 58
24 11 48
24 12 59
24 13 29
24 14 48
24 15 49
24 16 67
24 17 71
24 18 91
24 19 43
24 20 69
24 21 62
24 22 85
24 23 82
24 25 74
24 26 85
24 27 26
24 28 54
24 29 22
24 30 54
24 31 64
24 32 38
24 33 52
24 34 28
24 35 83
24 36 6
24 37 11
24 38 99
24 39 38
24 40 61
24 41 59
24 42 25
24 43 10
24 44 47
24 45 75
24 46 29
24 47 9
24 48 47
24 49 21
24 50 67
24 51 59
24 52 49
24 53 42
24 54 84
24 55 71
24 56 93
24 57 35
24 58 17
24 59 58
24 60 95
24 61 69
24 62 24
24 63 93
24 64 59
24 65 48
24 66 32
24 67 54
24 68 93
24 69 36
24 70 95
24 71 94
24 72 15
24 73 81
24 74 11
24 75 26
24 76 69
24 77 26
24 78 60
24 79 88
24 80 82
24 81 100
24 82 80
24 83 40
24 84 29
24 85 65
24 86 73
24 87 20
24 88 77
24 89 83
24 90 81
24 91 30
24 92 97
24 93 31
24 94 29
24 95 53
24 96 93
24 97 48
24 98 48
24 99 18
25 1 43
25 2 24
25 3 24
25 4 29
25 5 78
25 6 47
25 7 28
25 8 34
25 9 25
25 10 8
25 11 11
25 12 99
25 13 8
25 14 68
25 15 21
25 16 97
25 17 87
25 18 63
25 19 43
25 20 8
25 21 65
25 22 72
25 23 53
25 24 74
25 26 63
25 27 5
25 28 54
25 29 53
25 30 48
25 31 88
25 32 17
25 33 56
25 34 86
25 35 76
25 36 16
25 37 76
25 38 37
25 39 82
25 40 91
25 41 56
25 42 53
25 43 56
25 44 12
25 45 43
25 46 79
25 47 47
25 48 55
25 49 26
25 50 66
25 51 55
25 52 74
25 53 90
25 54 18
25 55 9
25 56 79
25 57 60
25 58 80
25 59 64
25 60 46
25 61 64
25 62 68
25 63 37
25 64 15
25 65 23
25 66 38
25 67 22
25 68 62
25 69 57
25 70 45
25 71 51
25 72 39
25 73 95
25 74 95
25 75 37
25 76 65
25 77 31
25 78 39
25 79 10
25 80 71
25 81 98
25 82 100
25 83 33
25 84 65
25 85 35
25 86 30
25 87 14
25 88 33
25 89 6
25 90 19
25 91 11
25 92 42
25 93 50
25 94 80
25 95 76
25 96 43
25 97 44
25 98 59
25 99 45
26 1 8
26 2 85
26 3 22
26 4 85
26 5 16
26 6 73
26 7 92
26 8 11
26 9 38
26 10 43
26 11 64
26 12 36
26 13 75
26 14 44
26 15 62
26 16 10
26 17 74
26 18 90
26 19 10
26 20 6
26 21 68
26 22 93
26 23 76
26 24 85
26 25 63
26 27 40
26 28 50
26 29 45
26 30 90
26 31 89
26 32 49
26 33 93
26 34 59
26 35 76
26 36 100
26 37 55
26 38 57
26 39 38
26 40 41
26 41 76
26 42 17
26 43 39
26 44 33
26 45 35
26 46 85
26 47 44
26 48 36
26 49 77
26 50 57
26 51 45
26 52 63
26 53 22
26 54 33
26 55 38
26 56 75
26 57 56
26 58 100
26 59 19
26 60 43
26 61 41
26 62 60
26 63 53
26 64 98
26 65 52
26 66 77
26 67 49
26 68 14
26 69 37
26 70 80
26 71 88
26 72 5
26 73 30
26 74 28
26 75 33
26 76 74
26 77 39
26 78 15
26 79 82
26 80 44
26 81 98
26 82 30
26 83 61
26 84 28
26 85 92
26 86 87
26 87 7
26 88 73
26 89 64
26 90 15
26 91 100
26 92 89
26 93 5
26 94 13
26 95 30
26 96 70
26 97 8
26 98 82
26 99 53
27 1 15
27 2 11
27 3 57
27 4 44
27 5 40
27 6 44
27 7 77
27 8 65
27 9 92
27 10 62
27 11 13
27 12 83
27 13 20
27 14 53
27 15 55
27 16 62
27 17 57
27 18 80
27 19 16
27 20 28
27 21 50
27 22 9
27 23 95
27 24 26
27 25 5
27 26 40
27 28 18
27 29 84
27 30 99
27 31 32
27 32 73
27 33 29
27 34 84
27 35 49
27 36 50
27 37 13
27 38 83
27 39 55
27 40 81
27 41 22
27 42 78
27 43 93
27 44 60
27 45 38
27 46 34
27 47 16
27 48 88
27 49 56
27 50 34
27 51 29
27 52 47
27 53 70
27 54 96
27 55 89
27 56 16
27 57 92
27 58 91
27 59 90
27 60 68
27 61 73
27 62 69
27 63 98
27 64 40
27 65 79
27 66 15
27 67 93
27 68 76
27 69 57
27 70 19
27 71 32
27 72 38
27 73 44
27 74 94
27 75 81
27 76 84
27 77 22
27 78 88
27 79 69
27 80 77
27 81 35
27 82 81
27 83 68
27 84 66
27 85 15
27 86 10
27 87 41
27 88 86
27 89 86
27 90 93
27 91 5
27 92 54
27 93 70
27 94 10
27 95 100
27 96 87
27 97 54
27 98 96
27 99 39
28 1 20
28 2 48
28 3 36
28 4 42
28 5 90
28 6 88
28 7 64
28 8 100
28 9 31
28 10 83
28 11 44
28 12 52
28 13 26
28 14 73
28 15 55
28 16 22
28 17 73
28 18 69
28 19 57
28 20 34
28 21 37
28 22 92
28 23 87
28 24 54
28 25 54
28 26 50
28 27 18
28 29 44
28 30 48
28 31 36
28 32 48
28 33 65
28 34 41
28 35 96
28 36 61
28 37 87
28 38 18
28 39 75
28 40 43
28 41 27
28 42 71
28 43 17
28 44 91
28 45 5
28 46 37
28 47 31
28 48 82
28 49 74
28 50 56
28 51 45
28 52 27
28 53 95
28 54 81
28 55 8
28 56 39
28 57 11
28 58 87
28 59 27
28 60 53
28 61 7
28 62 85
28 63 89
28 64 44
28 65 52
28 66 17
28 67 42
28 68 100
28 69 57
28 70 61
28 71 80
28 72 69
28 73 56
28 74 70
28 75 20
28 76 40
28 77 12
28 78 10
28 79 18
28 80 25
28 81 98
28 82 7
28 83 94
28 84 94
28 85 80
28 86 14
28 87 49
28 88 81
28 89 86
28 90 54
28 91 20
28 92 73
28 93 80
28 94 12
28 95 7
28 96 55
28 97 85
28 98 40
28 99 15
29 1 76
29 2 45
29 3 22
29 4 68
29 5 52
29 6 41
29 7 88
29 8 100
29 9 64
29 10 53
29 11 44
29 12 47
29 13 6
29 14 68
29 15 63
29 16 18
29 17 25
29 18 53
29 19 22
29 20 91
29 21 37
29 22 81
29 23 100
29 24 22
29 25 53
29 26 45
29 27 84
29 28 44
29 30 44
29 31 79
29 32 28
29 33 26
29 34 24
29 35 23
29 36 37
29 37 48
29 38 45
29 39 44
29 40 68
29 41 56
29 42 98
29 43 80
29 44 70
29 45 100
29 46 52
29 47 31
29 48 95
29 49 26
29 50 6
29 51 77
29 52 22
29 53 63
29 54 9
29 55 27
29 56 90
29 57 98
29 58 54
29 59 86
29 60 50
29 61 35
29 62 88
29 63 44
29 64 49
29 65 94
29 66 72
29 67 43
29 68 72
29 69 56
29 70 16
29 71 88
29 72 86
29 73 5
29 74 16
29 75 73
29 76 27
29 77 19
29 78 63
29 79 96
29 80 74
29 81 54
29 82 9
29 83 100
29 84 28
29 85 17
29 86 55
29 87 29
29 88 34
29 89 94
29 90 77
29 91 76
29 92 50
29 93 90
29 94 44
29 95 37
29 96 98
29 97 80
29 98 56
29 99 74
30 1 85
30 2 27
30 3 33
30 4 28
30 5 44
30 6 6
30 7 31
30 8 43
30 9 67
30 10 40
30 11 72
30 12 81
30 13 29
30 14 93
30 15 17
30 16 32
30 17 67
30 18 41
30 19 35
30 20 98
30 21 97
30 22 74
30 23 93
30 24 54
30 25 48
30 26 90
30 27 99
30 28 48
30 29 44
30 31 19
30 32 96
30 33 51
30 34 37
30 35 37
30 36 44
30 37 8
30 38 33
30 39 8
30 40 95
30 41 100
30 42 6
30 43 18
30 44 90
30 45 31
30 46 15
30 47 77
30 48 28
30 49 25
30 50 9
30 51 72
30 52 14
30 53 95
30 54 11
30 55 45
30 56 8
30 57 12
30 58 13
30 59 83
30 60 99
30 61 76
30 62 38
30 63 42
30 64 92
30 65 28
30 66 6
30 67 19
30 68 66
30 69 45
30 70 76
30 71 18
30 72 28
30 73 40
30 74 37
30 75 28
30 76 90
30 77 75
30 78 34
30 79 42
30 80 54
30 81 50
30 82 52
30 83 80
30 84 70
30 85 48
30 86 39
30 87 39
30 88 34
30 89 60
30 90 56
30 91 70
30 92 44
30 93 41
30 94 52
30 95 48
30 96 97
30 97 14
30 98 15
30 99 70
31 1 36
31 2 94
31 3 59
31 4 52
31 5 77
31 6 84
31 7 81
31 8 37
31 9 86
31 10 24
31 11 85
31 12 68
31 13 61
31 14 68
31 15 45
31 16 11
31 17 74
31 18 100
31 19 88
31 20 18
31 21 86
31 22 95
31 23 18
31 24 64
31 25 88
31 26 89
31 27 32
31 28 36
31 29 79
31 30 19
31 32 26
31 33 100
31 34 62
31 35 61
31 36 31
31 37 46
31 38 17
31 39 74
31 40 41
31 41 50
31 42 81
31 43 90
31 44 18
31 45 37
31 46 81
31 47 31
31 48 28
31 49 70
31 50 84
31 51 68
31 52 58
31 53 32
31 54 91
31 55 97
31 56 95
31 57 83
31 58 41
31 59 42
31 60 65
31 61 12
31 62 53
31 63 66
31 64 9
31 65 17
31 66 75
31 67 77
31 68 59
31 69 89
31 70 96
31 71 98
31 72 60
31 73 88
31 74 79
31 75 31
31 76 36
31 77 24
31 78 21
31 79 56
31 80 98
31 81 98
31 82 5
31 83 71
31 84 70
31 85 92
31 86 73
31 87 39
31 88 15
31 89 45
31 90 55
31 91 28
31 92 18
31 93 92
31 94 11
31 95 9
31 96 35
31 97 87
31 98 38
31 99 5
32 1 45
32 2 25
32 3 32
32 4 49
32 5 76
32 6 11
32 7 30
32 8 34
32 9 35
32 10 55
32 11 41
32 12 12
32 13 28
32 14 5
32 15 17
32 16 31
32 17 28
32 18 77
32 19 31
32 20 25
32 21 89
32 22 27
32 23 70
32 24 38
32 25 17
32 26 49
32 27 73
32 28 48
32 29 28
32 30 96
32 31 26
32 33 99
32 34 47
32 35 99
32 36 40
32 37 39
32 38 32
32 39 18
32 40 31
32 41 32
32 42 46
32 43 19
32 44 95
32 45 44
32 46 74
32 47 80
32 48 86
32 49 25
32 50 53
32 51 87
32 52 60
32 53 81
32 54 92
32 55 51
32 56 41
32 57 39
32 58 33
32 59 6
32 60 33
32 61 28
32 62 26
32 63 5
32 64 74
32 65 45
32 66 82
32 67 80
32 68 94
32 69 61
32 70 14
32 71 12
32 72 60
32 73 27
32 74 10
32 75 95
32 76 56
32 77 80
32 78 34
32 79 72
32 80 51
32 81 7
32 82 45
32 83 88
32 84 37
32 85 25
32 86 99
32 87 81
32 88 55
32 89 84
32 90 31
32 91 89
32 92 45
32 93 7
32 94 31
32 95 90
32 96 64
32 97 45
32 98 72
32 99 90
33 1 94
33 2 62
33 3 72
33 4 45
33 5 80
33 6 9
33 7 29
33 8 74
33 9 67
33 10 7
33 11 44
33 12 46
33 13 85
33 14 51
33 15 58
33 16 40
33 17 39
33 18 99
33 19 27
33 20 78
33 21 85
33 22 73
33 23 64
33 24 52
33 25 56
33 26 93
33 27 29
33 28 65
33 29 26
33 30 51
33 31 100
33 32 99
33 34 42
33 35 51
33 36 71
33 37 83
33 38 90
33 39 39
33 40 18
33 41 78
33 42 40
33 43 32
33 44 13
33 45 64
33 46 67
33 47 68
33 48 41
33 49 97
33 50 5
33 51 58
33 52 7
33 53 68
33 54 40
33 55 45
33 56 58
33 57 88
33 58 17
33 59 25
33 60 73
33 61 59
33 62 75
33 63 85
33 64 20
33 65 54
33 66 79
33 67 93
33 68 78
33 69 25
33 70 95
33 71 90
33 72 41
33 73 19
33 74 18
33 75 80
33 76 48
33 77 45
33 78 41
33 79 37
33 80 45
33 81 100
33 82 64
33 83 73
33 84 43
33 85 34
33 86 65
33 87 70
33 88 53
33 89 56
33 90 18
33 91 37
33 92 93
33 93 26
33 94 78
33 95 26
33 96 26
33 97 55
33 98 49
33 99 46
34 1 14
34 2 47
34 3 40
34 4 56
34 5 43
34 6 57
34 7 81
34 8 100
34 9 35
34 10 13
34 11 100
34 12 95
34 13 49
34 14 15
34 15 51
34 16 61
34 17 48
34 18 13
34 19 69
34 20 32
34 21 75
34 22 17
34 23 81
34 24 28
34 25 86
34 26 59
34 27 84
34 28 41
34 29 24
34 30 37
34 31 62
34 32 47
34 33 42
34 35 40
34 36 51
34 37 13
34 38 7
34 39 51
34 40 99
34 41 90
34 42 86
34 43 46
34 44 36
34 45 11
34 46 28
34 47 29
34 48 24
34 49 91
34 50 90
34 51 84
34 52 62
34 53 37
34 54 52
34 55 22
34 56 77
34 57 83
34 58 64
34 59 31
34 60 76
34 61 47
34 62 81
34 63 29
34 64 81
34 65 85
34 66 59
34 67 57
34 68 21
34 69 41
34 70 34
34 71 84
34 72 17
34 73 5
34 74 68
34 75 76
34 76 23
34 77 75
34 78 31
34 79 30
34 80 78
34 81 25
34 82 96
34 83 37
34 84 11
34 85 26
34 86 73
34 87 32
34 88 41
34 89 88
34 90 30
34 91 82
34 92 38
34 93 16
34 94 77
34 95 35
34 96 57
34 97 94
34 98 87
34 99 36
35 1 69
35 2 37
35 3 29
35 4 12
35 5 93
35 6 80
35 7 46
35 8 19
35 9 88
35 10 63
35 11 62
35 12 20
35 13 53
35 14 24
35 15 76
35 16 27
35 17 21
35 18 82
35 19 94
35 20 65
35 21 40
35 22 89
35 23 42
35 24 83
35 25 76
35 26 76
35 27 49
35 28 96
35 29 23
35 30 37
35 31 61
35 32 99
35 33 51
35 34 40
35 36 51
35 37 87
35 38 95
35 39 48
35 40 49
35 41 22
35 42 78
35 43 13
35 44 59
35 45 46
35 46 97
35 47 18
35 48 93
35 49 30
35 50 48
35 51 67
35 52 63
35 53 98
35 54 91
35 55 55
35 56 66
35 57 38
35 58 51
35 59 59
35 60 26
35 61 85
35 62 34
35 63 47
35 64 99
35 65 48
35 66 24
35 67 14
35 68 97
35 69 91
35 70 51
35 71 11
35 72 24
35 73 49
35 74 42
35 75 22
35 76 68
35 77 55
35 78 86
35 79 62
35 80 86
35 81 78
35 82 61
35 83 17
35 84 44
35 85 66
35 86 29
35 87 95
35 88 44
35 89 64
35 90 82
35 91 29
35 92 93
35 93 100
35 94 36
35 95 5
35 96 65
35 97 16
35 98 16
35 99 90
36 1 53
36 2 97
36 3 52
36 4 43
36 5 89
36 6 16
36 7 75
36 8 74
36 9 76
36 10 25
36 11 21
36 12 53
36 13 58
36 14 96
36 15 40
36 16 61
36 17 86
36 18 82
36 19 51
36 20 5
36 21 23
36 22 71
36 23 16
36 24 6
36 25 16
36 26 100
36 27 50
36 28 61
36 29 37
36 30 44
36 31 31
36 32 40
36 33 71
36 34 51
36 35 51
36 37 51
36 38 56
36 39 48
36 40 9
36 41 89
36 42 58
36 43 74
36 44 43
36 45 70
36 46 12
36 47 18
36 48 7
36 49 47
36 50 46
36 51 93
36 52 52
36 53 39
36 54 30
36 55 99
36 56 28
36 57 26
36 58 42
36 59 48
36 60 29
36 61 66
36 62 63
36 63 7
36 64 73
36 65 41
36 66 33
36 67 51
36 68 13
36 69 28
36 70 20
36 71 12
36 72 78
36 73 41
36 74 86
36 75 98
36 76 47
36 77 53
36 78 79
36 79 73
36 80 15
36 81 59
36 82 65
36 83 66
36 84 48
36 85 100
36 86 90
36 87 33
36 88 50
36 89 96
36 90 72
36 91 32
36 92 30
36 93 95
36 94 44
36 95 95
36 96 63
36 97 47
36 98 71
36 99 86
37 1 27
37 2 35
37 3 25
37 4 80
37 5 87
37 6 85
37 7 14
37 8 58
37 9 39
37 10 12
37 11 81
37 12 16
37 13 62
37 14 93
37 15 68
37 16 55
37 17 11
37 18 29
37 19 44
37 20 39
37 21 38
37 22 80
37 23 18
37 24 11
37 25 76
37 26 55
37 27 13
37 28 87
37 29 48
37 30 8
37 31 46
37 32 39
37 33 83
37 34 13
37 35 87
37 36 51
37 38 42
37 39 18
37 40 81
37 41 90
37 42 30
37 43 27
37 44 40
37 45 71
37 46 70
37 47 36
37 48 5
37 49 80
37 50 60
37 51 15
37 52 43
37 53 64
37 54 8
37 55 56
37 56 25
37 57 44
37 58 69
37 59 51
37 60 31
37 61 55
37 62 36
37 63 71
37 64 77
37 65 97
37 66 43
37 67 38
37 68 6
37 69 13
37 70 53
37 71 8
37 72 83
37 73 78
37 74 29
37 75 35
37 76 84
37 77 13
37 78 85
37 79 41
37 80 18
37 81 90
37 82 48
37 83 30
37 84 16
37 85 12
37 86 32
37 87 21
37 88 96
37 89 22
37 90 25
37 91 38
37 92 50
37 93 9
37 94 21
37 95 45
37 96 6
37 97 32
37 98 17
37 99 98
38 1 23
38 2 43
38 3 90
38 4 69
38 5 57
38 6 76
38 7 38
38 8 25
38 9 39
38 10 29
38 11 8
38 12 83
38 13 85
38 14 72
38 15 26
38 16 96
38 17 13
38 18 38
38 19 58
38 20 73
38 21 50
38 22 64
38 23 21
38 24 99
38 25 37
38 26 57
38 27 83
38 28 18
38 29 45
38 30 33
38 31 17
38 32 32
38 33 90
38 34 7
38 35 95
38 36 56
38 37 42
38 39 35
38 40 76
38 41 20
38 42 49
38 43 96
38 44 28
38 45 15
38 46 86
38 47 63
38 48 72
38 49 64
38 50 87
38 51 58
38 52 58
38 53 81
38 54 61
38 55 53
38 56 58
38 57 29
38 58 47
38 59 19
38 60 53
38 61 83
38 62 13
38 63 5
38 64 41
38 65 19
38 66 39
38 67 61
38 68 16
38 69 21
38 70 24
38 71 32
38 72 70
38 73 41
38 74 34
38 75 26
38 76 24
38 77 88
38 78 7
38 79 76
38 80 11
38 81 10
38 82 33
38 83 32
38 84 70
38 85 97
38 86 63
38 87 29
38 88 94
38 89 99
38 90 28
38 91 54
38 92 60
38 93 21
38 94 93
38 95 60
38 96 44
38 97 98
38 98 39
38 99 52
39 1 81
39 2 60
39 3 6
39 4 59
39 5 81
39 6 23
39 7 85
39 8 6
39 9 65
39 10 100
39 11 45
39 12 16
39 13 55
39 14 76
39 15 34
39 16 5
39 17 80
39 18 75
39 19 82
39 20 90
39 21 38
39 22 8
39 23 33
39 24 38
39 25 82
39 26 38
39 27 55
39 28 75
39 29 44
39 30 8
39 31 74
39 32 18
39 33 39
39 34 51
39 35 48
39 36 48
39 37 18
39 38 35
39 40 69
39 41 91
39 42 27
39 43 36
39 44 16
39 45 56
39 46 16
39 47 70
39 48 87
39 49 28
39 50 43
39 51 31
39 52 43
39 53 87
39 54 60
39 55 9
39 56 49
39 57 38
39 58 56
39 59 12
39 60 75
39 61 21
39 62 15
39 63 12
39 64 95
39 65 36
39 66 74
39 67 60
39 68 70
39 69 71
39 70 67
39 71 80
39 72 83
39 73 7
39 74 32
39 75 48
39 76 29
39 77 6
39 78 13
39 79 72
39 80 11
39 81 64
39 82 21
39 83 28
39 84 60
39 85 12
39 86 93
39 87 57
39 88 16
39 89 66
39 90 61
39 91 7
39 92 86
39 93 23
39 94 91
39 95 59
39 96 82
39 97 36
39 98 6
39 99 40
40 1 95
40 2 7
40 3 80
40 4 73
40 5 51
40 6 69
40 7 80
40 8 53
40 9 63
40 10 95
40 11 77
40 12 50
40 13 64
40 14 12
40 15 17
40 16 16
40 17 43
40 18 46
40 19 75
40 20 20
40 21 68
40 22 24
40 23 69
40 24 61
40 25 91
40 26 41
40 27 81
40 28 43
40 29 68
40 30 95
40 31 41
40 32 31
40 33 18
40 34 99
40 35 49
40 36 9
40 37 81
40 38 76
40 39 69
40 41 74
40 42 5
40 43 13
40 44 53
40 45 78
40 46 61
40 47 90
40 48 42
40 49 34
40 50 86
40 51 78
40 52 100
40 53 42
40 54 6
40 55 25
40 56 8
40 57 17
40 58 13
40 59 22
40 60 20
40 61 53
40 62 59
40 63 97
40 64 81
40 65 18
40 66 79
40 67 86
40 68 69
40 69 73
40 70 25
40 71 39
40 72 5
40 73 45
40 74 97
40 75 90
40 76 7
40 77 11
40 78 97
40 79 61
40 80 21
40 81 51
40 82 77
40 83 71
40 84 61
40 85 71
40 86 19
40 87 12
40 88 38
40 89 95
40 90 61
40 91 92
40 92 30
40 93 54
40 94 52
40 95 88
40 96 46
40 97 52
40 98 30
40 99 18
41 1 86
41 2 20
41 3 37
41 4 12
41 5 9
41 6 51
41 7 92
41 8 49
41 9 35
41 10 54
41 11 14
41 12 47
41 13 43
41 14 15
41 15 70
41 16 78
41 17 35
41 18 59
41 19 34
41 20 91
41 21 51
41 22 79
41 23 11
41 24 59
41 25 56
41 26 76
41 27 22
41 28 27
41 29 56
41 30 100
41 31 50
41 32 32
41 33 78
41 34 90
41 35 22
41 36 89
41 37 90
41 38 20
41 39 91
41 40 74
41 42 47
41 43 57
41 44 72
41 45 65
41 46 85
41 47 67
41 48 94
41 49 62
41 50 41
41 51 28
41 52 87
41 53 62
41 54 85
41 55 36
41 56 15
41 57 12
41 58 25
41 59 54
41 60 76
41 61 65
41 62 58
41 63 25
41 64 33
41 65 35
41 66 90
41 67 37
41 68 48
41 69 55
41 70 67
41 71 48
41 72 10
41 73 69
41 74 92
41 75 85
41 76 51
41 77 71
41 78 30
41 79 31
41 80 97
41 81 77
41 82 96
41 83 87
41 84 99
41 85 48
41 86 15
41 87 72
41 88 31
41 89 48
41 90 26
41 91 75
41 92 19
41 93 45
41 94 9
41 95 20
41 96 28
41 97 31
41 98 45
41 99 24
42 1 39
42 2 72
42 3 56
42 4 67
42 5 82
42 6 20
42 7 85
42 8 39
42 9 67
42 10 56
42 11 95
42 12 74
42 13 14
42 14 19
42 15 9
42 16 96
42 17 48
42 18 7
42 19 70
42 20 92
42 21 99
42 22 41
42 23 69
42 24 25
42 25 53
42 26 17
42 27 78
42 28 71
42 29 98
42 30 6
42 31 81
42 32 46
42 33 40
42 34 86
42 35 78
42 36 58
42 37 30
42 38 49
42 39 27
42 40 5
42 41 47
42 43 21
42 44 50
42 45 50
42 46 25
42 47 87
42 48 33
42 49 50
42 50 16
42 51 63
42 52 13
42 53 99
42 54 22
42 55 78
42 56 59
42 57 16
42 58 79
42 59 74
42 60 40
42 61 38
42 62 52
42 63 97
42 64 9
42 65 37
42 66 27
42 67 45
42 68 67
42 69 86
42 70 36
42 71 83
42 72 67
42 73 27
42 74 98
42 75 70
42 76 60
42 77 33
42 78 37
42 79 73
42 80 91
42 81 83
42 82 64
42 83 17
42 84 40
42 85 9
42 86 60
42 87 40
42 88 27
42 89 29
42 90 56
42 91 78
42 92 89
42 93 30
42 94 59
42 95 90
42 96 42
42 97 61
42 98 24
42 99 31
43 1 60
43 2 99
43 3 49
43 4 72
43 5 24
43 6 79
43 7 31
43 8 15
43 9 42
43 10 44
43 11 73
43 12 85
43 13 66
43 14 58
43 15 85
43 16 43
43 17 33
43 18 42
43 19 87
43 20 82
43 21 63
43 22 41
43 23 24
43 24 10
43 25 56
43 26 39
43 27 93
43 28 17
43 29 80
43 30 18
43 31 90
43 32 19
43 33 32
43 34 46
43 35 13
43 36 74
43 37 27
43 38 96
43 39 36
43 40 13
43 41 57
43 42 21
43 44 55
43 45 69
43 46 61
43 47 41
43 48 5
43 49 72
43 50 24
43 51 71
43 52 73
43 53 20
43 54 37
43 55 98
43 56 71
43 57 36
43 58 24
43 59 11
43 60 11
43 61 18
43 62 100
43 63 84
43 64 35
43 65 75
43 66 7
43 67 52
43 68 87
43 69 59
43 70 50
43 71 14
43 72 38
43 73 8
43 74 24
43 75 43
43 76 94
43 77 90
43 78 50
43 79 35
43 80 56
43 81 23
43 82 12
43 83 27
43 84 13
43 85 77
43 86 48
43 87 41
43 88 89
43 89 73
43 90 45
43 91 51
43 92 43
43 93 68
43 94 99
43 95 53
43 96 69
43 97 93
43 98 46
43 99 97
44 1 47
44 2 49
44 3 54
44 4 36
44 5 93
44 6 97
44 7 50
44 8 7
44 9 8
44 10 29
44 11 53
44 12 18
44 13 30
44 14 60
44 15 18
44 16 11
44 17 46
44 18 82
44 19 28
44 20 15
44 21 62
44 22 16
44 23 27
44 24 47
44 25 12
44 26 33
44 27 60
44 28 91
44 29 70
44 30 90
44 31 18
44 32 95
44 33 13
44 34 36
44 35 59
44 36 43
44 37 40
44 38 28
44 39 16
44 40 53
44 41 72
44 42 50
44 43 55
44 45 23
44 46 34
44 47 77
44 48 64
44 49 50
44 50 8
44 51 14
44 52 55
44 53 44
44 54 58
44 55 55
44 56 37
44 57 47
44 58 13
44 59 51
44 60 8
44 61 61
44 62 82
44 63 56
44 64 32
44 65 5
44 66 69
44 67 81
44 68 43
44 69 59
44 70 99
44 71 45
44 72 79
44 73 23
44 74 24
44 75 99
44 76 23
44 77 44
44 78 22
44 79 63
44 80 20
44 81 99
44 82 98
44 83 46
44 84 69
44 85 19
44 86 40
44 87 34
44 88 18
44 89 63
44 90 14
44 91 34
44 92 81
44 93 77
44 94 70
44 95 50
44 96 43
44 97 95
44 98 93
44 99 26
45 1 85
45 2 91
45 3 71
45 4 67
45 5 19
45 6 12
45 7 71
45 8 45
45 9 96
45 10 7
45 11 20
45 12 9
45 13 87
45 14 29
45 15 56
45 16 96
45 17 29
45 18 44
45 19 87
45 20 68
45 21 97
45 22 80
45 23 6
45 24 75
45 25 43
45 26 35
45 27 38
45 28 5
45 29 100
45 30 31
45 31 37
45 32 44
45 33 64
45 34 11
45 35 46
45 36 70
45 37 71
45 38 15
45 39 56
45 40 78
45 41 65
45 42 50
45 43 69
45 44 23
45 46 89
45 47 15
45 48 49
45 49 53
45 50 8
45 51 11
45 52 96
45 53 56
45 54 27
45 55 11
45 56 59
45 57 61
45 58 16
45 59 75
45 60 89
45 61 76
45 62 91
45 63 73
45 64 40
45 65 69
45 66 14
45 67 29
45 68 62
45 69 44
45 70 58
45 71 80
45 72 78
45 73 49
45 74 79
45 75 90
45 76 22
45 77 59
45 78 95
45 79 28
45 80 84
45 81 80
45 82 33
45 83 86
45 84 57
45 85 99
45 86 82
45 87 7
45 88 54
45 89 59
45 90 21
45 91 31
45 92 83
45 93 28
45 94 27
45 95 66
45 96 63
45 97 85
45 98 94
45 99 91
46 1 19
46 2 10
46 3 92
46 4 66
46 5 41
46 6 79
46 7 84
46 8 74
46 9 85
46 10 65
46 11 84
46 12 47
46 13 60
46 14 30
46 15 69
46 16 73
46 17 60
46 18 70
46 19 21
46 20 58
46 21 44
46 22 88
46 23 39
46 24 29
46 25 79
46 26 85
46 27 34
46 28 37
46 29 52
46 30 15
46 31 81
46 32 74
46 33 67
46 34 28
46 35 97
46 36 12
46 37 70
46 38 86
46 39 16
46 40 61
46 41 85
46 42 25
46 43 61
46 44 34
46 45 89
46 47 65
46 48 69
46 49 7
46 50 26
46 51 44
46 52 42
46 53 15
46 54 12
46 55 82
46 56 39
46 57 35
46 58 85
46 59 79
46 60 18
46 61 32
46 62 45
46 63 38
46 64 87
46 65 30
46 66 52
46 67 10
46 68 44
46 69 42
46 70 19
46 71 50
46 72 19
46 73 43
46 74 49
46 75 79
46 76 37
46 77 5
46 78 14
46 79 26
46 80 33
46 81 92
46 82 64
46 83 38
46 84 49
46 85 48
46 86 39
46 87 53
46 88 53
46 89 7
46 90 15
46 91 39
46 92 46
46 93 9
46 94 98
46 95 13
46 96 9
46 97 37
46 98 39
46 99 27
47 1 19
47 2 97
47 3 79
47 4 100
47 5 49
47 6 61
47 7 5
47 8 53
47 9 24
47 10 21
47 11 60
47 12 62
47 13 86
47 14 14
47 15 20
47 16 53
47 17 66
47 18 21
47 19 63
47 20 78
47 21 51
47 22 64
47 23 9
47 24 9
47 25 47
47 26 44
47 27 16
47 28 31
47 29 31
47 30 77
47 31 31
47 32 80
47 33 68
47 34 29
47 35 18
47 36 18
47 37 36
47 38 63
47 39 70
47 40 90
47 41 67
47 42 87
47 43 41
47 44 77
47 45 15
47 46 65
47 48 5
47 49 80
47 50 27
47 51 91
47 52 67
47 53 77
47 54 10
47 55 94
47 56 10
47 57 8
47 58 42
47 59 78
47 60 84
47 61 29
47 62 85
47 63 64
47 64 89
47 65 86
47 66 97
47 67 37
47 68 54
47 69 49
47 70 93
47 71 95
47 72 25
47 73 32
47 74 42
47 75 16
47 76 11
47 77 9
47 78 83
47 79 77
47 80 90
47 81 46
47 82 11
47 83 18
47 84 34
47 85 39
47 86 98
47 87 80
47 88 24
47 89 75
47 90 67
47 91 97
47 92 19
47 93 14
47 94 13
47 95 60
47 96 87
47 97 36
47 98 44
47 99 68
48 1 65
48 2 28
48 3 22
48 4 55
48 5 23
48 6 87
48 7 30
48 8 93
48 9 96
48 10 74
48 11 50
48 12 83
48 13 29
48 14 79
48 15 14
48 16 7
48 17 88
48 18 94
48 19 83
48 20 22
48 21 84
48 22 69
48 23 94
48 24 47
48 25 55
48 26 36
48 27 88
48 28 82
48 29 95
48 30 28
48 31 28
48 32 86
48 33 41
48 34 24
48 35 93
48 36 7
48 37 5
48 38 72
48 39 87
48 40 42
48 41 94
48 42 33
48 43 5
48 44 64
48 45 49
48 46 69
48 47 5
48 49 95
48 50 68
48 51 83
48 52 91
48 53 70
48 54 39
48 55 89
48 56 51
48 57 19
48 58 80
48 59 13
48 60 69
48 61 94
48 62 38
48 63 22
48 64 27
48 65 67
48 66 60
48 67 76
48 68 39
48 69 66
48 70 49
48 71 13
48 72 23
48 73 81
48 74 51
48 75 61
48 76 64
48 77 95
48 78 63
48 79 29
48 80 55
48 81 37
48 82 99
48 83 38
48 84 63
48 85 75
48 86 5
48 87 34
48 88 28
48 89 83
48 90 28
48 91 72
48 92 70
48 93 38
48 94 60
48 95 18
48 96 25
48 97 58
48 98 15
48 99 28
49 1 38
49 2 100
49 3 47
49 4 49
49 5 63
49 6 76
49 7 68
49 8 90
49 9 80
49 10 40
49 11 7
49 12 25
49 13 85
49 14 32
49 15 31
49 16 47
49 17 11
49 18 100
49 19 80
49 20 91
49 21 12
49 22 42
49 23 80
49 24 21
49 25 26
49 26 77
49 27 56
49 28 74
49 29 26
49 30 25
49 31 70
49 32 25
49 33 97
49 34 91
49 35 30
49 36 47
49 37 80
49 38 64
49 39 28
49 40 34
49 41 62
49 42 50
49 43 72
49 44 50
49 45 53
49 46 7
49 47 80
49 48 95
49 50 73
49 51 61
49 52 31
49 53 28
49 54 83
49 55 97
49 56 80
49 57 24
49 58 47
49 59 36
49 60 74
49 61 8
49 62 34
49 63 26
49 64 20
49 65 41
49 66 47
49 67 89
49 68 92
49 69 91
49 70 45
49 71 97
49 72 51
49 73 88
49 74 84
49 75 6
49 76 21
49 77 82
49 78 81
49 79 27
49 80 38
49 81 7
49 82 57
49 83 93
49 84 56
49 85 67
49 86 27
49 87 89
49 88 73
49 89 51
49 90 45
49 91 59
49 92 41
49 93 33
49 94 8
49 95 84
49 96 58
49 97 49
49 98 80
49 99 71
50 1 36
50 2 74
50 3 70
50 4 50
50 5 70
50 6 61
50 7 78
50 8 63
50 9 50
50 10 10
50 11 29
50 12 70
50 13 59
50 14 16
50 15 82
50 16 100
50 17 18
50 18 28
50 19 100
50 20 61
50 21 31
50 22 16
50 23 69
50 24 67
50 25 66
50 26 57
50 27 34
50 28 56
50 29 6
50 30 9
50 31 84
50 32 53
50 33 5
50 34 90
50 35 48
50 36 46
50 37 60
50 38 87
50 39 43
50 40 86
50 41 41
50 42 16
50 43 24
50 44 8
50 45 8
50 46 26
50 47 27
50 48 68
50 49 73
50 51 80
50 52 55
50 53 11
50 54 80
50 55 56
50 56 18
50 57 20
50 58 81
50 59 84
50 60 9
50 61 7
50 62 59
50 63 68
50 64 97
50 65 60
50 66 21
50 67 33
50 68 24
50 69 49
50 70 12
50 71 98
50 72 65
50 73 31
50 74 56
50 75 34
50 76 60
50 77 15
50 78 6
50 79 25
50 80 81
50 81 5
50 82 39
50 83 6
50 84 73
50 85 90
50 86 84
50 87 78
50 88 73
50 89 72
50 90 28
50 91 30
50 92 76
50 93 63
50 94 44
50 95 13
50 96 60
50 97 21
50 98 90
50 99 93
51 1 6
51 2 5
51 3 11
51 4 23
51 5 40
51 6 52
51 7 79
51 8 76
51 9 66
51 10 22
51 11 22
51 12 46
51 13 10
51 14 86
51 15 15
51 16 10
51 17 78
51 18 93
51 19 81
51 20 42
51 21 38
51 22 36
51 23 56
51 24 59
51 25 55
51 26 45
51 27 29
51 28 45
51 29 77
51 30 72
51 31 68
51 32 87
51 33 58
51 34 84
51 35 67
51 36 93
51 37 15
51 38 58
51 39 31
51 40 78
51 41 28
51 42 63
51 43 71
51 44 14
51 45 11
51 46 44
51 47 91
51 48 83
51 49 61
51 50 80
51 52 77
51 53 89
51 54 15
51 55 96
51 56 22
51 57 72
51 58 46
51 59 22
51 60 45
51 61 25
51 62 100
51 63 53
51 64 29
51 65 19
51 66 78
51 67 66
51 68 7
51 69 30
51 70 34
51 71 59
51 72 50
51 73 87
51 74 91
51 75 23
51 76 80
51 77 29
51 78 36
51 79 5
51 80 15
51 81 72
51 82 32
51 83 17
51 84 56
51 85 25
51 86 84
51 87 5
51 88 7
51 89 12
51 90 50
51 91 76
51 92 40
51 93 43
51 94 67
51 95 81
51 96 10
51 97 60
51 98 15
51 99 39
52 1 74
52 2 61
52 3 98
52 4 71
52 5 89
52 6 72
52 7 47
52 8 66
52 9 13
52 10 60
52 11 37
52 12 8
52 13 45
52 14 87
52 15 47
52 16 52
52 17 97
52 18 29
52 19 79
52 20 74
52 21 49
52 22 13
52 23 20
52 24 49
52 25 74
52 26 63
52 27 47
52 28 27
52 29 22
52 30 14
52 31 58
52 32 60
52 33 7
52 34 62
52 35 63
52 36 52
52 37 43
52 38 58
52 39 43
52 40 100
52 41 87
52 42 13
52 43 73
52 44 55
52 45 96
52 46 42
52 47 67
52 48 91
52 49 31
52 50 55
52 51 77
52 53 35
52 54 59
52 55 76
52 56 98
52 57 64
52 58 66
52 59 33
52 60 34
52 61 7
52 62 36
52 63 22
52 64 79
52 65 75
52 66 25
52 67 58
52 68 32
52 69 43
52 70 51
52 71 80
52 72 22
52 73 40
52 74 16
52 75 88
52 76 5
52 77 96
52 78 40
52 79 85
52 80 19
52 81 12
52 82 70
52 83 96
52 84 57
52 85 82
52 86 52
52 87 72
52 88 7
52 89 72
52 90 15
52 91 99
52 92 35
52 93 6
52 94 25
52 95 22
52 96 17
52 97 6
52 98 45
52 99 61
53 1 64
53 2 17
53 3 51
53 4 73
53 5 57
53 6 38
53 7 89
53 8 92
53 9 71
53 10 25
53 11 15
53 12 17
53 13 58
53 14 87
53 15 55
53 16 86
53 17 99
53 18 17
53 19 55
53 20 83
53 21 84
53 22 27
53 23 67
53 24 42
53 25 90
53 26 22
53 27 70
53 28 95
53 29 63
53 30 95
53 31 32
53 32 81
53 33 68
53 34 37
53 35 98
53 36 39
53 37 64
53 38 81
53 39 87
53 40 42
53 41 62
53 42 99
53 43 20
53 44 44
53 45 56
53 46 15
53 47 77
53 48 70
53 49 28
53 50 11
53 51 89
53 52 35
53 54 15
53 55 27
53 56 77
53 57 88
53 58 23
53 59 43
53 60 23
53 61 51
53 62 8
53 63 11
53 64 54
53 65 80
53 66 62
53 67 21
53 68 21
53 69 50
53 70 61
53 71 8
53 72 46
53 73 72
53 74 45
53 75 93
53 76 65
53 77 21
53 78 63
53 79 65
53 80 64
53 81 56
53 82 14
53 83 52
53 84 71
53 85 93
53 86 97
53 87 92
53 88 73
53 89 95
53 90 45
53 91 70
53 92 37
53 93 56
53 94 87
53 95 27
53 96 55
53 97 38
53 98 54
53 99 27
54 1 43
54 2 94
54 3 100
54 4 61
54 5 71
54 6 56
54 7 68
54 8 68
54 9 60
54 10 94
54 11 69
54 12 38
54 13 70
54 14 42
54 15 73
54 16 20
54 17 39
54 18 57
54 19 8
54 20 9
54 21 48
54 22 36
54 23 69
54 24 84
54 25 18
54 26 33
54 27 96
54 28 81
54 29 9
54 30 11
54 31 91
54 32 92
54 33 40
54 34 52
54 35 91
54 36 30
54 37 8
54 38 61
54 39 60
54 40 6
54 41 85
54 42 22
54 43 37
54 44 58
54 45 27
54 46 12
54 47 10
54 48 39
54 49 83
54 50 80
54 51 15
54 52 59
54 53 15
54 55 43
54 56 92
54 57 87
54 58 25
54 59 13
54 60 66
54 61 90
54 62 51
54 63 92
54 64 42
54 65 26
54 66 12
54 67 60
54 68 81
54 69 42
54 70 7
54 71 75
54 72 13
54 73 27
54 74 98
54 75 11
54 76 57
54 77 58
54 78 77
54 79 30
54 80 26
54 81 86
54 82 5
54 83 16
54 84 13
54 85 63
54 86 82
54 87 46
54 88 80
54 89 10
54 90 57
54 91 52
54 92 42
54 93 17
54 94 63
54 95 68
54 96 87
54 97 87
54 98 91
54 99 19
55 1 55
55 2 40
55 3 72
55 4 69
55 5 48
55 6 47
55 7 36
55 8 49
55 9 89
55 10 100
55 11 49
55 12 23
55 13 76
55 14 22
55 15 67
55 16 10
55 17 43
55 18 96
55 19 13
55 20 70
55 21 64
55 22 83
55 23 40
55 24 71
55 25 9
55 26 38
55 27 89
55 28 8
55 29 27
55 30 45
55 31 97
55 32 51
55 33 45
55 34 22
55 35 55
55 36 99
55 37 56
55 38 53
55 39 9
55 40 25
55 41 36
55 42 78
55 43 98
55 44 55
55 45 11
55 46 82
55 47 94
55 48 89
55 49 97
55 50 56
55 51 96
55 52 76
55 53 27
55 54 43
55 56 51
55 57 41
55 58 53
55 59 93
55 60 34
55 61 64
55 62 65
55 63 89
55 64 58
55 65 35
55 66 83
55 67 71
55 68 14
55 69 42
55 70 94
55 71 37
55 72 89
55 73 93
55 74 45
55 75 97
55 76 99
55 77 27
55 78 60
55 79 41
55 80 50
55 81 22
55 82 52
55 83 62
55 84 79
55 85 27
55 86 97
55 87 39
55 88 84
55 89 79
55 90 50
55 91 34
55 92 16
55 93 85
55 94 77
55 95 53
55 96 23
55 97 13
55 98 12
55 99 67
56 1 87
56 2 89
56 3 45
56 4 68
56 5 59
56 6 40
56 7 91
56 8 96
56 9 72
56 10 37
56 11 36
56 12 21
56 13 58
56 14 38
56 15 15
56 16 42
56 17 43
56 18 91
56 19 26
56 20 100
56 21 52
56 22 5
56 23 44
56 24 93
56 25 79
56 26 75
56 27 16
56 28 39
56 29 90
56 30 8
56 31 95
56 32 41
56 33 58
56 34 77
56 35 66
56 36 28
56 37 25
56 38 58
56 39 49
56 40 8
56 41 15
56 42 59
56 43 71
56 44 37
56 45 59
56 46 39
56 47 10
56 48 51
56 49 80
56 50 18
56 51 22
56 52 98
56 53 77
56 54 92
56 55 51
56 57 72
56 58 86
56 59 56
56 60 90
56 61 28
56 62 52
56 63 32
56 64 72
56 65 72
56 66 77
56 67 86
56 68 78
56 69 47
56 70 13
56 71 70
56 72 45
56 73 72
56 74 9
56 75 20
56 76 93
56 77 71
56 78 64
56 79 17
56 80 29
56 81 42
56 82 30
56 83 58
56 84 100
56 85 34
56 86 58
56 87 45
56 88 54
56 89 60
56 90 95
56 91 8
56 92 82
56 93 43
56 94 40
56 95 64
56 96 8
56 97 20
56 98 5
56 99 26
57 1 23
57 2 41
57 3 61
57 4 78
57 5 30
57 6 85
57 7 5
57 8 22
57 9 27
57 10 66
57 11 69
57 12 86
57 13 40
57 14 78
57 15 11
57 16 51
57 17 54
57 18 75
57 19 40
57 20 50
57 21 30
57 22 79
57 23 14
57 24 35
57 25 60
57 26 56
57 27 92
57 28 11
57 29 98
57 30 12
57 31 83
57 32 39
57 33 88
57 34 83
57 35 38
57 36 26
57 37 44
57 38 29
57 39 38
57 40 17
57 41 12
57 42 16
57 43 36
57 44 47
57 45 61
57 46 35
57 47 8
57 48 19
57 49 24
57 50 20
57 51 72
57 52 64
57 53 88
57 54 87
57 55 41
57 56 72
57 58 8
57 59 54
57 60 90
57 61 74
57 62 53
57 63 52
57 64 38
57 65 6
57 66 25
57 67 96
57 68 96
57 69 38
57 70 50
57 71 5
57 72 62
57 73 27
57 74 74
57 75 49
57 76 48
57 77 9
57 78 68
57 79 93
57 80 9
57 81 66
57 82 50
57 83 59
57 84 93
57 85 96
57 86 36
57 87 59
57 88 70
57 89 94
57 90 91
57 91 26
57 92 65
57 93 52
57 94 91
57 95 7
57 96 53
57 97 13
57 98 31
57 99 19
58 1 43
58 2 70
58 3 61
58 4 80
58 5 39
58 6 18
58 7 61
58 8 28
58 9 16
58 10 43
58 11 53
58 12 36
58 13 54
58 14 89
58 15 88
58 16 29
58 17 48
58 18 7
58 19 30
58 20 59
58 21 89
58 22 15
58 23 70
58 24 17
58 25 80
58 26 100
58 27 91
58 28 87
58 29 54
58 30 13
58 31 41
58 32 33
58 33 17
58 34 64
58 35 51
58 36 42
58 37 69
58 38 47
58 39 56
58 40 13
58 41 25
58 42 79
58 43 24
58 44 13
58 45 16
58 46 85
58 47 42
58 48 80
58 49 47
58 50 81
58 51 46
58 52 66
58 53 23
58 54 25
58 55 53
58 56 86
58 57 8
58 59 20
58 60 70
58 61 70
58 62 85
58 63 57
58 64 38
58 65 75
58 66 55
58 67 17
58 68 20
58 69 82
58 70 96
58 71 23
58 72 90
58 73 62
58 74 94
58 75 24
58 76 84
58 77 32
58 78 48
58 79 53
58 80 85
58 81 42
58 82 78
58 83 38
58 84 22
58 85 66
58 86 54
58 87 91
58 88 59
58 89 50
58 90 84
58 91 94
58 92 5
58 93 60
58 94 77
58 95 20
58 96 13
58 97 10
58 98 72
58 99 67
59 1 94
59 2 78
59 3 71
59 4 93
59 5 25
59 6 57
59 7 96
59 8 96
59 9 56
59 10 49
59 11 48
59 12 37
59 13 86
59 14 57
59 15 45
59 16 10
59 17 84
59 18 46
59 19 38
59 20 13
59 21 100
59 22 38
59 23 42
59 24 58
59 25 64
59 26 19
59 27 90
59 28 27
59 29 86
59 30 83
59 31 42
59 32 6
59 33 25
59 34 31
59 35 59
59 36 48
59 37 51
59 38 19
59 39 12
59 40 22
59 41 54
59 42 74
59 43 11
59 44 51
59 45 75
59 46 79
59 47 78
59 48 13
59 49 36
59 50 84
59 51 22
59 52 33
59 53 43
59 54 13
59 55 93
59 56 56
59 57 54
59 58 20
59 60 99
59 61 35
59 62 24
59 63 77
59 64 100
59 65 90
59 66 42
59 67 27
59 68 17
59 69 97
59 70 8
59 71 21
59 72 50
59 73 91
59 74 8
59 75 13
59 76 70
59 77 14
59 78 21
59 79 27
59 80 69
59 81 55
59 82 56
59 83 35
59 84 85
59 85 24
59 86 66
59 87 83
59 88 37
59 89 76
59 90 88
59 91 72
59 92 74
59 93 27
59 94 27
59 95 81
59 96 51
59 97 9
59 98 82
59 99 43
60 1 82
60 2 30
60 3 37
60 4 71
60 5 16
60 6 11
60 7 32
60 8 51
60 9 58
60 10 9
60 11 54
60 12 55
60 13 29
60 14 52
60 15 35
60 16 62
60 17 31
60 18 100
60 19 66
60 20 66
60 21 91
60 22 62
60 23 34
60 24 95
60 25 46
60 26 43
60 27 68
60 28 53
60 29 50
60 30 99
60 31 65
60 32 33
60 33 73
60 34 76
60 35 26
60 36 29
60 37 31
60 38 53
60 39 75
60 40 20
60 41 76
60 42 40
60 43 11
60 44 8
60 45 89
60 46 18
60 47 84
60 48 69
60 49 74
60 50 9
60 51 45
60 52 34
60 53 23
60 54 66
60 55 34
60 56 90
60 57 90
60 58 70
60 59 99
60 61 11
60 62 73
60 63 23
60 64 11
60 65 10
60 66 80
60 67 92
60 68 90
60 69 24
60 70 68
60 71 24
60 72 58
60 73 96
60 74 18
60 75 49
60 76 71
60 77 12
60 78 30
60 79 39
60 80 25
60 81 99
60 82 85
60 83 59
60 84 6
60 85 92
60 86 31
60 87 90
60 88 36
60 89 93
60 90 81
60 91 43
60 92 76
60 93 52
60 94 94
60 95 48
60 96 90
60 97 17
60 98 46
60 99 60
61 1 91
61 2 16
61 3 66
61 4 75
61 5 67
61 6 93
61 7 94
61 8 85
61 9 52
61 10 8
61 11 45
61 12 56
61 13 87
61 14 28
61 15 65
61 16 47
61 17 75
61 18 74
61 19 33
61 20 76
61 21 72
61 22 29
61 23 80
61 24 69
61 25 64
61 26 41
61 27 73
61 28 7
61 29 35
61 30 76
61 31 12
61 32 28
61 33 59
61 34 47
61 35 85
61 36 66
61 37 55
61 38 83
61 39 21
61 40 53
61 41 65
61 42 38
61 43 18
61 44 61
61 45 76
61 46 32
61 47 29
61 48 94
61 49 8
61 50 7
61 51 25
61 52 7
61 53 51
61 54 90
61 55 64
61 56 28
61 57 74
61 58 70
61 59 35
61 60 11
61 62 17
61 63 95
61 64 70
61 65 50
61 66 59
61 67 30
61 68 39
61 69 21
61 70 14
61 71 62
61 72 51
61 73 49
61 74 11
61 75 89
61 76 73
61 77 69
61 78 96
61 79 13
61 80 18
61 81 44
61 82 76
61 83 52
61 84 20
61 85 7
61 86 34
61 87 66
61 88 36
61 89 72
61 90 71
61 91 59
61 92 88
61 93 61
61 94 22
61 95 15
61 96 26
61 97 24
61 98 99
61 99 84
62 1 52
62 2 86
62 3 90
62 4 52
62 5 59
62 6 42
62 7 43
62 8 15
62 9 91
62 10 11
62 11 62
62 12 10
62 13 40
62 14 85
62 15 22
62 16 31
62 17 89
62 18 89
62 19 48
62 20 94
62 21 61
62 22 17
62 23 57
62 24 24
62 25 68
62 26 60
62 27 69
62 28 85
62 29 88
62 30 38
62 31 53
62 32 26
62 33 75
62 34 81
62 35 34
62 36 63
62 37 36
62 38 13
62 39 15
62 40 59
62 41 58
62 42 52
62 43 100
62 44 82
62 45 91
62 46 45
62 47 85
62 48 38
62 49 34
62 50 59
62 51 100
62 52 36
62 53 8
62 54 51
62 55 65
62 56 52
62 57 53
62 58 85
62 59 24
62 60 73
62 61 17
62 63 25
62 64 23
62 65 29
62 66 61
62 67 58
62 68 84
62 69 12
62 70 92
62 71 12
62 72 11
62 73 25
62 74 49
62 75 88
62 76 67
62 77 45
62 78 78
62 79 87
62 80 59
62 81 50
62 82 73
62 83 29
62 84 51
62 85 22
62 86 92
62 87 52
62 88 20
62 89 77
62 90 29
62 91 100
62 92 29
62 93 86
62 94 21
62 95 45
62 96 43
62 97 22
62 98 96
62 99 87
63 1 54
63 2 44
63 3 69
63 4 94
63 5 15
63 6 73
63 7 36
63 8 83
63 9 73
63 10 46
63 11 64
63 12 75
63 13 41
63 14 65
63 15 96
63 16 12
63 17 65
63 18 72
63 19 46
63 20 35
63 21 75
63 22 64
63 23 79
63 24 93
63 25 37
63 26 53
63 27 98
63 28 89
63 29 44
63 30 42
63 31 66
63 32 5
63 33 85
63 34 29
63 35 47
63 36 7
63 37 71
63 38 5
63 39 12
63 40 97
63 41 25
63 42 97
63 43 84
63 44 56
63 45 73
63 46 38
63 47 64
63 48 22
63 49 26
63 50 68
63 51 53
63 52 22
63 53 11
63 54 92
63 55 89
63 56 32
63 57 52
63 58 57
63 59 77
63 60 23
63 61 95
63 62 25
63 64 100
63 65 33
63 66 96
63 67 65
63 68 32
63 69 55
63 70 93
63 71 54
63 72 20
63 73 42
63 74 61
63 75 93
63 76 28
63 77 94
63 78 28
63 79 15
63 80 36
63 81 42
63 82 40
63 83 68
63 84 84
63 85 59
63 86 92
63 87 70
63 88 22
63 89 55
63 90 23
63 91 71
63 92 37
63 93 94
63 94 88
63 95 15
63 96 52
63 97 13
63 98 57
63 99 77
64 1 99
64 2 92
64 3 41
64 4 91
64 5 51
64 6 11
64 7 70
64 8 57
64 9 32
64 10 26
64 11 10
64 12 96
64 13 79
64 14 80
64 15 37
64 16 49
64 17 79
64 18 27
64 19 56
64 20 66
64 21 62
64 22 36
64 23 17
64 24 59
64 25 15
64 26 98
64 27 40
64 28 44
64 29 49
64 30 92
64 31 9
64 32 74
64 33 20
64 34 81
64 35 99
64 36 73
64 37 77
64 38 41
64 39 95
64 40 81
64 41 33
64 42 9
64 43 35
64 44 32
64 45 40
64 46 87
64 47 89
64 48 27
64 49 20
64 50 97
64 51 29
64 52 79
64 53 54
64 54 42
64 55 58
64 56 72
64 57 38
64 58 38
64 59 100
64 60 11
64 61 70
64 62 23
64 63 100
64 65 24
64 66 29
64 67 5
64 68 78
64 69 18
64 70 40
64 71 54
64 72 12
64 73 61
64 74 43
64 75 47
64 76 94
64 77 80
64 78 71
64 79 51
64 80 77
64 81 17
64 82 98
64 83 97
64 84 38
64 85 55
64 86 74
64 87 13
64 88 43
64 89 90
64 90 26
64 91 27
64 92 36
64 93 89
64 94 85
64 95 90
64 96 84
64 97 71
64 98 78
64 99 59
65 1 14
65 2 50
65 3 82
65 4 17
65 5 31
65 6 79
65 7 82
65 8 93
65 9 15
65 10 92
65 11 36
65 12 45
65 13 98
65 14 38
65 15 83
65 16 12
65 17 55
65 18 82
65 19 92
65 20 29
65 21 77
65 22 48
65 23 35
65 24 48
65 25 23
65 26 52
65 27 79
65 28 52
65 29 94
65 30 28
65 31 17
65 32 45
65 33 54
65 34 85
65 35 48
65 36 41
65 37 97
65 38 19
65 39 36
65 40 18
65 41 35
65 42 37
65 43 75
65 44 5
65 45 69
65 46 30
65 47 86
65 48 67
65 49 41
65 50 60
65 51 19
65 52 75
65 53 80
65 54 26
65 55 35
65 56 72
65 57 6
65 58 75
65 59 90
65 60 10
65 61 50
65 62 29
65 63 33
65 64 24
65 66 70
65 67 50
65 68 10
65 69 45
65 70 70
65 71 82
65 72 62
65 73 23
65 74 76
65 75 43
65 76 50
65 77 17
65 78 19
65 79 63
65 80 39
65 81 63
65 82 71
65 83 19
65 84 20
65 85 10
65 86 61
65 87 92
65 88 44
65 89 29
65 90 61
65 91 38
65 92 92
65 93 57
65 94 58
65 95 97
65 96 16
65 97 54
65 98 98
65 99 8
66 1 16
66 2 59
66 3 17
66 4 59
66 5 89
66 6 42
66 7 60
66 8 77
66 9 77
66 10 45
66 11 69
66 12 6
66 13 92
66 14 90
66 15 97
66 16 64
66 17 86
66 18 17
66 19 33
66 20 28
66 21 40
66 22 7
66 23 90
66 24 32
66 25 38
66 26 77
66 27 15
66 28 17
66 29 72
66 30 6
66 31 75
66 32 82
66 33 79
66 34 59
66 35 24
66 36 33
66 37 43
66 38 39
66 39 74
66 40 79
66 41 90
66 42 27
66 43 7
66 44 69
66 45 14
66 46 52
66 47 97
66 48 60
66 49 47
66 50 21
66 51 78
66 52 25
66 53 62
66 54 12
66 55 83
66 56 77
66 57 25
66 58 55
66 59 42
66 60 80
66 61 59
66 62 61
66 63 96
66 64 29
66 65 70
66 67 21
66 68 86
66 69 48
66 70 15
66 71 57
66 72 71
66 73 63
66 74 8
66 75 47
66 76 54
66 77 25
66 78 18
66 79 78
66 80 10
66 81 46
66 82 95
66 83 89
66 84 100
66 85 32
66 86 97
66 87 26
66 88 17
66 89 27
66 90 16
66 91 7
66 92 73
66 93 66
66 94 90
66 95 6
66 96 39
66 97 100
66 98 40
66 99 77
67 1 72
67 2 35
67 3 65
67 4 38
67 5 15
67 6 44
67 7 70
67 8 87
67 9 18
67 10 18
67 11 96
67 12 39
67 13 73
67 14 95
67 15 18
67 16 27
67 17 21
67 18 100
67 19 47
67 20 74
67 21 60
67 22 32
67 23 63
67 24 54
67 25 22
67 26 49
67 27 93
67 28 42
67 29 43
67 30 19
67 31 77
67 32 80
67 33 93
67 34 57
67 35 14
67 36 51
67 37 38
67 38 61
67 39 60
67 40 86
67 41 37
67 42 45
67 43 52
67 44 81
67 45 29
67 46 10
67 47 37
67 48 76
67 49 89
67 50 33
67 51 66
67 52 58
67 53 21
67 54 60
67 55 71
67 56 86
67 57 96
67 58 17
67 59 27
67 60 92
67 61 30
67 62 58
67 63 65
67 64 5
67 65 50
67 66 21
67 68 37
67 69 46
67 70 8
67 71 98
67 72 84
67 73 26
67 74 28
67 75 65
67 76 85
67 77 69
67 78 63
67 79 60
67 80 55
67 81 61
67 82 15
67 83 92
67 84 77
67 85 25
67 86 92
67 87 6
67 88 11
67 89 36
67 90 75
67 91 25
67 92 93
67 93 49
67 94 7
67 95 52
67 96 100
67 97 18
67 98 69
67 99 84
68 1 18
68 2 36
68 3 9
68 4 56
68 5 26
68 6 57
68 7 81
68 8 6
68 9 14
68 10 18
68 11 84
68 12 64
68 13 88
68 14 96
68 15 60
68 16 98
68 17 26
68 18 83
68 19 35
68 20 71
68 21 88
68 22 44
68 23 86
68 24 93
68 25 62
68 26 14
68 27 76
68 28 100
68 29 72
68 30 66
68 31 59
68 32 94
68 33 78
68 34 21
68 35 97
68 36 13
68 37 6
68 38 16
68 39 70
68 40 69
68 41 48
68 42 67
68 43 87
68 44 43
68 45 62
68 46 44
68 47 54
68 48 39
68 49 92
68 50 24
68 51 7
68 52 32
68 53 21
68 54 81
68 55 14
68 56 78
68 57 96
68 58 20
68 59 17
68 60 90
68 61 39
68 62 84
68 63 32
68 64 78
68 65 10
68 66 86
68 67 37
68 69 78
68 70 99
68 71 82
68 72 27
68 73 81
68 74 97
68 75 59
68 76 76
68 77 100
68 78 57
68 79 56
68 80 51
68 81 89
68 82 91
68 83 87
68 84 34
68 85 59
68 86 44
68 87 33
68 88 53
68 89 64
68 90 59
68 91 10
68 92 23
68 93 43
68 94 75
68 95 90
68 96 94
68 97 97
68 98 47
68 99 51
69 1 32
69 2 89
69 3 11
69 4 43
69 5 23
69 6 11
69 7 47
69 8 77
69 9 21
69 10 13
69 11 78
69 12 9
69 13 76
69 14 65
69 15 88
69 16 74
69 17 27
69 18 41
69 19 57
69 20 35
69 21 81
69 22 34
69 23 22
69 24 36
69 25 57
69 26 37
69 27 57
69 28 57
69 29 56
69 30 45
69 31 89
69 32 61
69 33 25
69 34 41
69 35 91
69 36 28
69 37 13
69 38 21
69 39 71
69 40 73
69 41 55
69 42 86
69 43 59
69 44 59
69 45 44
69 46 42
69 47 49
69 48 66
69 49 91
69 50 49
69 51 30
69 52 43
69 53 50
69 54 42
69 55 42
69 56 47
69 57 38
69 58 82
69 59 97
69 60 24
69 61 21
69 62 12
69 63 55
69 64 18
69 65 45
69 66 48
69 67 46
69 68 78
69 70 81
69 71 5
69 72 85
69 73 95
69 74 10
69 75 50
69 76 57
69 77 88
69 78 22
69 79 21
69 80 58
69 81 19
69 82 56
69 83 5
69 84 41
69 85 74
69 86 14
69 87 32
69 88 61
69 89 68
69 90 44
69 91 99
69 92 100
69 93 67
69 94 5
69 95 5
69 96 52
69 97 41
69 98 8
69 99 16
70 1 54
70 2 44
70 3 16
70 4 54
70 5 52
70 6 95
70 7 57
70 8 51
70 9 38
70 10 5
70 11 75
70 12 95
70 13 25
70 14 64
70 15 86
70 16 7
70 17 49
70 18 11
70 19 53
70 20 17
70 21 53
70 22 70
70 23 9
70 24 95
70 25 45
70 26 80
70 27 19
70 28 61
70 29 16
70 30 76
70 31 96
70 32 14
70 33 95
70 34 34
70 35 51
70 36 20
70 37 53
70 38 24
70 39 67
70 40 25
70 41 67
70 42 36
70 43 50
70 44 99
70 45 58
70 46 19
70 47 93
70 48 49
70 49 45
70 50 12
70 51 34
70 52 51
70 53 61
70 54 7
70 55 94
70 56 13
70 57 50
70 58 96
70 59 8
70 60 68
70 61 14
70 62 92
70 63 93
70 64 40
70 65 70
70 66 15
70 67 8
70 68 99
70 69 81
70 71 64
70 72 8
70 73 38
70 74 94
70 75 70
70 76 37
70 77 81
70 78 12
70 79 36
70 80 8
70 81 96
70 82 61
70 83 75
70 84 67
70 85 80
70 86 46
70 87 12
70 88 92
70 89 69
70 90 49
70 91 79
70 92 89
70 93 46
70 94 8
70 95 67
70 96 71
70 97 70
70 98 96
70 99 48
71 1 49
71 2 42
71 3 59
71 4 57
71 5 38
71 6 26
71 7 73
71 8 12
71 9 26
71 10 51
71 11 93
71 12 19
71 13 21
71 14 62
71 15 16
71 16 96
71 17 36
71 18 13
71 19 85
71 20 81
71 21 75
71 22 21
71 23 35
71 24 94
71 25 51
71 26 88
71 27 32
71 28 80
71 29 88
71 30 18
71 31 98
71 32 12
71 33 90
71 34 84
71 35 11
71 36 12
71 37 8
71 38 32
71 39 80
71 40 39
71 41 48
71 42 83
71 43 14
71 44 45
71 45 80
71 46 50
71 47 95
71 48 13
71 49 97
71 50 98
71 51 59
71 52 80
71 53 8
71 54 75
71 55 37
71 56 70
71 57 5
71 58 23
71 59 21
71 60 24
71 61 62
71 62 12
71 63 54
71 64 54
71 65 82
71 66 57
71 67 98
71 68 82
71 69 5
71 70 64
71 72 39
71 73 86
71 74 72
71 75 39
71 76 54
71 77 55
71 78 76
71 79 27
71 80 55
71 81 22
71 82 82
71 83 73
71 84 31
71 85 49
71 86 16
71 87 50
71 88 60
71 89 61
71 90 8
71 91 73
71 92 35
71 93 74
71 94 98
71 95 8
71 96 21
71 97 94
71 98 68
71 99 29
72 1 10
72 2 59
72 3 89
72 4 42
72 5 71
72 6 93
72 7 38
72 8 84
72 9 80
72 10 44
72 11 6
72 12 64
72 13 37
72 14 86
72 15 74
72 16 68
72 17 78
72 18 46
72 19 66
72 20 57
72 21 95
72 22 90
72 23 28
72 24 15
72 25 39
72 26 5
72 27 38
72 28 69
72 29 86
72 30 28
72 31 60
72 32 60
72 33 41
72 34 17
72 35 24
72 36 78
72 37 83
72 38 70
72 39 83
72 40 5
72 41 10
72 42 67
72 43 38
72 44 79
72 45 78
72 46 19
72 47 25
72 48 23
72 49 51
72 50 65
72 51 50
72 52 22
72 53 46
72 54 13
72 55 89
72 56 45
72 57 62
72 58 90
72 59 50
72 60 58
72 61 51
72 62 11
72 63 20
72 64 12
72 65 62
72 66 71
72 67 84
72 68 27
72 69 85
72 70 8
72 71 39
72 73 13
72 74 94
72 75 16
72 76 66
72 77 40
72 78 76
72 79 90
72 80 74
72 81 82
72 82 9
72 83 5
72 84 55
72 85 41
72 86 59
72 87 25
72 88 9
72 89 16
72 90 42
72 91 34
72 92 81
72 93 50
72 94 5
72 95 40
72 96 67
72 97 49
72 98 66
72 99 71
73 1 9
73 2 63
73 3 8
73 4 30
73 5 100
73 6 32
73 7 62
73 8 17
73 9 19
73 10 30
73 11 18
73 12 59
73 13 45
73 14 21
73 15 65
73 16 85
73 17 57
73 18 41
73 19 20
73 20 22
73 21 10
73 22 68
73 23 83
73 24 81
73 25 95
73 26 30
73 27 44
73 28 56
73 29 5
73 30 40
73 31 88
73 32 27
73 33 19
73 34 5
73 35 49
73 36 41
73 37 78
73 38 41
73 39 7
73 40 45
73 41 69
73 42 27
73 43 8
73 44 23
73 45 49
73 46 43
73 47 32
73 48 81
73 49 88
73 50 31
73 51 87
73 52 40
73 53 72
73 54 27
73 55 93
73 56 72
73 57 27
73 58 62
73 59 91
73 60 96
73 61 49
73 62 25
73 63 42
73 64 61
73 65 23
73 66 63
73 67 26
73 68 81
73 69 95
73 70 38
73 71 86
73 72 13
73 74 10
73 75 10
73 76 34
73 77 43
73 78 53
73 79 7
73 80 18
73 81 41
73 82 79
73 83 33
73 84 78
73 85 60
73 86 13
73 87 79
73 88 64
73 89 91
73 90 32
73 91 47
73 92 6
73 93 84
73 94 42
73 95 48
73 96 50
73 97 39
73 98 13
73 99 90
74 1 92
74 2 79
74 3 99
74 4 100
74 5 66
74 6 22
74 7 63
74 8 70
74 9 12
74 10 76
74 11 88
74 12 34
74 13 46
74 14 57
74 15 44
74 16 100
74 17 34
74 18 73
74 19 32
74 20 60
74 21 74
74 22 83
74 23 9
74 24 11
74 25 95
74 26 28
74 27 94
74 28 70
74 29 16
74 30 37
74 31 79
74 32 10
74 33 18
74 34 68
74 35 42
74 36 86
74 37 29
74 38 34
74 39 32
74 40 97
74 41 92
74 42 98
74 43 24
74 44 24
74 45 79
74 46 49
74 47 42
74 48 51
74 49 84
74 50 56
74 51 91
74 52 16
74 53 45
74 54 98
74 55 45
74 56 9
74 57 74
74 58 94
74 59 8
74 60 18
74 61 11
74 62 49
74 63 61
74 64 43
74 65 76
74 66 8
74 67 28
74 68 97
74 69 10
74 70 94
74 71 72
74 72 94
74 73 10
74 75 10
74 76 33
74 77 63
74 78 58
74 79 16
74 80 84
74 81 90
74 82 14
74 83 28
74 84 15
74 85 79
74 86 74
74 87 6
74 88 31
74 89 27
74 90 100
74 91 64
74 92 98
74 93 18
74 94 34
74 95 31
74 96 67
74 97 56
74 98 62
74 99 58
75 1 83
75 2 74
75 3 56
75 4 10
75 5 71
75 6 75
75 7 8
75 8 89
75 9 92
75 10 16
75 11 86
75 12 11
75 13 33
75 14 90
75 15 18
75 16 68
75 17 31
75 18 40
75 19 10
75 20 58
75 21 11
75 22 81
75 23 28
75 24 26
75 25 37
75 26 33
75 27 81
75 28 20
75 29 73
75 30 28
75 31 31
75 32 95
75 33 80
75 34 76
75 35 22
75 36 98
75 37 35
75 38 26
75 39 48
75 40 90
75 41 85
75 42 70
75 43 43
75 44 99
75 45 90
75 46 79
75 47 16
75 48 61
75 49 6
75 50 34
75 51 23
75 52 88
75 53 93
75 54 11
75 55 97
75 56 20
75 57 49
75 58 24
75 59 13
75 60 49
75 61 89
75 62 88
75 63 93
75 64 47
75 65 43
75 66 47
75 67 65
75 68 59
75 69 50
75 70 70
75 71 39
75 72 16
75 73 10
75 74 10
75 76 87
75 77 79
75 78 50
75 79 42
75 80 19
75 81 42
75 82 38
75 83 50
75 84 72
75 85 63
75 86 84
75 87 89
75 88 60
75 89 91
75 90 84
75 91 50
75 92 70
75 93 16
75 94 9
75 95 61
75 96 38
75 97 74
75 98 7
75 99 6
76 1 25
76 2 90
76 3 17
76 4 48
76 5 30
76 6 76
76 7 55
76 8 24
76 9 43
76 10 64
76 11 71
76 12 8
76 13 55
76 14 49
76 15 82
76 16 10
76 17 7
76 18 47
76 19 29
76 20 9
76 21 21
76 22 76
76 23 42
76 24 69
76 25 65
76 26 74
76 27 84
76 28 40
76 29 27
76 30 90
76 31 36
76 32 56
76 33 48
76 34 23
76 35 68
76 36 47
76 37 84
76 38 24
76 39 29
76 40 7
76 41 51
76 42 60
76 43 94
76 44 23
76 45 22
76 46 37
76 47 11
76 48 64
76 49 21
76 50 60
76 51 80
76 52 5
76 53 65
76 54 57
76 55 99
76 56 93
76 57 48
76 58 84
76 59 70
76 60 71
76 61 73
76 62 67
76 63 28
76 64 94
76 65 50
76 66 54
76 67 85
76 68 76
76 69 57
76 70 37
76 71 54
76 72 66
76 73 34
76 74 33
76 75 87
76 77 31
76 78 31
76 79 31
76 80 10
76 81 17
76 82 68
76 83 72
76 84 58
76 85 55
76 86 92
76 87 76
76 88 89
76 89 26
76 90 43
76 91 76
76 92 64
76 93 16
76 94 9
76 95 81
76 96 96
76 97 53
76 98 83
76 99 16
77 1 66
77 2 93
77 3 23
77 4 34
77 5 34
77 6 15
77 7 9
77 8 100
77 9 85
77 10 82
77 11 98
77 12 7
77 13 61
77 14 29
77 15 95
77 16 79
77 17 84
77 18 16
77 19 54
77 20 69
77 21 11
77 22 59
77 23 31
77 24 26
77 25 31
77 26 39
77 27 22
77 28 12
77 29 19
77 30 75
77 31 24
77 32 80
77 33 45
77 34 75
77 35 55
77 36 53
77 37 13
77 38 88
77 39 6
77 40 11
77 41 71
77 42 33
77 43 90
77 44 44
77 45 59
77 46 5
77 47 9
77 48 95
77 49 82
77 50 15
77 51 29
77 52 96
77 53 21
77 54 58
77 55 27
77 56 71
77 57 9
77 58 32
77 59 14
77 60 12
77 61 69
77 62 45
77 63 94
77 64 80
77 65 17
77 66 25
77 67 69
77 68 100
77 69 88
77 70 81
77 71 55
77 72 40
77 73 43
77 74 63
77 75 79
77 76 31
77 78 39
77 79 36
77 80 27
77 81 89
77 82 27
77 83 18
77 84 63
77 85 61
77 86 68
77 87 7
77 88 55
77 89 25
77 90 7
77 91 26
77 92 40
77 93 99
77 94 76
77 95 71
77 96 86
77 97 15
77 98 97
77 99 48
78 1 42
78 2 68
78 3 65
78 4 68
78 5 62
78 6 48
78 7 55
78 8 93
78 9 95
78 10 53
78 11 68
78 12 90
78 13 84
78 14 6
78 15 14
78 16 14
78 17 61
78 18 59
78 19 42
78 20 79
78 21 94
78 22 98
78 23 53
78 24 60
78 25 39
78 26 15
78 27 88
78 28 10
78 29 63
78 30 34
78 31 21
78 32 34
78 33 41
78 34 31
78 35 86
78 36 79
78 37 85
78 38 7
78 39 13
78 40 97
78 41 30
78 42 37
78 43 50
78 44 22
78 45 95
78 46 14
78 47 83
78 48 63
78 49 81
78 50 6
78 51 36
78 52 40
78 53 63
78 54 77
78 55 60
78 56 64
78 57 68
78 58 48
78 59 21
78 60 30
78 61 96
78 62 78
78 63 28
78 64 71
78 65 19
78 66 18
78 67 63
78 68 57
78 69 22
78 70 12
78 71 76
78 72 76
78 73 53
78 74 58
78 75 50
78 76 31
78 77 39
78 79 54
78 80 95
78 81 87
78 82 46
78 83 33
78 84 5
78 85 42
78 86 50
78 87 36
78 88 86
78 89 95
78 90 28
78 91 20
78 92 78
78 93 37
78 94 54
78 95 63
78 96 89
78 97 94
78 98 79
78 99 30
79 1 53
79 2 66
79 3 98
79 4 9
79 5 9
79 6 98
79 7 12
79 8 9
79 9 71
79 10 17
79 11 31
79 12 55
79 13 18
79 14 78
79 15 10
79 16 99
79 17 30
79 18 81
79 19 89
79 20 38
79 21 49
79 22 54
79 23 86
79 24 88
79 25 10
79 26 82
79 27 69
79 28 18
79 29 96
79 30 42
79 31 56
79 32 72
79 33 37
79 34 30
79 35 62
79 36 73
79 37 41
79 38 76
79 39 72
79 40 61
79 41 31
79 42 73
79 43 35
79 44 63
79 45 28
79 46 26
79 47 77
79 48 29
79 49 27
79 50 25
79 51 5
79 52 85
79 53 65
79 54 30
79 55 41
79 56 17
79 57 93
79 58 53
79 59 27
79 60 39
79 61 13
79 62 87
79 63 15
79 64 51
79 65 63
79 66 78
79 67 60
79 68 56
79 69 21
79 70 36
79 71 27
79 72 90
79 73 7
79 74 16
79 75 42
79 76 31
79 77 36
79 78 54
79 80 5
79 81 55
79 82 16
79 83 7
79 84 98
79 85 83
79 86 92
79 87 31
79 88 82
79 89 6
79 90 8
79 91 45
79 92 83
79 93 29
79 94 52
79 95 73
79 96 6
79 97 59
79 98 70
79 99 19
80 1 21
80 2 6
80 3 36
80 4 97
80 5 80
80 6 6
80 7 77
80 8 16
80 9 66
80 10 89
80 11 51
80 12 65
80 13 88
80 14 45
80 15 99
80 16 30
80 17 86
80 18 62
80 19 70
80 20 49
80 21 55
80 22 39
80 23 69
80 24 82
80 25 71
80 26 44
80 27 77
80 28 25
80 29 74
80 30 54
80 31 98
80 32 51
80 33 45
80 34 78
80 35 86
80 36 15
80 37 18
80 38 11
80 39 11
80 40 21
80 41 97
80 42 91
80 43 56
80 44 20
80 45 84
80 46 33
80 47 90
80 48 55
80 49 38
80 50 81
80 51 15
80 52 19
80 53 64
80 54 26
80 55 50
80 56 29
80 57 9
80 58 85
80 59 69
80 60 25
80 61 18
80 62 59
80 63 36
80 64 77
80 65 39
80 66 10
80 67 55
80 68 51
80 69 58
80 70 8
80 71 55
80 72 74
80 73 18
80 74 84
80 75 19
80 76 10
80 77 27
80 78 95
80 79 5
80 81 91
80 82 61
80 83 66
80 84 64
80 85 59
80 86 31
80 87 72
80 88 78
80 89 82
80 90 88
80 91 42
80 92 57
80 93 55
80 94 32
80 95 39
80 96 71
80 97 25
80 98 83
80 99 9
81 1 32
81 2 97
81 3 8
81 4 55
81 5 23
81 6 46
81 7 30
81 8 96
81 9 100
81 10 35
81 11 82
81 12 28
81 13 91
81 14 74
81 15 97
81 16 53
81 17 68
81 18 52
81 19 8
81 20 78
81 21 14
81 22 37
81 23 63
81 24 100
81 25 98
81 26 98
81 27 35
81 28 98
81 29 54
81 30 50
81 31 98
81 32 7
81 33 100
81 34 25
81 35 78
81 36 59
81 37 90
81 38 10
81 39 64
81 40 51
81 41 77
81 42 83
81 43 23
81 44 99
81 45 80
81 46 92
81 47 46
81 48 37
81 49 7
81 50 5
81 51 72
81 52 12
81 53 56
81 54 86
81 55 22
81 56 42
81 57 66
81 58 42
81 59 55
81 60 99
81 61 44
81 62 50
81 63 42
81 64 17
81 65 63
81 66 46
81 67 61
81 68 89
81 69 19
81 70 96
81 71 22
81 72 82
81 73 41
81 74 90
81 75 42
81 76 17
81 77 89
81 78 87
81 79 55
81 80 91
81 82 62
81 83 71
81 84 13
81 85 56
81 86 85
81 87 92
81 88 84
81 89 89
81 90 71
81 91 6
81 92 22
81 93 70
81 94 68
81 95 49
81 96 71
81 97 11
81 98 97
81 99 53
82 1 10
82 2 82
82 3 57
82 4 75
82 5 41
82 6 34
82 7 52
82 8 91
82 9 35
82 10 78
82 11 33
82 12 62
82 13 48
82 14 86
82 15 51
82 16 100
82 17 100
82 18 10
82 19 27
82 20 37
82 21 27
82 22 9
82 23 58
82 24 80
82 25 100
82 26 30
82 27 81
82 28 7
82 29 9
82 30 52
82 31 5
82 32 45
82 33 64
82 34 96
82 35 61
82 36 65
82 37 48
82 38 33
82 39 21
82 40 77
82 41 96
82 42 64
82 43 12
82 44 98
82 45 33
82 46 64
82 47 11
82 48 99
82 49 57
82 50 39
82 51 32
82 52 70
82 53 14
82 54 5
82 55 52
82 56 30
82 57 50
82 58 78
82 59 56
82 60 85
82 61 76
82 62 73
82 63 40
82 64 98
82 65 71
82 66 95
82 67 15
82 68 91
82 69 56
82 70 61
82 71 82
82 72 9
82 73 79
82 74 14
82 75 38
82 76 68
82 77 27
82 78 46
82 79 16
82 80 61
82 81 62
82 83 76
82 84 90
82 85 48
82 86 25
82 87 22
82 88 76
82 89 75
82 90 34
82 91 38
82 92 53
82 93 74
82 94 92
82 95 47
82 96 99
82 97 20
82 98 99
82 99 58
83 1 24
83 2 75
83 3 77
83 4 41
83 5 27
83 6 7
83 7 30
83 8 6
83 9 79
83 10 6
83 11 96
83 12 52
83 13 85
83 14 75
83 15 21
83 16 9
83 17 72
83 18 99
83 19 52
83 20 64
83 21 71
83 22 46
83 23 87
83 24 40
83 25 33
83 26 61
83 27 68
83 28 94
83 29 100
83 30 80
83 31 71
83 32 88
83 33 73
83 34 37
83 35 17
83 36 66
83 37 30
83 38 32
83 39 28
83 40 71
83 41 87
83 42 17
83 43 27
83 44 46
83 45 86
83 46 38
83 47 18
83 48 38
83 49 93
83 50 6
83 51 17
83 52 96
83 53 52
83 54 16
83 55 62
83 56 58
83 57 59
83 58 38
83 59 35
83 60 59
83 61 52
83 62 29
83 63 68
83 64 97
83 65 19
83 66 89
83 67 92
83 68 87
83 69 5
83 70 75
83 71 73
83 72 5
83 73 33
83 74 28
83 75 50
83 76 72
83 77 18
83 78 33
83 79 7
83 80 66
83 81 71
83 82 76
83 84 18
83 85 82
83 86 78
83 87 98
83 88 14
83 89 94
83 90 25
83 91 31
83 92 7
83 93 26
83 94 78
83 95 96
83 96 74
83 97 30
83 98 48
83 99 81
84 1 89
84 2 71
84 3 27
84 4 73
84 5 85
84 6 72
84 7 17
84 8 24
84 9 52
84 10 21
84 11 47
84 12 84
84 13 73
84 14 40
84 15 38
84 16 81
84 17 93
84 18 87
84 19 50
84 20 26
84 21 18
84 22 60
84 23 99
84 24 29
84 25 65
84 26 28
84 27 66
84 28 94
84 29 28
84 30 70
84 31 70
84 32 37
84 33 43
84 34 11
84 35 44
84 36 48
84 37 16
84 38 70
84 39 60
84 40 61
84 41 99
84 42 40
84 43 13
84 44 69
84 45 57
84 46 49
84 47 34
84 48 63
84 49 56
84 50 73
84 51 56
84 52 57
84 53 71
84 54 13
84 55 79
84 56 100
84 57 93
84 58 22
84 59 85
84 60 6
84 61 20
84 62 51
84 63 84
84 64 38
84 65 20
84 66 100
84 67 77
84 68 34
84 69 41
84 70 67
84 71 31
84 72 55
84 73 78
84 74 15
84 75 72
84 76 58
84 77 63
84 78 5
84 79 98
84 80 64
84 81 13
84 82 90
84 83 18
84 85 34
84 86 9
84 87 35
84 88 93
84 89 74
84 90 56
84 91 91
84 92 76
84 93 45
84 94 53
84 95 63
84 96 13
84 97 60
84 98 7
84 99 89
85 1 78
85 2 94
85 3 34
85 4 38
85 5 94
85 6 8
85 7 11
85 8 100
85 9 26
85 10 81
85 11 73
85 12 81
85 13 58
85 14 39
85 15 27
85 16 49
85 17 83
85 18 53
85 19 66
85 20 26
85 21 60
85 22 58
85 23 24
85 24 65
85 25 35
85 26 92
85 27 15
85 28 80
85 29 17
85 30 48
85 31 92
85 32 25
85 33 34
85 34 26
85 35 66
85 36 100
85 37 12
85 38 97
85 39 12
85 40 71
85 41 48
85 42 9
85 43 77
85 44 19
85 45 99
85 46 48
85 47 39
85 48 75
85 49 67
85 50 90
85 51 25
85 52 82
85 53 93
85 54 63
85 55 27
85 56 34
85 57 96
85 58 66
85 59 24
85 60 92
85 61 7
85 62 22
85 63 59
85 64 55
85 65 10
85 66 32
85 67 25
85 68 59
85 69 74
85 70 80
85 71 49
85 72 41
85 73 60
85 74 79
85 75 63
85 76 55
85 77 61
85 78 42
85 79 83
85 80 59
85 81 56
85 82 48
85 83 82
85 84 34
85 86 16
85 87 12
85 88 7
85 89 94
85 90 42
85 91 9
85 92 18
85 93 85
85 94 27
85 95 27
85 96 90
85 97 37
85 98 76
85 99 52
86 1 59
86 2 44
86 3 21
86 4 17
86 5 76
86 6 11
86 7 41
86 8 25
86 9 29
86 10 15
86 11 9
86 12 69
86 13 52
86 14 93
86 15 92
86 16 85
86 17 29
86 18 66
86 19 73
86 20 19
86 21 62
86 22 63
86 23 21
86 24 73
86 25 30
86 26 87
86 27 10
86 28 14
86 29 55
86 30 39
86 31 73
86 32 99
86 33 65
86 34 73
86 35 29
86 36 90
86 37 32
86 38 63
86 39 93
86 40 19
86 41 15
86 42 60
86 43 48
86 44 40
86 45 82
86 46 39
86 47 98
86 48 5
86 49 27
86 50 84
86 51 84
86 52 52
86 53 97
86 54 82
86 55 97
86 56 58
86 57 36
86 58 54
86 59 66
86 60 31
86 61 34
86 62 92
86 63 92
86 64 74
86 65 61
86 66 97
86 67 92
86 68 44
86 69 14
86 70 46
86 71 16
86 72 59
86 73 13
86 74 74
86 75 84
86 76 92
86 77 68
86 78 50
86 79 92
86 80 31
86 81 85
86 82 25
86 83 78
86 84 9
86 85 16
86 87 56
86 88 31
86 89 17
86 90 50
86 91 28
86 92 69
86 93 47
86 94 87
86 95 5
86 96 53
86 97 23
86 98 35
86 99 12
87 1 87
87 2 86
87 3 20
87 4 45
87 5 37
87 6 83
87 7 85
87 8 48
87 9 20
87 10 77
87 11 61
87 12 67
87 13 92
87 14 68
87 15 20
87 16 76
87 17 34
87 18 55
87 19 49
87 20 35
87 21 9
87 22 55
87 23 50
87 24 20
87 25 14
87 26 7
87 27 41
87 28 49
87 29 29
87 30 39
87 31 39
87 32 81
87 33 70
87 34 32
87 35 95
87 36 33
87 37 21
87 38 29
87 39 57
87 40 12
87 41 72
87 42 40
87 43 41
87 44 34
87 45 7
87 46 53
87 47 80
87 48 34
87 49 89
87 50 78
87 51 5
87 52 72
87 53 92
87 54 46
87 55 39
87 56 45
87 57 59
87 58 91
87 59 83
87 60 90
87 61 66
87 62 52
87 63 70
87 64 13
87 65 92
87 66 26
87 67 6
87 68 33
87 69 32
87 70 12
87 71 50
87 72 25
87 73 79
87 74 6
87 75 89
87 76 76
87 77 7
87 78 36
87 79 31
87 80 72
87 81 92
87 82 22
87 83 98
87 84 35
87 85 12
87 86 56
87 88 23
87 89 48
87 90 43
87 91 58
87 92 63
87 93 83
87 94 24
87 95 25
87 96 94
87 97 80
87 98 30
87 99 40
88 1 12
88 2 7
88 3 14
88 4 16
88 5 25
88 6 20
88 7 87
88 8 91
88 9 66
88 10 88
88 11 7
88 12 80
88 13 87
88 14 50
88 15 64
88 16 44
88 17 22
88 18 15
88 19 46
88 20 23
88 21 22
88 22 86
88 23 77
88 24 77
88 25 33
88 26 73
88 27 86
88 28 81
88 29 34
88 30 34
88 31 15
88 32 55
88 33 53
88 34 41
88 35 44
88 36 50
88 37 96
88 38 94
88 39 16
88 40 38
88 41 31
88 42 27
88 43 89
88 44 18
88 45 54
88 46 53
88 47 24
88 48 28
88 49 73
88 50 73
88 51 7
88 52 7
88 53 73
88 54 80
88 55 84
88 56 54
88 57 70
88 58 59
88 59 37
88 60 36
88 61 36
88 62 20
88 63 22
88 64 43
88 65 44
88 66 17
88 67 11
88 68 53
88 69 61
88 70 92
88 71 60
88 72 9
88 73 64
88 74 31
88 75 60
88 76 89
88 77 55
88 78 86
88 79 82
88 80 78
88 81 84
88 82 76
88 83 14
88 84 93
88 85 7
88 86 31
88 87 23
88 89 76
88 90 46
88 91 23
88 92 73
88 93 42
88 94 15
88 95 60
88 96 52
88 97 55
88 98 81
88 99 95
89 1 38
89 2 30
89 3 16
89 4 86
89 5 48
89 6 97
89 7 9
89 8 96
89 9 94
89 10 88
89 11 85
89 12 33
89 13 41
89 14 88
89 15 99
89 16 28
89 17 23
89 18 43
89 19 65
89 20 51
89 21 28
89 22 45
89 23 79
89 24 83
89 25 6
89 26 64
89 27 86
89 28 86
89 29 94
89 30 60
89 31 45
89 32 84
89 33 56
89 34 88
89 35 64
89 36 96
89 37 22
89 38 99
89 39 66
89 40 95
89 41 48
89 42 29
89 43 73
89 44 63
89 45 59
89 46 7
89 47 75
89 48 83
89 49 51
89 50 72
89 51 12
89 52 72
89 53 95
89 54 10
89 55 79
89 56 60
89 57 94
89 58 50
89 59 76
89 60 93
89 61 72
89 62 77
89 63 55
89 64 90
89 65 29
89 66 27
89 67 36
89 68 64
89 69 68
89 70 69
89 71 61
89 72 16
89 73 91
89 74 27
89 75 91
89 76 26
89 77 25
89 78 95
89 79 6
89 80 82
89 81 89
89 82 75
89 83 94
89 84 74
89 85 94
89 86 17
89 87 48
89 88 76
89 90 78
89 91 17
89 92 49
89 93 72
89 94 53
89 95 38
89 96 11
89 97 74
89 98 18
89 99 54
90 1 36
90 2 32
90 3 8
90 4 70
90 5 88
90 6 18
90 7 36
90 8 99
90 9 25
90 10 34
90 11 63
90 12 20
90 13 69
90 14 12
90 15 9
90 16 92
90 17 63
90 18 90
90 19 59
90 20 87
90 21 92
90 22 87
90 23 9
90 24 81
90 25 19
90 26 15
90 27 93
90 28 54
90 29 77
90 30 56
90 31 55
90 32 31
90 33 18
90 34 30
90 35 82
90 36 72
90 37 25
90 38 28
90 39 61
90 40 61
90 41 26
90 42 56
90 43 45
90 44 14
90 45 21
90 46 15
90 47 67
90 48 28
90 49 45
90 50 28
90 51 50
90 52 15
90 53 45
90 54 57
90 55 50
90 56 95
90 57 91
90 58 84
90 59 88
90 60 81
90 61 71
90 62 29
90 63 23
90 64 26
90 65 61
90 66 16
90 67 75
90 68 59
90 69 44
90 70 49
90 71 8
90 72 42
90 73 32
90 74 100
90 75 84
90 76 43
90 77 7
90 78 28
90 79 8
90 80 88
90 81 71
90 82 34
90 83 25
90 84 56
90 85 42
90 86 50
90 87 43
90 88 46
90 89 78
90 91 92
90 92 97
90 93 49
90 94 6
90 95 40
90 96 75
90 97 12
90 98 36
90 99 87
91 1 25
91 2 18
91 3 33
91 4 78
91 5 60
91 6 100
91 7 16
91 8 90
91 9 76
91 10 79
91 11 17
91 12 77
91 13 22
91 14 6
91 15 84
91 16 69
91 17 18
91 18 36
91 19 79
91 20 40
91 21 95
91 22 90
91 23 88
91 24 30
91 25 11
91 26 100
91 27 5
91 28 20
91 29 76
91 30 70
91 31 28
91 32 89
91 33 37
91 34 82
91 35 29
91 36 32
91 37 38
91 38 54
91 39 7
91 40 92
91 41 75
91 42 78
91 43 51
91 44 34
91 45 31
91 46 39
91 47 97
91 48 72
91 49 59
91 50 30
91 51 76
91 52 99
91 53 70
91 54 52
91 55 34
91 56 8
91 57 26
91 58 94
91 59 72
91 60 43
91 61 59
91 62 100
91 63 71
91 64 27
91 65 38
91 66 7
91 67 25
91 68 10
91 69 99
91 70 79
91 71 73
91 72 34
91 73 47
91 74 64
91 75 50
91 76 76
91 77 26
91 78 20
91 79 45
91 80 42
91 81 6
91 82 38
91 83 31
91 84 91
91 85 9
91 86 28
91 87 58
91 88 23
91 89 17
91 90 92
91 92 64
91 93 99
91 94 18
91 95 91
91 96 47
91 97 72
91 98 81
91 99 45
92 1 98
92 2 8
92 3 62
92 4 92
92 5 13
92 6 27
92 7 7
92 8 39
92 9 46
92 10 13
92 11 6
92 12 11
92 13 77
92 14 16
92 15 36
92 16 38
92 17 83
92 18 69
92 19 95
92 20 79
92 21 67
92 22 34
92 23 48
92 24 97
92 25 42
92 26 89
92 27 54
92 28 73
92 29 50
92 30 44
92 31 18
92 32 45
92 33 93
92 34 38
92 35 93
92 36 30
92 37 50
92 38 60
92 39 86
92 40 30
92 41 19
92 42 89
92 43 43
92 44 81
92 45 83
92 46 46
92 47 19
92 48 70
92 49 41
92 50 76
92 51 40
92 52 35
92 53 37
92 54 42
92 55 16
92 56 82
92 57 65
92 58 5
92 59 74
92 60 76
92 61 88
92 62 29
92 63 37
92 64 36
92 65 92
92 66 73
92 67 93
92 68 23
92 69 100
92 70 89
92 71 35
92 72 81
92 73 6
92 74 98
92 75 70
92 76 64
92 77 40
92 78 78
92 79 83
92 80 57
92 81 22
92 82 53
92 83 7
92 84 76
92 85 18
92 86 69
92 87 63
92 88 73
92 89 49
92 90 97
92 91 64
92 93 86
92 94 87
92 95 44
92 96 21
92 97 93
92 98 35
92 99 61
93 1 75
93 2 82
93 3 88
93 4 40
93 5 15
93 6 24
93 7 54
93 8 64
93 9 32
93 10 27
93 11 25
93 12 63
93 13 29
93 14 59
93 15 21
93 16 13
93 17 76
93 18 30
93 19 23
93 20 34
93 21 55
93 22 48
93 23 47
93 24 31
93 25 50
93 26 5
93 27 70
93 28 80
93 29 90
93 30 41
93 31 92
93 32 7
93 33 26
93 34 16
93 35 100
93 36 95
93 37 9
93 38 21
93 39 23
93 40 54
93 41 45
93 42 30
93 43 68
93 44 77
93 45 28
93 46 9
93 47 14
93 48 38
93 49 33
93 50 63
93 51 43
93 52 6
93 53 56
93 54 17
93 55 85
93 56 43
93 57 52
93 58 60
93 59 27
93 60 52
93 61 61
93 62 86
93 63 94
93 64 89
93 65 57
93 66 66
93 67 49
93 68 43
93 69 67
93 70 46
93 71 74
93 72 50
93 73 84
93 74 18
93 75 16
93 76 16
93 77 99
93 78 37
93 79 29
93 80 55
93 81 70
93 82 74
93 83 26
93 84 45
93 85 85
93 86 47
93 87 83
93 88 42
93 89 72
93 90 49
93 91 99
93 92 86
93 94 71
93 95 16
93 96 44
93 97 96
93 98 42
93 99 56
94 1 69
94 2 28
94 3 57
94 4 34
94 5 46
94 6 60
94 7 43
94 8 89
94 9 72
94 10 78
94 11 100
94 12 88
94 13 87
94 14 19
94 15 88
94 16 34
94 17 38
94 18 65
94 19 88
94 20 13
94 21 94
94 22 19
94 23 29
94 24 29
94 25 80
94 26 13
94 27 10
94 28 12
94 29 44
94 30 52
94 31 11
94 32 31
94 33 78
94 34 77
94 35 36
94 36 44
94 37 21
94 38 93
94 39 91
94 40 52
94 41 9
94 42 59
94 43 99
94 44 70
94 45 27
94 46 98
94 47 13
94 48 60
94 49 8
94 50 44
94 51 67
94 52 25
94 53 87
94 54 63
94 55 77
94 56 40
94 57 91
94 58 77
94 59 27
94 60 94
94 61 22
94 62 21
94 63 88
94 64 85
94 65 58
94 66 90
94 67 7
94 68 75
94 69 5
94 70 8
94 71 98
94 72 5
94 73 42
94 74 34
94 75 9
94 76 9
94 77 76
94 78 54
94 79 52
94 80 32
94 81 68
94 82 92
94 83 78
94 84 53
94 85 27
94 86 87
94 87 24
94 88 15
94 89 53
94 90 6
94 91 18
94 92 87
94 93 71
94 95 44
94 96 50
94 97 21
94 98 52
94 99 48
95 1 87
95 2 9
95 3 75
95 4 43
95 5 97
95 6 81
95 7 64
95 8 98
95 9 80
95 10 73
95 11 83
95 12 81
95 13 74
95 14 38
95 15 41
95 16 12
95 17 46
95 18 37
95 19 23
95 20 48
95 21 88
95 22 92
95 23 78
95 24 53
95 25 76
95 26 30
95 27 100
95 28 7
95 29 37
95 30 48
95 31 9
95 32 90
95 33 26
95 34 35
95 35 5
95 36 95
95 37 45
95 38 60
95 39 59
95 40 88
95 41 20
95 42 90
95 43 53
95 44 50
95 45 66
95 46 13
95 47 60
95 48 18
95 49 84
95 50 13
95 51 81
95 52 22
95 53 27
95 54 68
95 55 53
95 56 64
95 57 7
95 58 20
95 59 81
95 60 48
95 61 15
95 62 45
95 63 15
95 64 90
95 65 97
95 66 6
95 67 52
95 68 90
95 69 5
95 70 67
95 71 8
95 72 40
95 73 48
95 74 31
95 75 61
95 76 81
95 77 71
95 78 63
95 79 73
95 80 39
95 81 49
95 82 47
95 83 96
95 84 63
95 85 27
95 86 5
95 87 25
95 88 60
95 89 38
95 90 40
95 91 91
95 92 44
95 93 16
95 94 44
95 96 69
95 97 19
95 98 25
95 99 36
96 1 60
96 2 98
96 3 49
96 4 13
96 5 94
96 6 69
96 7 73
96 8 89
96 9 64
96 10 27
96 11 48
96 12 64
96 13 66
96 14 45
96 15 88
96 16 78
96 17 33
96 18 97
96 19 26
96 20 88
96 21 32
96 22 91
96 23 97
96 24 93
96 25 43
96 26 70
96 27 87
96 28 55
96 29 98
96 30 97
96 31 35
96 32 64
96 33 26
96 34 57
96 35 65
96 36 63
96 37 6
96 38 44
96 39 82
96 40 46
96 41 28
96 42 42
96 43 69
96 44 43
96 45 63
96 46 9
96 47 87
96 48 25
96 49 58
96 50 60
96 51 10
96 52 17
96 53 55
96 54 87
96 55 23
96 56 8
96 57 53
96 58 13
96 59 51
96 60 90
96 61 26
96 62 43
96 63 52
96 64 84
96 65 16
96 66 39
96 67 100
96 68 94
96 69 52
96 70 71
96 71 21
96 72 67
96 73 50
96 74 67
96 75 38
96 76 96
96 77 86
96 78 89
96 79 6
96 80 71
96 81 71
96 82 99
96 83 74
96 84 13
96 85 90
96 86 53
96 87 94
96 88 52
96 89 11
96 90 75
96 91 47
96 92 21
96 93 44
96 94 50
96 95 69
96 97 99
96 98 5
96 99 35
97 1 38
97 2 10
97 3 75
97 4 15
97 5 78
97 6 69
97 7 58
97 8 19
97 9 82
97 10 61
97 11 66
97 12 88
97 13 94
97 14 81
97 15 55
97 16 35
97 17 45
97 18 85
97 19 60
97 20 9
97 21 36
97 22 55
97 23 40
97 24 48
97 25 44
97 26 8
97 27 54
97 28 85
97 29 80
97 30 14
97 31 87
97 32 45
97 33 55
97 34 94
97 35 16
97 36 47
97 37 32
97 38 98
97 39 36
97 40 52
97 41 31
97 42 61
97 43 93
97 44 95
97 45 85
97 46 37
97 47 36
97 48 58
97 49 49
97 50 21
97 51 60
97 52 6
97 53 38
97 54 87
97 55 13
97 56 20
97 57 13
97 58 10
97 59 9
97 60 17
97 61 24
97 62 22
97 63 13
97 64 71
97 65 54
97 66 100
97 67 18
97 68 97
97 69 41
97 70 70
97 71 94
97 72 49
97 73 39
97 74 56
97 75 74
97 76 53
97 77 15
97 78 94
97 79 59
97 80 25
97 81 11
97 82 20
97 83 30
97 84 60
97 85 37
97 86 23
97 87 80
97 88 55
97 89 74
97 90 12
97 91 72
97 92 93
97 93 96
97 94 21
97 95 19
97 96 99
97 98 39
97 99 28
98 1 74
98 2 93
98 3 12
98 4 26
98 5 59
98 6 7
98 7 18
98 8 85
98 9 7
98 10 98
98 11 25
98 12 15
98 13 52
98 14 48
98 15 27
98 16 71
98 17 70
98 18 39
98 19 17
98 20 33
98 21 44
98 22 71
98 23 48
98 24 48
98 25 59
98 26 82
98 27 96
98 28 40
98 29 56
98 30 15
98 31 38
98 32 72
98 33 49
98 34 87
98 35 16
98 36 71
98 37 17
98 38 39
98 39 6
98 40 30
98 41 45
98 42 24
98 43 46
98 44 93
98 45 94
98 46 39
98 47 44
98 48 15
98 49 80
98 50 90
98 51 15
98 52 45
98 53 54
98 54 91
98 55 12
98 56 5
98 57 31
98 58 72
98 59 82
98 60 46
98 61 99
98 62 96
98 63 57
98 64 78
98 65 98
98 66 40
98 67 69
98 68 47
98 69 8
98 70 96
98 71 68
98 72 66
98 73 13
98 74 62
98 75 7
98 76 83
98 77 97
98 78 79
98 79 70
98 80 83
98 81 97
98 82 99
98 83 48
98 84 7
98 85 76
98 86 35
98 87 30
98 88 81
98 89 18
98 90 36
98 91 81
98 92 35
98 93 42
98 94 52
98 95 25
98 96 5
98 97 39
98 99 6
1 t 100
2 t 10
3 t 90
4 t 46
5 t 24
6 t 55
7 t 93
8 t 11
9 t 64
10 t 73
11 t 91
12 t 76
13 t 80
14 t 18
15 t 58
16 t 47
17 t 38
18 t 24
19 t 93
20 t 42
21 t 31
22 t 78
23 t 25
24 t 18
25 t 45
26 t 53
27 t 39
28 t 15
29 t 74
30 t 70
31 t 5
32 t 90
33 t 46
34 t 36
35 t 90
36 t 86
37 t 98
38 t 52
39 t 40
40 t 18
41 t 24
42 t 31
43 t 97
44 t 26
45 t 91
46 t 27
47 t 68
48 t 28
49 t 71
50 t 93
51 t 39
52 t 61
53 t 27
54 t 19
55 t 67
56 t 26
57 t 19
58 t 67
59 t 43
60 t 60
61 t 84
62 t 87
63 t 77
64 t 59
65 t 8
66 t 77
67 t 84
68 t 51
69 t 16
70 t 48
71 t 29
72 t 71
73 t 90
74 t 58
75 t 6
76 t 16
77 t 48
78 t 30
79 t 19
80 t 9
81 t 53
82 t 58
83 t 81
84 t 89
85 t 52
86 t 12
87 t 40
88 t 95
89 t 54
90 t 87
91 t 45
92 t 61
93 t 56
94 t 48
95 t 36
96 t 35
97 t 28
98 t 6
