s 1 59
s 2 39
s 3 89
s 4 21
s 5 51
s 6 46
s 7 59
s 8 6
s 9 54
1 2 68
1 3 47
1 4 48
1 5 16
1 6 86
1 7 30
1 8 53
1 9 66
2 1 68
2 3 41
2 4 80
2 5 79
2 6 54
2 7 68
2 8 7
2 9 77
3 1 47
3 2 41
3 4 51
3 5 92
3 6 9
3 7 74
3 8 12
3 9 26
4 1 48
4 2 80
4 3 51
4 5 91
4 6 11
4 7 82
4 8 10
4 9 72
5 1 16
5 2 79
5 3 92
5 4 91
5 6 85
5 7 10
5 8 99
5 9 65
6 1 86
6 2 54
6 3 9
6 4 11
6 5 85
6 7 41
6 8 90
6 9 14
7 1 30
7 2 68
7 3 74
7 4 82
7 5 10
7 6 41
7 8 62
7 9 94
8 1 53
8 2 7
8 3 12
8 4 10
8 5 99
8 6 90
8 7 62
8 9 92
1 t 66
2 t 77
3 t 26
4 t 72
5 t 65
6 t 14
7 t 94
8 t 92
