s (1,1) 99
s (2,1) 145
s (3,1) 92
s (4,1) 79
s (5,1) 115
s (6,1) 71
s (7,1) 68
s (8,1) 114
s (9,1) 145
s (10,1) 129
s (11,1) 93
s (12,1) 65
s (13,1) 84
s (14,1) 86
s (15,1) 120
s (16,1) 81
s (17,1) 132
s (18,1) 97
s (19,1) 126
s (20,1) 90
s (21,1) 85
s (22,1) 128
s (23,1) 70
s (24,1) 157
s (25,1) 150
s (26,1) 148
s (27,1) 131
s (28,1) 129
s (29,1) 151
s (30,1) 83
s (31,1) 95
s (32,1) 66
s (33,1) 121
s (34,1) 110
s (35,1) 158
s (36,1) 128
s (37,1) 141
s (38,1) 107
s (39,1) 147
s (40,1) 146
s (41,1) 136
s (42,1) 96
s (43,1) 98
s (44,1) 78
s (45,1) 82
s (46,1) 67
s (47,1) 146
s (48,1) 138
s (49,1) 149
s (50,1) 69
s (51,1) 74
s (52,1) 146
s (53,1) 69
s (54,1) 102
s (55,1) 103
s (56,1) 101
s (57,1) 82
s (58,1) 66
s (59,1) 72
s (60,1) 79
s (61,1) 102
s (62,1) 134
s (63,1) 163
s (64,1) 112
s (65,1) 86
s (66,1) 151
s (67,1) 80
s (68,1) 141
s (69,1) 99
s (70,1) 132
s (71,1) 88
s (72,1) 80
s (73,1) 114
s (74,1) 127
s (75,1) 164
s (76,1) 118
s (77,1) 142
s (78,1) 105
s (79,1) 152
s (80,1) 122
s (81,1) 66
s (82,1) 147
s (83,1) 151
s (84,1) 138
s (85,1) 107
s (86,1) 146
s (87,1) 129
s (88,1) 162
s (89,1) 91
s (90,1) 95
s (91,1) 105
s (92,1) 97
s (93,1) 68
s (94,1) 92
s (95,1) 148
s (96,1) 106
s (97,1) 68
s (98,1) 67
s (99,1) 158
s (100,1) 68
(1,1) (1,2) 106
(2,1) (2,2) 152
(3,1) (3,2) 152
(4,1) (4,2) 115
(5,1) (5,2) 131
(6,1) (6,2) 67
(7,1) (7,2) 164
(8,1) (8,2) 127
(9,1) (9,2) 83
(10,1) (10,2) 92
(11,1) (11,2) 134
(12,1) (12,2) 101
(13,1) (13,2) 83
(14,1) (14,2) 71
(15,1) (15,2) 127
(16,1) (16,2) 92
(17,1) (17,2) 120
(18,1) (18,2) 120
(19,1) (19,2) 100
(20,1) (20,2) 149
(21,1) (21,2) 129
(22,1) (22,2) 107
(23,1) (23,2) 144
(24,1) (24,2) 127
(25,1) (25,2) 117
(26,1) (26,2) 162
(27,1) (27,2) 143
(28,1) (28,2) 113
(29,1) (29,2) 128
(30,1) (30,2) 115
(31,1) (31,2) 132
(32,1) (32,2) 68
(33,1) (33,2) 98
(34,1) (34,2) 113
(35,1) (35,2) 95
(36,1) (36,2) 84
(37,1) (37,2) 143
(38,1) (38,2) 112
(39,1) (39,2) 112
(40,1) (40,2) 75
(41,1) (41,2) 118
(42,1) (42,2) 161
(43,1) (43,2) 143
(44,1) (44,2) 81
(45,1) (45,2) 111
(46,1) (46,2) 85
(47,1) (47,2) 141
(48,1) (48,2) 118
(49,1) (49,2) 87
(50,1) (50,2) 89
(51,1) (51,2) 67
(52,1) (52,2) 120
(53,1) (53,2) 88
(54,1) (54,2) 86
(55,1) (55,2) 143
(56,1) (56,2) 89
(57,1) (57,2) 114
(58,1) (58,2) 135
(59,1) (59,2) 96
(60,1) (60,2) 149
(61,1) (61,2) 87
(62,1) (62,2) 147
(63,1) (63,2) 159
(64,1) (64,2) 140
(65,1) (65,2) 102
(66,1) (66,2) 135
(67,1) (67,2) 88
(68,1) (68,2) 82
(69,1) (69,2) 110
(70,1) (70,2) 110
(71,1) (71,2) 142
(72,1) (72,2) 157
(73,1) (73,2) 86
(74,1) (74,2) 119
(75,1) (75,2) 148
(76,1) (76,2) 73
(77,1) (77,2) 132
(78,1) (78,2) 96
(79,1) (79,2) 85
(80,1) (80,2) 79
(81,1) (81,2) 153
(82,1) (82,2) 120
(83,1) (83,2) 139
(84,1) (84,2) 99
(85,1) (85,2) 144
(86,1) (86,2) 111
(87,1) (87,2) 108
(88,1) (88,2) 147
(89,1) (89,2) 87
(90,1) (90,2) 107
(91,1) (91,2) 94
(92,1) (92,2) 133
(93,1) (93,2) 103
(94,1) (94,2) 103
(95,1) (95,2) 90
(96,1) (96,2) 78
(97,1) (97,2) 102
(98,1) (98,2) 96
(99,1) (99,2) 148
(100,1) (100,2) 114
(1,2) (1,3) 156
(2,2) (2,3) 156
(3,2) (3,3) 77
(4,2) (4,3) 144
(5,2) (5,3) 111
(6,2) (6,3) 110
(7,2) (7,3) 141
(8,2) (8,3) 151
(9,2) (9,3) 137
(10,2) (10,3) 145
(11,2) (11,3) 139
(12,2) (12,3) 163
(13,2) (13,3) 72
(14,2) (14,3) 89
(15,2) (15,3) 120
(16,2) (16,3) 81
(17,2) (17,3) 109
(18,2) (18,3) 80
(19,2) (19,3) 73
(20,2) (20,3) 85
(21,2) (21,3) 162
(22,2) (22,3) 66
(23,2) (23,3) 126
(24,2) (24,3) 122
(25,2) (25,3) 113
(26,2) (26,3) 111
(27,2) (27,3) 116
(28,2) (28,3) 93
(29,2) (29,3) 111
(30,2) (30,3) 122
(31,2) (31,3) 154
(32,2) (32,3) 148
(33,2) (33,3) 100
(34,2) (34,3) 111
(35,2) (35,3) 85
(36,2) (36,3) 126
(37,2) (37,3) 110
(38,2) (38,3) 95
(39,2) (39,3) 105
(40,2) (40,3) 111
(41,2) (41,3) 89
(42,2) (42,3) 164
(43,2) (43,3) 84
(44,2) (44,3) 161
(45,2) (45,3) 91
(46,2) (46,3) 160
(47,2) (47,3) 81
(48,2) (48,3) 159
(49,2) (49,3) 74
(50,2) (50,3) 143
(51,2) (51,3) 161
(52,2) (52,3) 75
(53,2) (53,3) 161
(54,2) (54,3) 137
(55,2) (55,3) 84
(56,2) (56,3) 131
(57,2) (57,3) 137
(58,2) (58,3) 110
(59,2) (59,3) 67
(60,2) (60,3) 145
(61,2) (61,3) 68
(62,2) (62,3) 148
(63,2) (63,3) 80
(64,2) (64,3) 123
(65,2) (65,3) 92
(66,2) (66,3) 151
(67,2) (67,3) 138
(68,2) (68,3) 133
(69,2) (69,3) 150
(70,2) (70,3) 153
(71,2) (71,3) 133
(72,2) (72,3) 106
(73,2) (73,3) 157
(74,2) (74,3) 101
(75,2) (75,3) 78
(76,2) (76,3) 119
(77,2) (77,3) 156
(78,2) (78,3) 114
(79,2) (79,3) 139
(80,2) (80,3) 120
(81,2) (81,3) 121
(82,2) (82,3) 93
(83,2) (83,3) 65
(84,2) (84,3) 153
(85,2) (85,3) 112
(86,2) (86,3) 91
(87,2) (87,3) 131
(88,2) (88,3) 65
(89,2) (89,3) 66
(90,2) (90,3) 77
(91,2) (91,3) 119
(92,2) (92,3) 85
(93,2) (93,3) 73
(94,2) (94,3) 71
(95,2) (95,3) 163
(96,2) (96,3) 143
(97,2) (97,3) 122
(98,2) (98,3) 116
(99,2) (99,3) 140
(100,2) (100,3) 107
(1,3) (1,4) 108
(2,3) (2,4) 116
(3,3) (3,4) 113
(4,3) (4,4) 92
(5,3) (5,4) 102
(6,3) (6,4) 71
(7,3) (7,4) 71
(8,3) (8,4) 96
(9,3) (9,4) 71
(10,3) (10,4) 86
(11,3) (11,4) 146
(12,3) (12,4) 125
(13,3) (13,4) 156
(14,3) (14,4) 117
(15,3) (15,4) 115
(16,3) (16,4) 144
(17,3) (17,4) 86
(18,3) (18,4) 156
(19,3) (19,4) 132
(20,3) (20,4) 107
(21,3) (21,4) 146
(22,3) (22,4) 124
(23,3) (23,4) 110
(24,3) (24,4) 91
(25,3) (25,4) 119
(26,3) (26,4) 109
(27,3) (27,4) 78
(28,3) (28,4) 101
(29,3) (29,4) 80
(30,3) (30,4) 149
(31,3) (31,4) 120
(32,3) (32,4) 151
(33,3) (33,4) 99
(34,3) (34,4) 160
(35,3) (35,4) 96
(36,3) (36,4) 148
(37,3) (37,4) 154
(38,3) (38,4) 136
(39,3) (39,4) 70
(40,3) (40,4) 72
(41,3) (41,4) 132
(42,3) (42,4) 89
(43,3) (43,4) 125
(44,3) (44,4) 149
(45,3) (45,4) 80
(46,3) (46,4) 141
(47,3) (47,4) 117
(48,3) (48,4) 146
(49,3) (49,4) 99
(50,3) (50,4) 101
(51,3) (51,4) 151
(52,3) (52,4) 106
(53,3) (53,4) 124
(54,3) (54,4) 95
(55,3) (55,4) 121
(56,3) (56,4) 138
(57,3) (57,4) 117
(58,3) (58,4) 140
(59,3) (59,4) 159
(60,3) (60,4) 133
(61,3) (61,4) 140
(62,3) (62,4) 88
(63,3) (63,4) 136
(64,3) (64,4) 125
(65,3) (65,4) 140
(66,3) (66,4) 126
(67,3) (67,4) 103
(68,3) (68,4) 154
(69,3) (69,4) 98
(70,3) (70,4) 162
(71,3) (71,4) 91
(72,3) (72,4) 99
(73,3) (73,4) 144
(74,3) (74,4) 121
(75,3) (75,4) 161
(76,3) (76,4) 105
(77,3) (77,4) 81
(78,3) (78,4) 99
(79,3) (79,4) 73
(80,3) (80,4) 152
(81,3) (81,4) 116
(82,3) (82,4) 156
(83,3) (83,4) 131
(84,3) (84,4) 125
(85,3) (85,4) 91
(86,3) (86,4) 149
(87,3) (87,4) 113
(88,3) (88,4) 142
(89,3) (89,4) 148
(90,3) (90,4) 76
(91,3) (91,4) 123
(92,3) (92,4) 78
(93,3) (93,4) 111
(94,3) (94,4) 75
(95,3) (95,4) 154
(96,3) (96,4) 84
(97,3) (97,4) 133
(98,3) (98,4) 161
(99,3) (99,4) 101
(100,3) (100,4) 107
(1,4) (1,5) 82
(2,4) (2,5) 134
(3,4) (3,5) 126
(4,4) (4,5) 133
(5,4) (5,5) 83
(6,4) (6,5) 136
(7,4) (7,5) 94
(8,4) (8,5) 140
(9,4) (9,5) 139
(10,4) (10,5) 92
(11,4) (11,5) 121
(12,4) (12,5) 138
(13,4) (13,5) 144
(14,4) (14,5) 67
(15,4) (15,5) 69
(16,4) (16,5) 93
(17,4) (17,5) 157
(18,4) (18,5) 80
(19,4) (19,5) 109
(20,4) (20,5) 99
(21,4) (21,5) 155
(22,4) (22,5) 95
(23,4) (23,5) 85
(24,4) (24,5) 104
(25,4) (25,5) 133
(26,4) (26,5) 106
(27,4) (27,5) 81
(28,4) (28,5) 102
(29,4) (29,5) 89
(30,4) (30,5) 141
(31,4) (31,5) 72
(32,4) (32,5) 119
(33,4) (33,5) 142
(34,4) (34,5) 123
(35,4) (35,5) 128
(36,4) (36,5) 142
(37,4) (37,5) 75
(38,4) (38,5) 113
(39,4) (39,5) 131
(40,4) (40,5) 147
(41,4) (41,5) 82
(42,4) (42,5) 119
(43,4) (43,5) 72
(44,4) (44,5) 145
(45,4) (45,5) 71
(46,4) (46,5) 98
(47,4) (47,5) 132
(48,4) (48,5) 157
(49,4) (49,5) 140
(50,4) (50,5) 162
(51,4) (51,5) 65
(52,4) (52,5) 145
(53,4) (53,5) 102
(54,4) (54,5) 95
(55,4) (55,5) 86
(56,4) (56,5) 80
(57,4) (57,5) 154
(58,4) (58,5) 127
(59,4) (59,5) 69
(60,4) (60,5) 74
(61,4) (61,5) 118
(62,4) (62,5) 146
(63,4) (63,5) 98
(64,4) (64,5) 125
(65,4) (65,5) 154
(66,4) (66,5) 159
(67,4) (67,5) 131
(68,4) (68,5) 126
(69,4) (69,5) 151
(70,4) (70,5) 77
(71,4) (71,5) 129
(72,4) (72,5) 161
(73,4) (73,5) 94
(74,4) (74,5) 98
(75,4) (75,5) 86
(76,4) (76,5) 155
(77,4) (77,5) 90
(78,4) (78,5) 139
(79,4) (79,5) 126
(80,4) (80,5) 98
(81,4) (81,5) 69
(82,4) (82,5) 159
(83,4) (83,5) 65
(84,4) (84,5) 160
(85,4) (85,5) 126
(86,4) (86,5) 107
(87,4) (87,5) 162
(88,4) (88,5) 86
(89,4) (89,5) 66
(90,4) (90,5) 156
(91,4) (91,5) 134
(92,4) (92,5) 132
(93,4) (93,5) 164
(94,4) (94,5) 125
(95,4) (95,5) 87
(96,4) (96,5) 114
(97,4) (97,5) 93
(98,4) (98,5) 80
(99,4) (99,5) 117
(100,4) (100,5) 161
(1,5) (1,6) 124
(2,5) (2,6) 134
(3,5) (3,6) 112
(4,5) (4,6) 75
(5,5) (5,6) 119
(6,5) (6,6) 159
(7,5) (7,6) 84
(8,5) (8,6) 150
(9,5) (9,6) 120
(10,5) (10,6) 84
(11,5) (11,6) 137
(12,5) (12,6) 88
(13,5) (13,6) 88
(14,5) (14,6) 97
(15,5) (15,6) 97
(16,5) (16,6) 100
(17,5) (17,6) 67
(18,5) (18,6) 131
(19,5) (19,6) 157
(20,5) (20,6) 149
(21,5) (21,6) 101
(22,5) (22,6) 79
(23,5) (23,6) 133
(24,5) (24,6) 72
(25,5) (25,6) 151
(26,5) (26,6) 73
(27,5) (27,6) 132
(28,5) (28,6) 77
(29,5) (29,6) 81
(30,5) (30,6) 123
(31,5) (31,6) 85
(32,5) (32,6) 163
(33,5) (33,6) 112
(34,5) (34,6) 94
(35,5) (35,6) 135
(36,5) (36,6) 125
(37,5) (37,6) 73
(38,5) (38,6) 75
(39,5) (39,6) 68
(40,5) (40,6) 124
(41,5) (41,6) 118
(42,5) (42,6) 161
(43,5) (43,6) 97
(44,5) (44,6) 74
(45,5) (45,6) 113
(46,5) (46,6) 138
(47,5) (47,6) 138
(48,5) (48,6) 105
(49,5) (49,6) 127
(50,5) (50,6) 76
(51,5) (51,6) 94
(52,5) (52,6) 126
(53,5) (53,6) 90
(54,5) (54,6) 158
(55,5) (55,6) 120
(56,5) (56,6) 98
(57,5) (57,6) 80
(58,5) (58,6) 143
(59,5) (59,6) 145
(60,5) (60,6) 67
(61,5) (61,6) 128
(62,5) (62,6) 116
(63,5) (63,6) 111
(64,5) (64,6) 68
(65,5) (65,6) 67
(66,5) (66,6) 161
(67,5) (67,6) 135
(68,5) (68,6) 154
(69,5) (69,6) 95
(70,5) (70,6) 78
(71,5) (71,6) 136
(72,5) (72,6) 94
(73,5) (73,6) 127
(74,5) (74,6) 72
(75,5) (75,6) 155
(76,5) (76,6) 136
(77,5) (77,6) 156
(78,5) (78,6) 132
(79,5) (79,6) 134
(80,5) (80,6) 155
(81,5) (81,6) 156
(82,5) (82,6) 85
(83,5) (83,6) 153
(84,5) (84,6) 120
(85,5) (85,6) 143
(86,5) (86,6) 161
(87,5) (87,6) 105
(88,5) (88,6) 130
(89,5) (89,6) 74
(90,5) (90,6) 105
(91,5) (91,6) 114
(92,5) (92,6) 79
(93,5) (93,6) 76
(94,5) (94,6) 158
(95,5) (95,6) 103
(96,5) (96,6) 100
(97,5) (97,6) 131
(98,5) (98,6) 65
(99,5) (99,6) 155
(100,5) (100,6) 146
(1,6) (1,7) 67
(2,6) (2,7) 96
(3,6) (3,7) 67
(4,6) (4,7) 81
(5,6) (5,7) 120
(6,6) (6,7) 151
(7,6) (7,7) 131
(8,6) (8,7) 83
(9,6) (9,7) 149
(10,6) (10,7) 69
(11,6) (11,7) 99
(12,6) (12,7) 150
(13,6) (13,7) 138
(14,6) (14,7) 154
(15,6) (15,7) 72
(16,6) (16,7) 76
(17,6) (17,7) 82
(18,6) (18,7) 66
(19,6) (19,7) 127
(20,6) (20,7) 68
(21,6) (21,7) 94
(22,6) (22,7) 105
(23,6) (23,7) 110
(24,6) (24,7) 154
(25,6) (25,7) 79
(26,6) (26,7) 87
(27,6) (27,7) 65
(28,6) (28,7) 79
(29,6) (29,7) 155
(30,6) (30,7) 104
(31,6) (31,7) 73
(32,6) (32,7) 142
(33,6) (33,7) 115
(34,6) (34,7) 128
(35,6) (35,7) 85
(36,6) (36,7) 159
(37,6) (37,7) 92
(38,6) (38,7) 65
(39,6) (39,7) 77
(40,6) (40,7) 79
(41,6) (41,7) 132
(42,6) (42,7) 153
(43,6) (43,7) 128
(44,6) (44,7) 115
(45,6) (45,7) 136
(46,6) (46,7) 136
(47,6) (47,7) 129
(48,6) (48,7) 73
(49,6) (49,7) 153
(50,6) (50,7) 71
(51,6) (51,7) 158
(52,6) (52,7) 140
(53,6) (53,7) 87
(54,6) (54,7) 82
(55,6) (55,7) 162
(56,6) (56,7) 87
(57,6) (57,7) 74
(58,6) (58,7) 141
(59,6) (59,7) 81
(60,6) (60,7) 81
(61,6) (61,7) 80
(62,6) (62,7) 141
(63,6) (63,7) 103
(64,6) (64,7) 66
(65,6) (65,7) 81
(66,6) (66,7) 103
(67,6) (67,7) 94
(68,6) (68,7) 98
(69,6) (69,7) 79
(70,6) (70,7) 94
(71,6) (71,7) 104
(72,6) (72,7) 135
(73,6) (73,7) 137
(74,6) (74,7) 86
(75,6) (75,7) 93
(76,6) (76,7) 112
(77,6) (77,7) 66
(78,6) (78,7) 93
(79,6) (79,7) 144
(80,6) (80,7) 92
(81,6) (81,7) 126
(82,6) (82,7) 85
(83,6) (83,7) 98
(84,6) (84,7) 142
(85,6) (85,7) 158
(86,6) (86,7) 153
(87,6) (87,7) 153
(88,6) (88,7) 67
(89,6) (89,7) 74
(90,6) (90,7) 77
(91,6) (91,7) 84
(92,6) (92,7) 103
(93,6) (93,7) 116
(94,6) (94,7) 149
(95,6) (95,7) 141
(96,6) (96,7) 85
(97,6) (97,7) 123
(98,6) (98,7) 161
(99,6) (99,7) 158
(100,6) (100,7) 117
(1,7) (1,8) 130
(2,7) (2,8) 155
(3,7) (3,8) 97
(4,7) (4,8) 152
(5,7) (5,8) 143
(6,7) (6,8) 154
(7,7) (7,8) 90
(8,7) (8,8) 154
(9,7) (9,8) 89
(10,7) (10,8) 83
(11,7) (11,8) 163
(12,7) (12,8) 81
(13,7) (13,8) 138
(14,7) (14,8) 136
(15,7) (15,8) 160
(16,7) (16,8) 102
(17,7) (17,8) 82
(18,7) (18,8) 85
(19,7) (19,8) 132
(20,7) (20,8) 121
(21,7) (21,8) 109
(22,7) (22,8) 90
(23,7) (23,8) 125
(24,7) (24,8) 87
(25,7) (25,8) 147
(26,7) (26,8) 162
(27,7) (27,8) 152
(28,7) (28,8) 88
(29,7) (29,8) 94
(30,7) (30,8) 130
(31,7) (31,8) 133
(32,7) (32,8) 123
(33,7) (33,8) 68
(34,7) (34,8) 95
(35,7) (35,8) 71
(36,7) (36,8) 129
(37,7) (37,8) 128
(38,7) (38,8) 154
(39,7) (39,8) 99
(40,7) (40,8) 133
(41,7) (41,8) 144
(42,7) (42,8) 146
(43,7) (43,8) 104
(44,7) (44,8) 99
(45,7) (45,8) 77
(46,7) (46,8) 92
(47,7) (47,8) 150
(48,7) (48,8) 116
(49,7) (49,8) 79
(50,7) (50,8) 70
(51,7) (51,8) 155
(52,7) (52,8) 90
(53,7) (53,8) 160
(54,7) (54,8) 134
(55,7) (55,8) 132
(56,7) (56,8) 146
(57,7) (57,8) 76
(58,7) (58,8) 126
(59,7) (59,8) 128
(60,7) (60,8) 142
(61,7) (61,8) 94
(62,7) (62,8) 114
(63,7) (63,8) 108
(64,7) (64,8) 122
(65,7) (65,8) 142
(66,7) (66,8) 86
(67,7) (67,8) 119
(68,7) (68,8) 102
(69,7) (69,8) 82
(70,7) (70,8) 142
(71,7) (71,8) 141
(72,7) (72,8) 102
(73,7) (73,8) 112
(74,7) (74,8) 116
(75,7) (75,8) 136
(76,7) (76,8) 142
(77,7) (77,8) 91
(78,7) (78,8) 152
(79,7) (79,8) 70
(80,7) (80,8) 85
(81,7) (81,8) 138
(82,7) (82,8) 140
(83,7) (83,8) 158
(84,7) (84,8) 154
(85,7) (85,8) 102
(86,7) (86,8) 79
(87,7) (87,8) 81
(88,7) (88,8) 132
(89,7) (89,8) 67
(90,7) (90,8) 161
(91,7) (91,8) 149
(92,7) (92,8) 72
(93,7) (93,8) 143
(94,7) (94,8) 84
(95,7) (95,8) 86
(96,7) (96,8) 69
(97,7) (97,8) 67
(98,7) (98,8) 92
(99,7) (99,8) 161
(100,7) (100,8) 73
(1,8) (1,9) 75
(2,8) (2,9) 134
(3,8) (3,9) 66
(4,8) (4,9) 115
(5,8) (5,9) 160
(6,8) (6,9) 91
(7,8) (7,9) 82
(8,8) (8,9) 67
(9,8) (9,9) 108
(10,8) (10,9) 69
(11,8) (11,9) 95
(12,8) (12,9) 67
(13,8) (13,9) 98
(14,8) (14,9) 96
(15,8) (15,9) 72
(16,8) (16,9) 92
(17,8) (17,9) 117
(18,8) (18,9) 94
(19,8) (19,9) 144
(20,8) (20,9) 134
(21,8) (21,9) 145
(22,8) (22,9) 117
(23,8) (23,9) 74
(24,8) (24,9) 105
(25,8) (25,9) 141
(26,8) (26,9) 89
(27,8) (27,9) 79
(28,8) (28,9) 115
(29,8) (29,9) 159
(30,8) (30,9) 126
(31,8) (31,9) 65
(32,8) (32,9) 103
(33,8) (33,9) 89
(34,8) (34,9) 145
(35,8) (35,9) 120
(36,8) (36,9) 85
(37,8) (37,9) 152
(38,8) (38,9) 130
(39,8) (39,9) 95
(40,8) (40,9) 146
(41,8) (41,9) 116
(42,8) (42,9) 71
(43,8) (43,9) 141
(44,8) (44,9) 159
(45,8) (45,9) 80
(46,8) (46,9) 152
(47,8) (47,9) 142
(48,8) (48,9) 100
(49,8) (49,9) 128
(50,8) (50,9) 151
(51,8) (51,9) 97
(52,8) (52,9) 150
(53,8) (53,9) 157
(54,8) (54,9) 144
(55,8) (55,9) 72
(56,8) (56,9) 150
(57,8) (57,9) 144
(58,8) (58,9) 93
(59,8) (59,9) 107
(60,8) (60,9) 126
(61,8) (61,9) 71
(62,8) (62,9) 91
(63,8) (63,9) 146
(64,8) (64,9) 155
(65,8) (65,9) 97
(66,8) (66,9) 148
(67,8) (67,9) 158
(68,8) (68,9) 125
(69,8) (69,9) 129
(70,8) (70,9) 154
(71,8) (71,9) 159
(72,8) (72,9) 102
(73,8) (73,9) 163
(74,8) (74,9) 66
(75,8) (75,9) 128
(76,8) (76,9) 125
(77,8) (77,9) 75
(78,8) (78,9) 67
(79,8) (79,9) 115
(80,8) (80,9) 75
(81,8) (81,9) 98
(82,8) (82,9) 102
(83,8) (83,9) 117
(84,8) (84,9) 77
(85,8) (85,9) 107
(86,8) (86,9) 101
(87,8) (87,9) 134
(88,8) (88,9) 150
(89,8) (89,9) 79
(90,8) (90,9) 116
(91,8) (91,9) 86
(92,8) (92,9) 137
(93,8) (93,9) 98
(94,8) (94,9) 151
(95,8) (95,9) 76
(96,8) (96,9) 90
(97,8) (97,9) 107
(98,8) (98,9) 151
(99,8) (99,9) 164
(100,8) (100,9) 85
(1,9) (1,10) 74
(2,9) (2,10) 118
(3,9) (3,10) 157
(4,9) (4,10) 135
(5,9) (5,10) 112
(6,9) (6,10) 162
(7,9) (7,10) 136
(8,9) (8,10) 150
(9,9) (9,10) 143
(10,9) (10,10) 134
(11,9) (11,10) 116
(12,9) (12,10) 125
(13,9) (13,10) 69
(14,9) (14,10) 98
(15,9) (15,10) 135
(16,9) (16,10) 72
(17,9) (17,10) 76
(18,9) (18,10) 84
(19,9) (19,10) 73
(20,9) (20,10) 146
(21,9) (21,10) 112
(22,9) (22,10) 69
(23,9) (23,10) 128
(24,9) (24,10) 100
(25,9) (25,10) 93
(26,9) (26,10) 147
(27,9) (27,10) 109
(28,9) (28,10) 75
(29,9) (29,10) 115
(30,9) (30,10) 74
(31,9) (31,10) 151
(32,9) (32,10) 103
(33,9) (33,10) 88
(34,9) (34,10) 154
(35,9) (35,10) 82
(36,9) (36,10) 138
(37,9) (37,10) 121
(38,9) (38,10) 150
(39,9) (39,10) 81
(40,9) (40,10) 96
(41,9) (41,10) 93
(42,9) (42,10) 155
(43,9) (43,10) 145
(44,9) (44,10) 141
(45,9) (45,10) 79
(46,9) (46,10) 152
(47,9) (47,10) 159
(48,9) (48,10) 125
(49,9) (49,10) 135
(50,9) (50,10) 142
(51,9) (51,10) 125
(52,9) (52,10) 129
(53,9) (53,10) 65
(54,9) (54,10) 113
(55,9) (55,10) 150
(56,9) (56,10) 115
(57,9) (57,10) 123
(58,9) (58,10) 138
(59,9) (59,10) 123
(60,9) (60,10) 148
(61,9) (61,10) 101
(62,9) (62,10) 97
(63,9) (63,10) 85
(64,9) (64,10) 153
(65,9) (65,10) 93
(66,9) (66,10) 66
(67,9) (67,10) 149
(68,9) (68,10) 147
(69,9) (69,10) 120
(70,9) (70,10) 71
(71,9) (71,10) 68
(72,9) (72,10) 140
(73,9) (73,10) 156
(74,9) (74,10) 65
(75,9) (75,10) 69
(76,9) (76,10) 76
(77,9) (77,10) 102
(78,9) (78,10) 116
(79,9) (79,10) 89
(80,9) (80,10) 74
(81,9) (81,10) 129
(82,9) (82,10) 114
(83,9) (83,10) 109
(84,9) (84,10) 160
(85,9) (85,10) 152
(86,9) (86,10) 68
(87,9) (87,10) 118
(88,9) (88,10) 125
(89,9) (89,10) 148
(90,9) (90,10) 76
(91,9) (91,10) 143
(92,9) (92,10) 109
(93,9) (93,10) 100
(94,9) (94,10) 131
(95,9) (95,10) 156
(96,9) (96,10) 133
(97,9) (97,10) 104
(98,9) (98,10) 159
(99,9) (99,10) 152
(100,9) (100,10) 65
(1,1) (2,1) 127
(2,1) (1,1) 85
(2,1) (3,1) 88
(3,1) (2,1) 159
(3,1) (4,1) 69
(4,1) (3,1) 68
(4,1) (5,1) 125
(5,1) (4,1) 117
(5,1) (6,1) 160
(6,1) (5,1) 90
(6,1) (7,1) 81
(7,1) (6,1) 109
(7,1) (8,1) 161
(8,1) (7,1) 148
(8,1) (9,1) 111
(9,1) (8,1) 155
(9,1) (10,1) 83
(10,1) (9,1) 118
(10,1) (11,1) 110
(11,1) (10,1) 148
(11,1) (12,1) 125
(12,1) (11,1) 129
(12,1) (13,1) 72
(13,1) (12,1) 119
(13,1) (14,1) 122
(14,1) (13,1) 73
(14,1) (15,1) 74
(15,1) (14,1) 153
(15,1) (16,1) 143
(16,1) (15,1) 119
(16,1) (17,1) 133
(17,1) (16,1) 145
(17,1) (18,1) 88
(18,1) (17,1) 164
(18,1) (19,1) 93
(19,1) (18,1) 91
(19,1) (20,1) 143
(20,1) (19,1) 97
(20,1) (21,1) 77
(21,1) (20,1) 101
(21,1) (22,1) 90
(22,1) (21,1) 153
(22,1) (23,1) 91
(23,1) (22,1) 136
(23,1) (24,1) 155
(24,1) (23,1) 149
(24,1) (25,1) 108
(25,1) (24,1) 65
(25,1) (26,1) 103
(26,1) (25,1) 91
(26,1) (27,1) 73
(27,1) (26,1) 131
(27,1) (28,1) 117
(28,1) (27,1) 70
(28,1) (29,1) 87
(29,1) (28,1) 102
(29,1) (30,1) 78
(30,1) (29,1) 155
(30,1) (31,1) 149
(31,1) (30,1) 95
(31,1) (32,1) 138
(32,1) (31,1) 109
(32,1) (33,1) 124
(33,1) (32,1) 138
(33,1) (34,1) 76
(34,1) (33,1) 67
(34,1) (35,1) 95
(35,1) (34,1) 150
(35,1) (36,1) 126
(36,1) (35,1) 134
(36,1) (37,1) 84
(37,1) (36,1) 103
(37,1) (38,1) 100
(38,1) (37,1) 123
(38,1) (39,1) 140
(39,1) (38,1) 66
(39,1) (40,1) 156
(40,1) (39,1) 148
(40,1) (41,1) 135
(41,1) (40,1) 106
(41,1) (42,1) 156
(42,1) (41,1) 74
(42,1) (43,1) 131
(43,1) (42,1) 122
(43,1) (44,1) 121
(44,1) (43,1) 162
(44,1) (45,1) 116
(45,1) (44,1) 129
(45,1) (46,1) 111
(46,1) (45,1) 85
(46,1) (47,1) 116
(47,1) (46,1) 85
(47,1) (48,1) 141
(48,1) (47,1) 98
(48,1) (49,1) 126
(49,1) (48,1) 93
(49,1) (50,1) 75
(50,1) (49,1) 160
(50,1) (51,1) 106
(51,1) (50,1) 122
(51,1) (52,1) 67
(52,1) (51,1) 82
(52,1) (53,1) 107
(53,1) (52,1) 104
(53,1) (54,1) 82
(54,1) (53,1) 134
(54,1) (55,1) 98
(55,1) (54,1) 114
(55,1) (56,1) 108
(56,1) (55,1) 161
(56,1) (57,1) 130
(57,1) (56,1) 123
(57,1) (58,1) 115
(58,1) (57,1) 160
(58,1) (59,1) 109
(59,1) (58,1) 145
(59,1) (60,1) 72
(60,1) (59,1) 73
(60,1) (61,1) 162
(61,1) (60,1) 152
(61,1) (62,1) 147
(62,1) (61,1) 110
(62,1) (63,1) 116
(63,1) (62,1) 101
(63,1) (64,1) 126
(64,1) (63,1) 80
(64,1) (65,1) 155
(65,1) (64,1) 129
(65,1) (66,1) 125
(66,1) (65,1) 77
(66,1) (67,1) 66
(67,1) (66,1) 101
(67,1) (68,1) 89
(68,1) (67,1) 70
(68,1) (69,1) 150
(69,1) (68,1) 163
(69,1) (70,1) 100
(70,1) (69,1) 151
(70,1) (71,1) 147
(71,1) (70,1) 102
(71,1) (72,1) 77
(72,1) (71,1) 68
(72,1) (73,1) 69
(73,1) (72,1) 140
(73,1) (74,1) 157
(74,1) (73,1) 81
(74,1) (75,1) 89
(75,1) (74,1) 164
(75,1) (76,1) 146
(76,1) (75,1) 136
(76,1) (77,1) 126
(77,1) (76,1) 148
(77,1) (78,1) 88
(78,1) (77,1) 139
(78,1) (79,1) 103
(79,1) (78,1) 114
(79,1) (80,1) 142
(80,1) (79,1) 142
(80,1) (81,1) 151
(81,1) (80,1) 155
(81,1) (82,1) 106
(82,1) (81,1) 138
(82,1) (83,1) 120
(83,1) (82,1) 113
(83,1) (84,1) 113
(84,1) (83,1) 116
(84,1) (85,1) 72
(85,1) (84,1) 105
(85,1) (86,1) 137
(86,1) (85,1) 93
(86,1) (87,1) 110
(87,1) (86,1) 77
(87,1) (88,1) 114
(88,1) (87,1) 118
(88,1) (89,1) 150
(89,1) (88,1) 104
(89,1) (90,1) 97
(90,1) (89,1) 149
(90,1) (91,1) 81
(91,1) (90,1) 67
(91,1) (92,1) 156
(92,1) (91,1) 122
(92,1) (93,1) 68
(93,1) (92,1) 101
(93,1) (94,1) 67
(94,1) (93,1) 128
(94,1) (95,1) 142
(95,1) (94,1) 115
(95,1) (96,1) 123
(96,1) (95,1) 148
(96,1) (97,1) 137
(97,1) (96,1) 118
(97,1) (98,1) 102
(98,1) (97,1) 141
(98,1) (99,1) 123
(99,1) (98,1) 140
(99,1) (100,1) 134
(100,1) (99,1) 131
(1,2) (2,2) 138
(2,2) (1,2) 145
(2,2) (3,2) 91
(3,2) (2,2) 102
(3,2) (4,2) 139
(4,2) (3,2) 106
(4,2) (5,2) 80
(5,2) (4,2) 78
(5,2) (6,2) 131
(6,2) (5,2) 131
(6,2) (7,2) 154
(7,2) (6,2) 67
(7,2) (8,2) 104
(8,2) (7,2) 131
(8,2) (9,2) 129
(9,2) (8,2) 75
(9,2) (10,2) 103
(10,2) (9,2) 106
(10,2) (11,2) 68
(11,2) (10,2) 133
(11,2) (12,2) 130
(12,2) (11,2) 70
(12,2) (13,2) 68
(13,2) (12,2) 155
(13,2) (14,2) 74
(14,2) (13,2) 95
(14,2) (15,2) 156
(15,2) (14,2) 164
(15,2) (16,2) 146
(16,2) (15,2) 108
(16,2) (17,2) 108
(17,2) (16,2) 127
(17,2) (18,2) 104
(18,2) (17,2) 156
(18,2) (19,2) 97
(19,2) (18,2) 164
(19,2) (20,2) 154
(20,2) (19,2) 151
(20,2) (21,2) 133
(21,2) (20,2) 136
(21,2) (22,2) 153
(22,2) (21,2) 115
(22,2) (23,2) 140
(23,2) (22,2) 137
(23,2) (24,2) 146
(24,2) (23,2) 158
(24,2) (25,2) 86
(25,2) (24,2) 103
(25,2) (26,2) 156
(26,2) (25,2) 124
(26,2) (27,2) 147
(27,2) (26,2) 114
(27,2) (28,2) 154
(28,2) (27,2) 122
(28,2) (29,2) 158
(29,2) (28,2) 77
(29,2) (30,2) 69
(30,2) (29,2) 114
(30,2) (31,2) 130
(31,2) (30,2) 156
(31,2) (32,2) 115
(32,2) (31,2) 103
(32,2) (33,2) 92
(33,2) (32,2) 164
(33,2) (34,2) 161
(34,2) (33,2) 117
(34,2) (35,2) 162
(35,2) (34,2) 132
(35,2) (36,2) 68
(36,2) (35,2) 87
(36,2) (37,2) 132
(37,2) (36,2) 156
(37,2) (38,2) 99
(38,2) (37,2) 105
(38,2) (39,2) 134
(39,2) (38,2) 117
(39,2) (40,2) 151
(40,2) (39,2) 97
(40,2) (41,2) 162
(41,2) (40,2) 131
(41,2) (42,2) 99
(42,2) (41,2) 134
(42,2) (43,2) 100
(43,2) (42,2) 162
(43,2) (44,2) 90
(44,2) (43,2) 95
(44,2) (45,2) 84
(45,2) (44,2) 121
(45,2) (46,2) 132
(46,2) (45,2) 158
(46,2) (47,2) 67
(47,2) (46,2) 65
(47,2) (48,2) 138
(48,2) (47,2) 84
(48,2) (49,2) 126
(49,2) (48,2) 151
(49,2) (50,2) 94
(50,2) (49,2) 125
(50,2) (51,2) 135
(51,2) (50,2) 145
(51,2) (52,2) 163
(52,2) (51,2) 78
(52,2) (53,2) 94
(53,2) (52,2) 91
(53,2) (54,2) 138
(54,2) (53,2) 111
(54,2) (55,2) 126
(55,2) (54,2) 103
(55,2) (56,2) 99
(56,2) (55,2) 132
(56,2) (57,2) 110
(57,2) (56,2) 66
(57,2) (58,2) 91
(58,2) (57,2) 149
(58,2) (59,2) 159
(59,2) (58,2) 90
(59,2) (60,2) 130
(60,2) (59,2) 120
(60,2) (61,2) 102
(61,2) (60,2) 144
(61,2) (62,2) 120
(62,2) (61,2) 123
(62,2) (63,2) 82
(63,2) (62,2) 75
(63,2) (64,2) 133
(64,2) (63,2) 118
(64,2) (65,2) 136
(65,2) (64,2) 83
(65,2) (66,2) 87
(66,2) (65,2) 88
(66,2) (67,2) 73
(67,2) (66,2) 97
(67,2) (68,2) 121
(68,2) (67,2) 87
(68,2) (69,2) 106
(69,2) (68,2) 100
(69,2) (70,2) 110
(70,2) (69,2) 141
(70,2) (71,2) 130
(71,2) (70,2) 153
(71,2) (72,2) 74
(72,2) (71,2) 111
(72,2) (73,2) 152
(73,2) (72,2) 108
(73,2) (74,2) 145
(74,2) (73,2) 84
(74,2) (75,2) 83
(75,2) (74,2) 78
(75,2) (76,2) 138
(76,2) (75,2) 119
(76,2) (77,2) 109
(77,2) (76,2) 68
(77,2) (78,2) 104
(78,2) (77,2) 142
(78,2) (79,2) 160
(79,2) (78,2) 70
(79,2) (80,2) 89
(80,2) (79,2) 135
(80,2) (81,2) 84
(81,2) (80,2) 149
(81,2) (82,2) 135
(82,2) (81,2) 149
(82,2) (83,2) 102
(83,2) (82,2) 162
(83,2) (84,2) 85
(84,2) (83,2) 88
(84,2) (85,2) 117
(85,2) (84,2) 155
(85,2) (86,2) 86
(86,2) (85,2) 142
(86,2) (87,2) 83
(87,2) (86,2) 121
(87,2) (88,2) 121
(88,2) (87,2) 78
(88,2) (89,2) 79
(89,2) (88,2) 150
(89,2) (90,2) 157
(90,2) (89,2) 76
(90,2) (91,2) 106
(91,2) (90,2) 86
(91,2) (92,2) 151
(92,2) (91,2) 75
(92,2) (93,2) 148
(93,2) (92,2) 68
(93,2) (94,2) 66
(94,2) (93,2) 151
(94,2) (95,2) 70
(95,2) (94,2) 157
(95,2) (96,2) 111
(96,2) (95,2) 86
(96,2) (97,2) 66
(97,2) (96,2) 99
(97,2) (98,2) 75
(98,2) (97,2) 76
(98,2) (99,2) 135
(99,2) (98,2) 117
(99,2) (100,2) 123
(100,2) (99,2) 72
(1,3) (2,3) 66
(2,3) (1,3) 69
(2,3) (3,3) 95
(3,3) (2,3) 143
(3,3) (4,3) 73
(4,3) (3,3) 149
(4,3) (5,3) 163
(5,3) (4,3) 66
(5,3) (6,3) 120
(6,3) (5,3) 146
(6,3) (7,3) 110
(7,3) (6,3) 116
(7,3) (8,3) 143
(8,3) (7,3) 77
(8,3) (9,3) 156
(9,3) (8,3) 136
(9,3) (10,3) 124
(10,3) (9,3) 164
(10,3) (11,3) 155
(11,3) (10,3) 97
(11,3) (12,3) 82
(12,3) (11,3) 73
(12,3) (13,3) 118
(13,3) (12,3) 75
(13,3) (14,3) 73
(14,3) (13,3) 151
(14,3) (15,3) 139
(15,3) (14,3) 130
(15,3) (16,3) 152
(16,3) (15,3) 158
(16,3) (17,3) 143
(17,3) (16,3) 91
(17,3) (18,3) 89
(18,3) (17,3) 121
(18,3) (19,3) 93
(19,3) (18,3) 140
(19,3) (20,3) 125
(20,3) (19,3) 163
(20,3) (21,3) 95
(21,3) (20,3) 73
(21,3) (22,3) 134
(22,3) (21,3) 130
(22,3) (23,3) 141
(23,3) (22,3) 69
(23,3) (24,3) 105
(24,3) (23,3) 113
(24,3) (25,3) 152
(25,3) (24,3) 70
(25,3) (26,3) 156
(26,3) (25,3) 152
(26,3) (27,3) 134
(27,3) (26,3) 80
(27,3) (28,3) 65
(28,3) (27,3) 82
(28,3) (29,3) 118
(29,3) (28,3) 89
(29,3) (30,3) 153
(30,3) (29,3) 156
(30,3) (31,3) 114
(31,3) (30,3) 71
(31,3) (32,3) 73
(32,3) (31,3) 125
(32,3) (33,3) 105
(33,3) (32,3) 113
(33,3) (34,3) 131
(34,3) (33,3) 75
(34,3) (35,3) 111
(35,3) (34,3) 72
(35,3) (36,3) 133
(36,3) (35,3) 83
(36,3) (37,3) 139
(37,3) (36,3) 120
(37,3) (38,3) 162
(38,3) (37,3) 66
(38,3) (39,3) 133
(39,3) (38,3) 130
(39,3) (40,3) 125
(40,3) (39,3) 88
(40,3) (41,3) 149
(41,3) (40,3) 161
(41,3) (42,3) 93
(42,3) (41,3) 117
(42,3) (43,3) 136
(43,3) (42,3) 130
(43,3) (44,3) 87
(44,3) (43,3) 91
(44,3) (45,3) 135
(45,3) (44,3) 78
(45,3) (46,3) 127
(46,3) (45,3) 147
(46,3) (47,3) 101
(47,3) (46,3) 122
(47,3) (48,3) 70
(48,3) (47,3) 125
(48,3) (49,3) 66
(49,3) (48,3) 110
(49,3) (50,3) 107
(50,3) (49,3) 67
(50,3) (51,3) 158
(51,3) (50,3) 83
(51,3) (52,3) 157
(52,3) (51,3) 127
(52,3) (53,3) 119
(53,3) (52,3) 124
(53,3) (54,3) 150
(54,3) (53,3) 120
(54,3) (55,3) 112
(55,3) (54,3) 148
(55,3) (56,3) 80
(56,3) (55,3) 115
(56,3) (57,3) 146
(57,3) (56,3) 141
(57,3) (58,3) 101
(58,3) (57,3) 142
(58,3) (59,3) 65
(59,3) (58,3) 108
(59,3) (60,3) 127
(60,3) (59,3) 74
(60,3) (61,3) 117
(61,3) (60,3) 149
(61,3) (62,3) 110
(62,3) (61,3) 99
(62,3) (63,3) 80
(63,3) (62,3) 156
(63,3) (64,3) 126
(64,3) (63,3) 160
(64,3) (65,3) 137
(65,3) (64,3) 94
(65,3) (66,3) 146
(66,3) (65,3) 90
(66,3) (67,3) 93
(67,3) (66,3) 126
(67,3) (68,3) 155
(68,3) (67,3) 129
(68,3) (69,3) 73
(69,3) (68,3) 151
(69,3) (70,3) 137
(70,3) (69,3) 86
(70,3) (71,3) 75
(71,3) (70,3) 86
(71,3) (72,3) 84
(72,3) (71,3) 77
(72,3) (73,3) 92
(73,3) (72,3) 110
(73,3) (74,3) 147
(74,3) (73,3) 124
(74,3) (75,3) 97
(75,3) (74,3) 76
(75,3) (76,3) 159
(76,3) (75,3) 65
(76,3) (77,3) 93
(77,3) (76,3) 70
(77,3) (78,3) 82
(78,3) (77,3) 164
(78,3) (79,3) 90
(79,3) (78,3) 96
(79,3) (80,3) 103
(80,3) (79,3) 84
(80,3) (81,3) 126
(81,3) (80,3) 153
(81,3) (82,3) 71
(82,3) (81,3) 71
(82,3) (83,3) 146
(83,3) (82,3) 116
(83,3) (84,3) 122
(84,3) (83,3) 118
(84,3) (85,3) 142
(85,3) (84,3) 111
(85,3) (86,3) 152
(86,3) (85,3) 84
(86,3) (87,3) 133
(87,3) (86,3) 109
(87,3) (88,3) 122
(88,3) (87,3) 84
(88,3) (89,3) 93
(89,3) (88,3) 164
(89,3) (90,3) 104
(90,3) (89,3) 89
(90,3) (91,3) 127
(91,3) (90,3) 158
(91,3) (92,3) 146
(92,3) (91,3) 85
(92,3) (93,3) 101
(93,3) (92,3) 157
(93,3) (94,3) 68
(94,3) (93,3) 134
(94,3) (95,3) 148
(95,3) (94,3) 147
(95,3) (96,3) 75
(96,3) (95,3) 137
(96,3) (97,3) 80
(97,3) (96,3) 75
(97,3) (98,3) 114
(98,3) (97,3) 70
(98,3) (99,3) 110
(99,3) (98,3) 102
(99,3) (100,3) 126
(100,3) (99,3) 90
(1,4) (2,4) 83
(2,4) (1,4) 102
(2,4) (3,4) 150
(3,4) (2,4) 140
(3,4) (4,4) 120
(4,4) (3,4) 109
(4,4) (5,4) 114
(5,4) (4,4) 114
(5,4) (6,4) 135
(6,4) (5,4) 99
(6,4) (7,4) 143
(7,4) (6,4) 155
(7,4) (8,4) 71
(8,4) (7,4) 133
(8,4) (9,4) 131
(9,4) (8,4) 74
(9,4) (10,4) 143
(10,4) (9,4) 94
(10,4) (11,4) 72
(11,4) (10,4) 74
(11,4) (12,4) 145
(12,4) (11,4) 108
(12,4) (13,4) 136
(13,4) (12,4) 77
(13,4) (14,4) 86
(14,4) (13,4) 76
(14,4) (15,4) 160
(15,4) (14,4) 76
(15,4) (16,4) 100
(16,4) (15,4) 100
(16,4) (17,4) 162
(17,4) (16,4) 149
(17,4) (18,4) 67
(18,4) (17,4) 106
(18,4) (19,4) 132
(19,4) (18,4) 116
(19,4) (20,4) 65
(20,4) (19,4) 93
(20,4) (21,4) 108
(21,4) (20,4) 128
(21,4) (22,4) 152
(22,4) (21,4) 99
(22,4) (23,4) 145
(23,4) (22,4) 81
(23,4) (24,4) 115
(24,4) (23,4) 122
(24,4) (25,4) 136
(25,4) (24,4) 99
(25,4) (26,4) 78
(26,4) (25,4) 161
(26,4) (27,4) 108
(27,4) (26,4) 119
(27,4) (28,4) 74
(28,4) (27,4) 104
(28,4) (29,4) 128
(29,4) (28,4) 126
(29,4) (30,4) 133
(30,4) (29,4) 121
(30,4) (31,4) 92
(31,4) (30,4) 88
(31,4) (32,4) 154
(32,4) (31,4) 65
(32,4) (33,4) 132
(33,4) (32,4) 98
(33,4) (34,4) 82
(34,4) (33,4) 149
(34,4) (35,4) 65
(35,4) (34,4) 159
(35,4) (36,4) 148
(36,4) (35,4) 74
(36,4) (37,4) 159
(37,4) (36,4) 149
(37,4) (38,4) 130
(38,4) (37,4) 153
(38,4) (39,4) 120
(39,4) (38,4) 96
(39,4) (40,4) 161
(40,4) (39,4) 101
(40,4) (41,4) 163
(41,4) (40,4) 70
(41,4) (42,4) 106
(42,4) (41,4) 118
(42,4) (43,4) 99
(43,4) (42,4) 101
(43,4) (44,4) 139
(44,4) (43,4) 86
(44,4) (45,4) 136
(45,4) (44,4) 73
(45,4) (46,4) 70
(46,4) (45,4) 76
(46,4) (47,4) 151
(47,4) (46,4) 138
(47,4) (48,4) 125
(48,4) (47,4) 130
(48,4) (49,4) 142
(49,4) (48,4) 90
(49,4) (50,4) 152
(50,4) (49,4) 89
(50,4) (51,4) 137
(51,4) (50,4) 137
(51,4) (52,4) 152
(52,4) (51,4) 71
(52,4) (53,4) 137
(53,4) (52,4) 155
(53,4) (54,4) 84
(54,4) (53,4) 107
(54,4) (55,4) 123
(55,4) (54,4) 139
(55,4) (56,4) 126
(56,4) (55,4) 108
(56,4) (57,4) 118
(57,4) (56,4) 93
(57,4) (58,4) 111
(58,4) (57,4) 69
(58,4) (59,4) 114
(59,4) (58,4) 100
(59,4) (60,4) 88
(60,4) (59,4) 87
(60,4) (61,4) 112
(61,4) (60,4) 126
(61,4) (62,4) 118
(62,4) (61,4) 90
(62,4) (63,4) 100
(63,4) (62,4) 126
(63,4) (64,4) 153
(64,4) (63,4) 118
(64,4) (65,4) 145
(65,4) (64,4) 133
(65,4) (66,4) 97
(66,4) (65,4) 136
(66,4) (67,4) 113
(67,4) (66,4) 123
(67,4) (68,4) 110
(68,4) (67,4) 152
(68,4) (69,4) 69
(69,4) (68,4) 68
(69,4) (70,4) 74
(70,4) (69,4) 110
(70,4) (71,4) 119
(71,4) (70,4) 74
(71,4) (72,4) 89
(72,4) (71,4) 138
(72,4) (73,4) 95
(73,4) (72,4) 125
(73,4) (74,4) 101
(74,4) (73,4) 82
(74,4) (75,4) 71
(75,4) (74,4) 105
(75,4) (76,4) 96
(76,4) (75,4) 119
(76,4) (77,4) 101
(77,4) (76,4) 101
(77,4) (78,4) 92
(78,4) (77,4) 79
(78,4) (79,4) 163
(79,4) (78,4) 85
(79,4) (80,4) 129
(80,4) (79,4) 129
(80,4) (81,4) 141
(81,4) (80,4) 103
(81,4) (82,4) 94
(82,4) (81,4) 140
(82,4) (83,4) 116
(83,4) (82,4) 92
(83,4) (84,4) 145
(84,4) (83,4) 150
(84,4) (85,4) 66
(85,4) (84,4) 129
(85,4) (86,4) 65
(86,4) (85,4) 74
(86,4) (87,4) 147
(87,4) (86,4) 113
(87,4) (88,4) 135
(88,4) (87,4) 113
(88,4) (89,4) 75
(89,4) (88,4) 161
(89,4) (90,4) 93
(90,4) (89,4) 118
(90,4) (91,4) 137
(91,4) (90,4) 119
(91,4) (92,4) 96
(92,4) (91,4) 93
(92,4) (93,4) 148
(93,4) (92,4) 134
(93,4) (94,4) 140
(94,4) (93,4) 96
(94,4) (95,4) 145
(95,4) (94,4) 86
(95,4) (96,4) 98
(96,4) (95,4) 101
(96,4) (97,4) 66
(97,4) (96,4) 156
(97,4) (98,4) 93
(98,4) (97,4) 164
(98,4) (99,4) 70
(99,4) (98,4) 72
(99,4) (100,4) 138
(100,4) (99,4) 65
(1,5) (2,5) 130
(2,5) (1,5) 74
(2,5) (3,5) 147
(3,5) (2,5) 128
(3,5) (4,5) 128
(4,5) (3,5) 149
(4,5) (5,5) 112
(5,5) (4,5) 141
(5,5) (6,5) 98
(6,5) (5,5) 75
(6,5) (7,5) 85
(7,5) (6,5) 79
(7,5) (8,5) 141
(8,5) (7,5) 106
(8,5) (9,5) 131
(9,5) (8,5) 125
(9,5) (10,5) 84
(10,5) (9,5) 112
(10,5) (11,5) 138
(11,5) (10,5) 107
(11,5) (12,5) 157
(12,5) (11,5) 113
(12,5) (13,5) 83
(13,5) (12,5) 143
(13,5) (14,5) 144
(14,5) (13,5) 163
(14,5) (15,5) 100
(15,5) (14,5) 79
(15,5) (16,5) 124
(16,5) (15,5) 67
(16,5) (17,5) 73
(17,5) (16,5) 132
(17,5) (18,5) 83
(18,5) (17,5) 123
(18,5) (19,5) 118
(19,5) (18,5) 150
(19,5) (20,5) 69
(20,5) (19,5) 65
(20,5) (21,5) 107
(21,5) (20,5) 135
(21,5) (22,5) 116
(22,5) (21,5) 101
(22,5) (23,5) 67
(23,5) (22,5) 82
(23,5) (24,5) 74
(24,5) (23,5) 139
(24,5) (25,5) 146
(25,5) (24,5) 132
(25,5) (26,5) 160
(26,5) (25,5) 96
(26,5) (27,5) 66
(27,5) (26,5) 157
(27,5) (28,5) 148
(28,5) (27,5) 115
(28,5) (29,5) 125
(29,5) (28,5) 93
(29,5) (30,5) 131
(30,5) (29,5) 85
(30,5) (31,5) 78
(31,5) (30,5) 143
(31,5) (32,5) 162
(32,5) (31,5) 74
(32,5) (33,5) 85
(33,5) (32,5) 96
(33,5) (34,5) 102
(34,5) (33,5) 75
(34,5) (35,5) 77
(35,5) (34,5) 97
(35,5) (36,5) 122
(36,5) (35,5) 109
(36,5) (37,5) 109
(37,5) (36,5) 67
(37,5) (38,5) 109
(38,5) (37,5) 108
(38,5) (39,5) 122
(39,5) (38,5) 79
(39,5) (40,5) 117
(40,5) (39,5) 153
(40,5) (41,5) 97
(41,5) (40,5) 162
(41,5) (42,5) 68
(42,5) (41,5) 146
(42,5) (43,5) 116
(43,5) (42,5) 143
(43,5) (44,5) 101
(44,5) (43,5) 83
(44,5) (45,5) 132
(45,5) (44,5) 99
(45,5) (46,5) 71
(46,5) (45,5) 114
(46,5) (47,5) 143
(47,5) (46,5) 139
(47,5) (48,5) 159
(48,5) (47,5) 120
(48,5) (49,5) 135
(49,5) (48,5) 132
(49,5) (50,5) 111
(50,5) (49,5) 91
(50,5) (51,5) 164
(51,5) (50,5) 94
(51,5) (52,5) 96
(52,5) (51,5) 81
(52,5) (53,5) 142
(53,5) (52,5) 72
(53,5) (54,5) 112
(54,5) (53,5) 116
(54,5) (55,5) 114
(55,5) (54,5) 90
(55,5) (56,5) 149
(56,5) (55,5) 120
(56,5) (57,5) 107
(57,5) (56,5) 142
(57,5) (58,5) 67
(58,5) (57,5) 141
(58,5) (59,5) 97
(59,5) (58,5) 95
(59,5) (60,5) 93
(60,5) (59,5) 125
(60,5) (61,5) 128
(61,5) (60,5) 77
(61,5) (62,5) 132
(62,5) (61,5) 114
(62,5) (63,5) 127
(63,5) (62,5) 67
(63,5) (64,5) 95
(64,5) (63,5) 161
(64,5) (65,5) 107
(65,5) (64,5) 129
(65,5) (66,5) 70
(66,5) (65,5) 103
(66,5) (67,5) 119
(67,5) (66,5) 75
(67,5) (68,5) 86
(68,5) (67,5) 130
(68,5) (69,5) 109
(69,5) (68,5) 126
(69,5) (70,5) 155
(70,5) (69,5) 68
(70,5) (71,5) 136
(71,5) (70,5) 128
(71,5) (72,5) 78
(72,5) (71,5) 113
(72,5) (73,5) 142
(73,5) (72,5) 76
(73,5) (74,5) 159
(74,5) (73,5) 163
(74,5) (75,5) 84
(75,5) (74,5) 118
(75,5) (76,5) 98
(76,5) (75,5) 93
(76,5) (77,5) 84
(77,5) (76,5) 129
(77,5) (78,5) 73
(78,5) (77,5) 72
(78,5) (79,5) 70
(79,5) (78,5) 130
(79,5) (80,5) 130
(80,5) (79,5) 74
(80,5) (81,5) 105
(81,5) (80,5) 75
(81,5) (82,5) 99
(82,5) (81,5) 67
(82,5) (83,5) 158
(83,5) (82,5) 145
(83,5) (84,5) 97
(84,5) (83,5) 131
(84,5) (85,5) 95
(85,5) (84,5) 66
(85,5) (86,5) 121
(86,5) (85,5) 125
(86,5) (87,5) 154
(87,5) (86,5) 151
(87,5) (88,5) 117
(88,5) (87,5) 114
(88,5) (89,5) 119
(89,5) (88,5) 145
(89,5) (90,5) 134
(90,5) (89,5) 114
(90,5) (91,5) 72
(91,5) (90,5) 109
(91,5) (92,5) 135
(92,5) (91,5) 156
(92,5) (93,5) 149
(93,5) (92,5) 66
(93,5) (94,5) 136
(94,5) (93,5) 113
(94,5) (95,5) 137
(95,5) (94,5) 82
(95,5) (96,5) 97
(96,5) (95,5) 78
(96,5) (97,5) 140
(97,5) (96,5) 93
(97,5) (98,5) 114
(98,5) (97,5) 107
(98,5) (99,5) 133
(99,5) (98,5) 85
(99,5) (100,5) 124
(100,5) (99,5) 160
(1,6) (2,6) 99
(2,6) (1,6) 100
(2,6) (3,6) 153
(3,6) (2,6) 80
(3,6) (4,6) 154
(4,6) (3,6) 108
(4,6) (5,6) 113
(5,6) (4,6) 73
(5,6) (6,6) 89
(6,6) (5,6) 129
(6,6) (7,6) 138
(7,6) (6,6) 147
(7,6) (8,6) 115
(8,6) (7,6) 118
(8,6) (9,6) 129
(9,6) (8,6) 93
(9,6) (10,6) 146
(10,6) (9,6) 110
(10,6) (11,6) 155
(11,6) (10,6) 153
(11,6) (12,6) 123
(12,6) (11,6) 126
(12,6) (13,6) 120
(13,6) (12,6) 109
(13,6) (14,6) 76
(14,6) (13,6) 139
(14,6) (15,6) 71
(15,6) (14,6) 142
(15,6) (16,6) 125
(16,6) (15,6) 137
(16,6) (17,6) 107
(17,6) (16,6) 158
(17,6) (18,6) 127
(18,6) (17,6) 79
(18,6) (19,6) 104
(19,6) (18,6) 87
(19,6) (20,6) 158
(20,6) (19,6) 132
(20,6) (21,6) 83
(21,6) (20,6) 122
(21,6) (22,6) 130
(22,6) (21,6) 135
(22,6) (23,6) 73
(23,6) (22,6) 133
(23,6) (24,6) 121
(24,6) (23,6) 135
(24,6) (25,6) 127
(25,6) (24,6) 72
(25,6) (26,6) 124
(26,6) (25,6) 157
(26,6) (27,6) 151
(27,6) (26,6) 124
(27,6) (28,6) 120
(28,6) (27,6) 146
(28,6) (29,6) 82
(29,6) (28,6) 143
(29,6) (30,6) 143
(30,6) (29,6) 154
(30,6) (31,6) 122
(31,6) (30,6) 105
(31,6) (32,6) 137
(32,6) (31,6) 163
(32,6) (33,6) 111
(33,6) (32,6) 136
(33,6) (34,6) 137
(34,6) (33,6) 100
(34,6) (35,6) 115
(35,6) (34,6) 70
(35,6) (36,6) 148
(36,6) (35,6) 105
(36,6) (37,6) 106
(37,6) (36,6) 159
(37,6) (38,6) 114
(38,6) (37,6) 124
(38,6) (39,6) 140
(39,6) (38,6) 150
(39,6) (40,6) 136
(40,6) (39,6) 126
(40,6) (41,6) 146
(41,6) (40,6) 94
(41,6) (42,6) 87
(42,6) (41,6) 100
(42,6) (43,6) 145
(43,6) (42,6) 150
(43,6) (44,6) 124
(44,6) (43,6) 70
(44,6) (45,6) 131
(45,6) (44,6) 145
(45,6) (46,6) 115
(46,6) (45,6) 117
(46,6) (47,6) 70
(47,6) (46,6) 144
(47,6) (48,6) 85
(48,6) (47,6) 98
(48,6) (49,6) 135
(49,6) (48,6) 110
(49,6) (50,6) 129
(50,6) (49,6) 98
(50,6) (51,6) 84
(51,6) (50,6) 91
(51,6) (52,6) 75
(52,6) (51,6) 85
(52,6) (53,6) 115
(53,6) (52,6) 66
(53,6) (54,6) 127
(54,6) (53,6) 107
(54,6) (55,6) 131
(55,6) (54,6) 148
(55,6) (56,6) 133
(56,6) (55,6) 161
(56,6) (57,6) 92
(57,6) (56,6) 85
(57,6) (58,6) 158
(58,6) (57,6) 71
(58,6) (59,6) 159
(59,6) (58,6) 82
(59,6) (60,6) 119
(60,6) (59,6) 110
(60,6) (61,6) 136
(61,6) (60,6) 66
(61,6) (62,6) 113
(62,6) (61,6) 101
(62,6) (63,6) 93
(63,6) (62,6) 163
(63,6) (64,6) 69
(64,6) (63,6) 85
(64,6) (65,6) 132
(65,6) (64,6) 104
(65,6) (66,6) 84
(66,6) (65,6) 106
(66,6) (67,6) 80
(67,6) (66,6) 128
(67,6) (68,6) 92
(68,6) (67,6) 94
(68,6) (69,6) 96
(69,6) (68,6) 94
(69,6) (70,6) 147
(70,6) (69,6) 109
(70,6) (71,6) 114
(71,6) (70,6) 76
(71,6) (72,6) 137
(72,6) (71,6) 103
(72,6) (73,6) 92
(73,6) (72,6) 95
(73,6) (74,6) 146
(74,6) (73,6) 161
(74,6) (75,6) 130
(75,6) (74,6) 133
(75,6) (76,6) 121
(76,6) (75,6) 126
(76,6) (77,6) 68
(77,6) (76,6) 158
(77,6) (78,6) 76
(78,6) (77,6) 94
(78,6) (79,6) 97
(79,6) (78,6) 101
(79,6) (80,6) 133
(80,6) (79,6) 138
(80,6) (81,6) 157
(81,6) (80,6) 159
(81,6) (82,6) 150
(82,6) (81,6) 139
(82,6) (83,6) 83
(83,6) (82,6) 150
(83,6) (84,6) 65
(84,6) (83,6) 78
(84,6) (85,6) 92
(85,6) (84,6) 67
(85,6) (86,6) 114
(86,6) (85,6) 161
(86,6) (87,6) 113
(87,6) (86,6) 66
(87,6) (88,6) 151
(88,6) (87,6) 159
(88,6) (89,6) 79
(89,6) (88,6) 92
(89,6) (90,6) 75
(90,6) (89,6) 70
(90,6) (91,6) 102
(91,6) (90,6) 79
(91,6) (92,6) 138
(92,6) (91,6) 158
(92,6) (93,6) 139
(93,6) (92,6) 90
(93,6) (94,6) 97
(94,6) (93,6) 111
(94,6) (95,6) 127
(95,6) (94,6) 155
(95,6) (96,6) 105
(96,6) (95,6) 88
(96,6) (97,6) 94
(97,6) (96,6) 114
(97,6) (98,6) 91
(98,6) (97,6) 162
(98,6) (99,6) 85
(99,6) (98,6) 137
(99,6) (100,6) 124
(100,6) (99,6) 75
(1,7) (2,7) 104
(2,7) (1,7) 158
(2,7) (3,7) 134
(3,7) (2,7) 136
(3,7) (4,7) 83
(4,7) (3,7) 102
(4,7) (5,7) 131
(5,7) (4,7) 123
(5,7) (6,7) 136
(6,7) (5,7) 74
(6,7) (7,7) 72
(7,7) (6,7) 71
(7,7) (8,7) 154
(8,7) (7,7) 160
(8,7) (9,7) 103
(9,7) (8,7) 158
(9,7) (10,7) 70
(10,7) (9,7) 129
(10,7) (11,7) 120
(11,7) (10,7) 81
(11,7) (12,7) 75
(12,7) (11,7) 126
(12,7) (13,7) 66
(13,7) (12,7) 70
(13,7) (14,7) 96
(14,7) (13,7) 101
(14,7) (15,7) 158
(15,7) (14,7) 146
(15,7) (16,7) 145
(16,7) (15,7) 72
(16,7) (17,7) 103
(17,7) (16,7) 151
(17,7) (18,7) 154
(18,7) (17,7) 142
(18,7) (19,7) 149
(19,7) (18,7) 77
(19,7) (20,7) 82
(20,7) (19,7) 147
(20,7) (21,7) 105
(21,7) (20,7) 118
(21,7) (22,7) 164
(22,7) (21,7) 115
(22,7) (23,7) 134
(23,7) (22,7) 152
(23,7) (24,7) 148
(24,7) (23,7) 79
(24,7) (25,7) 139
(25,7) (24,7) 122
(25,7) (26,7) 116
(26,7) (25,7) 79
(26,7) (27,7) 76
(27,7) (26,7) 155
(27,7) (28,7) 149
(28,7) (27,7) 71
(28,7) (29,7) 107
(29,7) (28,7) 130
(29,7) (30,7) 158
(30,7) (29,7) 109
(30,7) (31,7) 96
(31,7) (30,7) 124
(31,7) (32,7) 73
(32,7) (31,7) 113
(32,7) (33,7) 132
(33,7) (32,7) 97
(33,7) (34,7) 102
(34,7) (33,7) 67
(34,7) (35,7) 155
(35,7) (34,7) 77
(35,7) (36,7) 84
(36,7) (35,7) 78
(36,7) (37,7) 81
(37,7) (36,7) 119
(37,7) (38,7) 98
(38,7) (37,7) 86
(38,7) (39,7) 69
(39,7) (38,7) 72
(39,7) (40,7) 143
(40,7) (39,7) 89
(40,7) (41,7) 110
(41,7) (40,7) 118
(41,7) (42,7) 110
(42,7) (41,7) 84
(42,7) (43,7) 114
(43,7) (42,7) 113
(43,7) (44,7) 157
(44,7) (43,7) 73
(44,7) (45,7) 79
(45,7) (44,7) 83
(45,7) (46,7) 93
(46,7) (45,7) 109
(46,7) (47,7) 121
(47,7) (46,7) 152
(47,7) (48,7) 164
(48,7) (47,7) 126
(48,7) (49,7) 146
(49,7) (48,7) 88
(49,7) (50,7) 111
(50,7) (49,7) 106
(50,7) (51,7) 146
(51,7) (50,7) 132
(51,7) (52,7) 83
(52,7) (51,7) 151
(52,7) (53,7) 72
(53,7) (52,7) 100
(53,7) (54,7) 78
(54,7) (53,7) 160
(54,7) (55,7) 101
(55,7) (54,7) 120
(55,7) (56,7) 102
(56,7) (55,7) 142
(56,7) (57,7) 84
(57,7) (56,7) 130
(57,7) (58,7) 71
(58,7) (57,7) 85
(58,7) (59,7) 114
(59,7) (58,7) 141
(59,7) (60,7) 79
(60,7) (59,7) 66
(60,7) (61,7) 108
(61,7) (60,7) 77
(61,7) (62,7) 116
(62,7) (61,7) 93
(62,7) (63,7) 156
(63,7) (62,7) 141
(63,7) (64,7) 149
(64,7) (63,7) 80
(64,7) (65,7) 157
(65,7) (64,7) 66
(65,7) (66,7) 69
(66,7) (65,7) 106
(66,7) (67,7) 120
(67,7) (66,7) 157
(67,7) (68,7) 101
(68,7) (67,7) 86
(68,7) (69,7) 140
(69,7) (68,7) 144
(69,7) (70,7) 109
(70,7) (69,7) 136
(70,7) (71,7) 137
(71,7) (70,7) 103
(71,7) (72,7) 163
(72,7) (71,7) 130
(72,7) (73,7) 85
(73,7) (72,7) 87
(73,7) (74,7) 95
(74,7) (73,7) 133
(74,7) (75,7) 163
(75,7) (74,7) 120
(75,7) (76,7) 79
(76,7) (75,7) 87
(76,7) (77,7) 162
(77,7) (76,7) 75
(77,7) (78,7) 159
(78,7) (77,7) 93
(78,7) (79,7) 114
(79,7) (78,7) 99
(79,7) (80,7) 118
(80,7) (79,7) 83
(80,7) (81,7) 150
(81,7) (80,7) 126
(81,7) (82,7) 69
(82,7) (81,7) 147
(82,7) (83,7) 97
(83,7) (82,7) 136
(83,7) (84,7) 144
(84,7) (83,7) 147
(84,7) (85,7) 107
(85,7) (84,7) 67
(85,7) (86,7) 86
(86,7) (85,7) 94
(86,7) (87,7) 137
(87,7) (86,7) 154
(87,7) (88,7) 96
(88,7) (87,7) 117
(88,7) (89,7) 109
(89,7) (88,7) 159
(89,7) (90,7) 79
(90,7) (89,7) 120
(90,7) (91,7) 158
(91,7) (90,7) 141
(91,7) (92,7) 125
(92,7) (91,7) 72
(92,7) (93,7) 131
(93,7) (92,7) 91
(93,7) (94,7) 147
(94,7) (93,7) 150
(94,7) (95,7) 150
(95,7) (94,7) 127
(95,7) (96,7) 93
(96,7) (95,7) 110
(96,7) (97,7) 131
(97,7) (96,7) 79
(97,7) (98,7) 138
(98,7) (97,7) 137
(98,7) (99,7) 99
(99,7) (98,7) 110
(99,7) (100,7) 78
(100,7) (99,7) 109
(1,8) (2,8) 100
(2,8) (1,8) 85
(2,8) (3,8) 77
(3,8) (2,8) 142
(3,8) (4,8) 107
(4,8) (3,8) 120
(4,8) (5,8) 118
(5,8) (4,8) 74
(5,8) (6,8) 153
(6,8) (5,8) 143
(6,8) (7,8) 154
(7,8) (6,8) 75
(7,8) (8,8) 154
(8,8) (7,8) 89
(8,8) (9,8) 129
(9,8) (8,8) 137
(9,8) (10,8) 124
(10,8) (9,8) 116
(10,8) (11,8) 115
(11,8) (10,8) 99
(11,8) (12,8) 121
(12,8) (11,8) 89
(12,8) (13,8) 79
(13,8) (12,8) 118
(13,8) (14,8) 110
(14,8) (13,8) 111
(14,8) (15,8) 120
(15,8) (14,8) 105
(15,8) (16,8) 104
(16,8) (15,8) 155
(16,8) (17,8) 132
(17,8) (16,8) 145
(17,8) (18,8) 159
(18,8) (17,8) 134
(18,8) (19,8) 131
(19,8) (18,8) 121
(19,8) (20,8) 144
(20,8) (19,8) 66
(20,8) (21,8) 114
(21,8) (20,8) 138
(21,8) (22,8) 104
(22,8) (21,8) 107
(22,8) (23,8) 141
(23,8) (22,8) 140
(23,8) (24,8) 65
(24,8) (23,8) 119
(24,8) (25,8) 78
(25,8) (24,8) 90
(25,8) (26,8) 162
(26,8) (25,8) 90
(26,8) (27,8) 124
(27,8) (26,8) 132
(27,8) (28,8) 143
(28,8) (27,8) 68
(28,8) (29,8) 160
(29,8) (28,8) 75
(29,8) (30,8) 114
(30,8) (29,8) 129
(30,8) (31,8) 124
(31,8) (30,8) 98
(31,8) (32,8) 152
(32,8) (31,8) 74
(32,8) (33,8) 74
(33,8) (32,8) 155
(33,8) (34,8) 112
(34,8) (33,8) 162
(34,8) (35,8) 164
(35,8) (34,8) 146
(35,8) (36,8) 111
(36,8) (35,8) 115
(36,8) (37,8) 146
(37,8) (36,8) 109
(37,8) (38,8) 94
(38,8) (37,8) 132
(38,8) (39,8) 111
(39,8) (38,8) 153
(39,8) (40,8) 97
(40,8) (39,8) 109
(40,8) (41,8) 81
(41,8) (40,8) 142
(41,8) (42,8) 124
(42,8) (41,8) 93
(42,8) (43,8) 81
(43,8) (42,8) 78
(43,8) (44,8) 155
(44,8) (43,8) 72
(44,8) (45,8) 128
(45,8) (44,8) 65
(45,8) (46,8) 162
(46,8) (45,8) 93
(46,8) (47,8) 149
(47,8) (46,8) 116
(47,8) (48,8) 160
(48,8) (47,8) 99
(48,8) (49,8) 140
(49,8) (48,8) 139
(49,8) (50,8) 83
(50,8) (49,8) 89
(50,8) (51,8) 151
(51,8) (50,8) 133
(51,8) (52,8) 138
(52,8) (51,8) 88
(52,8) (53,8) 75
(53,8) (52,8) 107
(53,8) (54,8) 95
(54,8) (53,8) 164
(54,8) (55,8) 141
(55,8) (54,8) 90
(55,8) (56,8) 130
(56,8) (55,8) 127
(56,8) (57,8) 131
(57,8) (56,8) 110
(57,8) (58,8) 82
(58,8) (57,8) 117
(58,8) (59,8) 143
(59,8) (58,8) 115
(59,8) (60,8) 123
(60,8) (59,8) 163
(60,8) (61,8) 163
(61,8) (60,8) 84
(61,8) (62,8) 113
(62,8) (61,8) 147
(62,8) (63,8) 100
(63,8) (62,8) 151
(63,8) (64,8) 88
(64,8) (63,8) 72
(64,8) (65,8) 105
(65,8) (64,8) 72
(65,8) (66,8) 109
(66,8) (65,8) 107
(66,8) (67,8) 72
(67,8) (66,8) 90
(67,8) (68,8) 82
(68,8) (67,8) 152
(68,8) (69,8) 133
(69,8) (68,8) 96
(69,8) (70,8) 111
(70,8) (69,8) 153
(70,8) (71,8) 90
(71,8) (70,8) 105
(71,8) (72,8) 145
(72,8) (71,8) 114
(72,8) (73,8) 94
(73,8) (72,8) 130
(73,8) (74,8) 108
(74,8) (73,8) 94
(74,8) (75,8) 132
(75,8) (74,8) 157
(75,8) (76,8) 148
(76,8) (75,8) 70
(76,8) (77,8) 129
(77,8) (76,8) 99
(77,8) (78,8) 100
(78,8) (77,8) 82
(78,8) (79,8) 80
(79,8) (78,8) 120
(79,8) (80,8) 164
(80,8) (79,8) 122
(80,8) (81,8) 151
(81,8) (80,8) 143
(81,8) (82,8) 89
(82,8) (81,8) 120
(82,8) (83,8) 135
(83,8) (82,8) 110
(83,8) (84,8) 155
(84,8) (83,8) 156
(84,8) (85,8) 127
(85,8) (84,8) 99
(85,8) (86,8) 150
(86,8) (85,8) 161
(86,8) (87,8) 90
(87,8) (86,8) 112
(87,8) (88,8) 134
(88,8) (87,8) 149
(88,8) (89,8) 155
(89,8) (88,8) 141
(89,8) (90,8) 122
(90,8) (89,8) 72
(90,8) (91,8) 99
(91,8) (90,8) 148
(91,8) (92,8) 73
(92,8) (91,8) 155
(92,8) (93,8) 138
(93,8) (92,8) 139
(93,8) (94,8) 80
(94,8) (93,8) 88
(94,8) (95,8) 98
(95,8) (94,8) 94
(95,8) (96,8) 107
(96,8) (95,8) 91
(96,8) (97,8) 129
(97,8) (96,8) 80
(97,8) (98,8) 146
(98,8) (97,8) 88
(98,8) (99,8) 93
(99,8) (98,8) 152
(99,8) (100,8) 152
(100,8) (99,8) 68
(1,9) (2,9) 135
(2,9) (1,9) 89
(2,9) (3,9) 161
(3,9) (2,9) 157
(3,9) (4,9) 66
(4,9) (3,9) 79
(4,9) (5,9) 69
(5,9) (4,9) 149
(5,9) (6,9) 162
(6,9) (5,9) 89
(6,9) (7,9) 164
(7,9) (6,9) 151
(7,9) (8,9) 69
(8,9) (7,9) 159
(8,9) (9,9) 92
(9,9) (8,9) 146
(9,9) (10,9) 74
(10,9) (9,9) 124
(10,9) (11,9) 142
(11,9) (10,9) 144
(11,9) (12,9) 121
(12,9) (11,9) 126
(12,9) (13,9) 78
(13,9) (12,9) 99
(13,9) (14,9) 162
(14,9) (13,9) 123
(14,9) (15,9) 162
(15,9) (14,9) 103
(15,9) (16,9) 126
(16,9) (15,9) 152
(16,9) (17,9) 106
(17,9) (16,9) 67
(17,9) (18,9) 100
(18,9) (17,9) 66
(18,9) (19,9) 154
(19,9) (18,9) 74
(19,9) (20,9) 153
(20,9) (19,9) 128
(20,9) (21,9) 97
(21,9) (20,9) 138
(21,9) (22,9) 87
(22,9) (21,9) 164
(22,9) (23,9) 119
(23,9) (22,9) 147
(23,9) (24,9) 101
(24,9) (23,9) 133
(24,9) (25,9) 146
(25,9) (24,9) 66
(25,9) (26,9) 120
(26,9) (25,9) 98
(26,9) (27,9) 125
(27,9) (26,9) 106
(27,9) (28,9) 153
(28,9) (27,9) 82
(28,9) (29,9) 96
(29,9) (28,9) 134
(29,9) (30,9) 152
(30,9) (29,9) 164
(30,9) (31,9) 149
(31,9) (30,9) 125
(31,9) (32,9) 137
(32,9) (31,9) 163
(32,9) (33,9) 133
(33,9) (32,9) 125
(33,9) (34,9) 73
(34,9) (33,9) 102
(34,9) (35,9) 155
(35,9) (34,9) 158
(35,9) (36,9) 147
(36,9) (35,9) 109
(36,9) (37,9) 143
(37,9) (36,9) 151
(37,9) (38,9) 142
(38,9) (37,9) 95
(38,9) (39,9) 154
(39,9) (38,9) 80
(39,9) (40,9) 92
(40,9) (39,9) 117
(40,9) (41,9) 146
(41,9) (40,9) 144
(41,9) (42,9) 78
(42,9) (41,9) 161
(42,9) (43,9) 72
(43,9) (42,9) 122
(43,9) (44,9) 139
(44,9) (43,9) 152
(44,9) (45,9) 115
(45,9) (44,9) 78
(45,9) (46,9) 117
(46,9) (45,9) 162
(46,9) (47,9) 153
(47,9) (46,9) 162
(47,9) (48,9) 102
(48,9) (47,9) 108
(48,9) (49,9) 116
(49,9) (48,9) 95
(49,9) (50,9) 72
(50,9) (49,9) 88
(50,9) (51,9) 79
(51,9) (50,9) 135
(51,9) (52,9) 161
(52,9) (51,9) 113
(52,9) (53,9) 98
(53,9) (52,9) 76
(53,9) (54,9) 135
(54,9) (53,9) 158
(54,9) (55,9) 97
(55,9) (54,9) 98
(55,9) (56,9) 72
(56,9) (55,9) 116
(56,9) (57,9) 105
(57,9) (56,9) 128
(57,9) (58,9) 66
(58,9) (57,9) 72
(58,9) (59,9) 121
(59,9) (58,9) 96
(59,9) (60,9) 90
(60,9) (59,9) 75
(60,9) (61,9) 93
(61,9) (60,9) 70
(61,9) (62,9) 94
(62,9) (61,9) 90
(62,9) (63,9) 83
(63,9) (62,9) 78
(63,9) (64,9) 89
(64,9) (63,9) 95
(64,9) (65,9) 80
(65,9) (64,9) 93
(65,9) (66,9) 71
(66,9) (65,9) 97
(66,9) (67,9) 74
(67,9) (66,9) 159
(67,9) (68,9) 155
(68,9) (67,9) 160
(68,9) (69,9) 152
(69,9) (68,9) 67
(69,9) (70,9) 126
(70,9) (69,9) 144
(70,9) (71,9) 112
(71,9) (70,9) 98
(71,9) (72,9) 152
(72,9) (71,9) 128
(72,9) (73,9) 115
(73,9) (72,9) 144
(73,9) (74,9) 105
(74,9) (73,9) 72
(74,9) (75,9) 92
(75,9) (74,9) 92
(75,9) (76,9) 114
(76,9) (75,9) 160
(76,9) (77,9) 126
(77,9) (76,9) 108
(77,9) (78,9) 111
(78,9) (77,9) 148
(78,9) (79,9) 164
(79,9) (78,9) 121
(79,9) (80,9) 135
(80,9) (79,9) 164
(80,9) (81,9) 88
(81,9) (80,9) 74
(81,9) (82,9) 107
(82,9) (81,9) 137
(82,9) (83,9) 120
(83,9) (82,9) 124
(83,9) (84,9) 127
(84,9) (83,9) 95
(84,9) (85,9) 66
(85,9) (84,9) 133
(85,9) (86,9) 134
(86,9) (85,9) 98
(86,9) (87,9) 139
(87,9) (86,9) 102
(87,9) (88,9) 125
(88,9) (87,9) 128
(88,9) (89,9) 79
(89,9) (88,9) 99
(89,9) (90,9) 111
(90,9) (89,9) 141
(90,9) (91,9) 103
(91,9) (90,9) 163
(91,9) (92,9) 140
(92,9) (91,9) 134
(92,9) (93,9) 147
(93,9) (92,9) 160
(93,9) (94,9) 76
(94,9) (93,9) 108
(94,9) (95,9) 83
(95,9) (94,9) 84
(95,9) (96,9) 72
(96,9) (95,9) 68
(96,9) (97,9) 97
(97,9) (96,9) 75
(97,9) (98,9) 128
(98,9) (97,9) 124
(98,9) (99,9) 126
(99,9) (98,9) 133
(99,9) (100,9) 76
(100,9) (99,9) 133
(1,10) (2,10) 147
(2,10) (1,10) 120
(2,10) (3,10) 101
(3,10) (2,10) 156
(3,10) (4,10) 126
(4,10) (3,10) 99
(4,10) (5,10) 150
(5,10) (4,10) 112
(5,10) (6,10) 130
(6,10) (5,10) 115
(6,10) (7,10) 93
(7,10) (6,10) 135
(7,10) (8,10) 84
(8,10) (7,10) 135
(8,10) (9,10) 108
(9,10) (8,10) 117
(9,10) (10,10) 152
(10,10) (9,10) 147
(10,10) (11,10) 145
(11,10) (10,10) 133
(11,10) (12,10) 160
(12,10) (11,10) 157
(12,10) (13,10) 127
(13,10) (12,10) 66
(13,10) (14,10) 79
(14,10) (13,10) 131
(14,10) (15,10) 146
(15,10) (14,10) 105
(15,10) (16,10) 66
(16,10) (15,10) 101
(16,10) (17,10) 71
(17,10) (16,10) 122
(17,10) (18,10) 161
(18,10) (17,10) 164
(18,10) (19,10) 77
(19,10) (18,10) 114
(19,10) (20,10) 150
(20,10) (19,10) 89
(20,10) (21,10) 152
(21,10) (20,10) 97
(21,10) (22,10) 72
(22,10) (21,10) 84
(22,10) (23,10) 77
(23,10) (22,10) 93
(23,10) (24,10) 141
(24,10) (23,10) 77
(24,10) (25,10) 97
(25,10) (24,10) 73
(25,10) (26,10) 72
(26,10) (25,10) 140
(26,10) (27,10) 98
(27,10) (26,10) 112
(27,10) (28,10) 131
(28,10) (27,10) 129
(28,10) (29,10) 76
(29,10) (28,10) 114
(29,10) (30,10) 94
(30,10) (29,10) 163
(30,10) (31,10) 89
(31,10) (30,10) 94
(31,10) (32,10) 94
(32,10) (31,10) 126
(32,10) (33,10) 110
(33,10) (32,10) 70
(33,10) (34,10) 81
(34,10) (33,10) 68
(34,10) (35,10) 143
(35,10) (34,10) 84
(35,10) (36,10) 109
(36,10) (35,10) 89
(36,10) (37,10) 154
(37,10) (36,10) 122
(37,10) (38,10) 92
(38,10) (37,10) 151
(38,10) (39,10) 87
(39,10) (38,10) 68
(39,10) (40,10) 132
(40,10) (39,10) 105
(40,10) (41,10) 79
(41,10) (40,10) 115
(41,10) (42,10) 101
(42,10) (41,10) 72
(42,10) (43,10) 99
(43,10) (42,10) 89
(43,10) (44,10) 148
(44,10) (43,10) 153
(44,10) (45,10) 120
(45,10) (44,10) 125
(45,10) (46,10) 89
(46,10) (45,10) 146
(46,10) (47,10) 109
(47,10) (46,10) 97
(47,10) (48,10) 93
(48,10) (47,10) 111
(48,10) (49,10) 113
(49,10) (48,10) 74
(49,10) (50,10) 90
(50,10) (49,10) 129
(50,10) (51,10) 160
(51,10) (50,10) 97
(51,10) (52,10) 113
(52,10) (51,10) 141
(52,10) (53,10) 120
(53,10) (52,10) 79
(53,10) (54,10) 99
(54,10) (53,10) 68
(54,10) (55,10) 89
(55,10) (54,10) 112
(55,10) (56,10) 68
(56,10) (55,10) 75
(56,10) (57,10) 158
(57,10) (56,10) 105
(57,10) (58,10) 132
(58,10) (57,10) 119
(58,10) (59,10) 156
(59,10) (58,10) 148
(59,10) (60,10) 67
(60,10) (59,10) 115
(60,10) (61,10) 90
(61,10) (60,10) 101
(61,10) (62,10) 145
(62,10) (61,10) 93
(62,10) (63,10) 82
(63,10) (62,10) 123
(63,10) (64,10) 131
(64,10) (63,10) 68
(64,10) (65,10) 110
(65,10) (64,10) 153
(65,10) (66,10) 133
(66,10) (65,10) 122
(66,10) (67,10) 98
(67,10) (66,10) 79
(67,10) (68,10) 93
(68,10) (67,10) 139
(68,10) (69,10) 135
(69,10) (68,10) 68
(69,10) (70,10) 85
(70,10) (69,10) 106
(70,10) (71,10) 150
(71,10) (70,10) 97
(71,10) (72,10) 117
(72,10) (71,10) 72
(72,10) (73,10) 79
(73,10) (72,10) 154
(73,10) (74,10) 160
(74,10) (73,10) 112
(74,10) (75,10) 124
(75,10) (74,10) 89
(75,10) (76,10) 145
(76,10) (75,10) 144
(76,10) (77,10) 110
(77,10) (76,10) 113
(77,10) (78,10) 101
(78,10) (77,10) 67
(78,10) (79,10) 72
(79,10) (78,10) 71
(79,10) (80,10) 164
(80,10) (79,10) 104
(80,10) (81,10) 128
(81,10) (80,10) 107
(81,10) (82,10) 130
(82,10) (81,10) 76
(82,10) (83,10) 118
(83,10) (82,10) 84
(83,10) (84,10) 161
(84,10) (83,10) 97
(84,10) (85,10) 138
(85,10) (84,10) 90
(85,10) (86,10) 65
(86,10) (85,10) 97
(86,10) (87,10) 114
(87,10) (86,10) 87
(87,10) (88,10) 83
(88,10) (87,10) 86
(88,10) (89,10) 118
(89,10) (88,10) 67
(89,10) (90,10) 107
(90,10) (89,10) 135
(90,10) (91,10) 105
(91,10) (90,10) 163
(91,10) (92,10) 105
(92,10) (91,10) 137
(92,10) (93,10) 121
(93,10) (92,10) 126
(93,10) (94,10) 74
(94,10) (93,10) 69
(94,10) (95,10) 122
(95,10) (94,10) 151
(95,10) (96,10) 161
(96,10) (95,10) 89
(96,10) (97,10) 152
(97,10) (96,10) 73
(97,10) (98,10) 77
(98,10) (97,10) 134
(98,10) (99,10) 104
(99,10) (98,10) 136
(99,10) (100,10) 86
(100,10) (99,10) 144
(1,10) t 158
(2,10) t 80
(3,10) t 140
(4,10) t 146
(5,10) t 128
(6,10) t 153
(7,10) t 155
(8,10) t 122
(9,10) t 154
(10,10) t 130
(11,10) t 102
(12,10) t 130
(13,10) t 85
(14,10) t 95
(15,10) t 86
(16,10) t 96
(17,10) t 102
(18,10) t 150
(19,10) t 108
(20,10) t 142
(21,10) t 138
(22,10) t 77
(23,10) t 152
(24,10) t 122
(25,10) t 156
(26,10) t 94
(27,10) t 101
(28,10) t 81
(29,10) t 156
(30,10) t 97
(31,10) t 114
(32,10) t 65
(33,10) t 126
(34,10) t 151
(35,10) t 78
(36,10) t 105
(37,10) t 154
(38,10) t 76
(39,10) t 143
(40,10) t 105
(41,10) t 127
(42,10) t 66
(43,10) t 112
(44,10) t 78
(45,10) t 133
(46,10) t 133
(47,10) t 150
(48,10) t 95
(49,10) t 134
(50,10) t 164
(51,10) t 107
(52,10) t 103
(53,10) t 66
(54,10) t 158
(55,10) t 111
(56,10) t 67
(57,10) t 92
(58,10) t 98
(59,10) t 82
(60,10) t 157
(61,10) t 145
(62,10) t 85
(63,10) t 131
(64,10) t 102
(65,10) t 78
(66,10) t 93
(67,10) t 130
(68,10) t 157
(69,10) t 70
(70,10) t 152
(71,10) t 73
(72,10) t 121
(73,10) t 101
(74,10) t 99
(75,10) t 82
(76,10) t 137
(77,10) t 74
(78,10) t 157
(79,10) t 125
(80,10) t 112
(81,10) t 128
(82,10) t 68
(83,10) t 122
(84,10) t 156
(85,10) t 88
(86,10) t 162
(87,10) t 157
(88,10) t 76
(89,10) t 146
(90,10) t 85
(91,10) t 162
(92,10) t 105
(93,10) t 65
(94,10) t 157
(95,10) t 131
(96,10) t 65
(97,10) t 151
(98,10) t 104
(99,10) t 161
(100,10) t 67
