s (1,1) 131
s (2,1) 101
s (3,1) 100
s (4,1) 115
s (5,1) 126
s (6,1) 56
s (7,1) 126
s (8,1) 112
s (9,1) 125
s (10,1) 64
(1,1) (1,2) 67
(2,1) (2,2) 125
(3,1) (3,2) 70
(4,1) (4,2) 117
(5,1) (5,2) 142
(6,1) (6,2) 62
(7,1) (7,2) 129
(8,1) (8,2) 61
(9,1) (9,2) 122
(10,1) (10,2) 129
(1,2) (1,3) 106
(2,2) (2,3) 86
(3,2) (3,3) 104
(4,2) (4,3) 65
(5,2) (5,3) 61
(6,2) (6,3) 142
(7,2) (7,3) 151
(8,2) (8,3) 75
(9,2) (9,3) 74
(10,2) (10,3) 136
(1,3) (1,4) 133
(2,3) (2,4) 96
(3,3) (3,4) 83
(4,3) (4,4) 108
(5,3) (5,4) 136
(6,3) (6,4) 72
(7,3) (7,4) 152
(8,3) (8,4) 91
(9,3) (9,4) 153
(10,3) (10,4) 151
(1,4) (1,5) 150
(2,4) (2,5) 144
(3,4) (3,5) 112
(4,4) (4,5) 89
(5,4) (5,5) 120
(6,4) (6,5) 87
(7,4) (7,5) 122
(8,4) (8,5) 92
(9,4) (9,5) 58
(10,4) (10,5) 121
(1,5) (1,6) 112
(2,5) (2,6) 82
(3,5) (3,6) 67
(4,5) (4,6) 118
(5,5) (5,6) 94
(6,5) (6,6) 102
(7,5) (7,6) 78
(8,5) (8,6) 71
(9,5) (9,6) 81
(10,5) (10,6) 76
(1,6) (1,7) 69
(2,6) (2,7) 96
(3,6) (3,7) 146
(4,6) (4,7) 65
(5,6) (5,7) 91
(6,6) (6,7) 105
(7,6) (7,7) 91
(8,6) (8,7) 130
(9,6) (9,7) 65
(10,6) (10,7) 117
(1,7) (1,8) 91
(2,7) (2,8) 60
(3,7) (3,8) 132
(4,7) (4,8) 60
(5,7) (5,8) 69
(6,7) (6,8) 96
(7,7) (7,8) 133
(8,7) (8,8) 114
(9,7) (9,8) 114
(10,7) (10,8) 113
(1,8) (1,9) 77
(2,8) (2,9) 65
(3,8) (3,9) 93
(4,8) (4,9) 59
(5,8) (5,9) 104
(6,8) (6,9) 152
(7,8) (7,9) 109
(8,8) (8,9) 64
(9,8) (9,9) 134
(10,8) (10,9) 150
(1,9) (1,10) 142
(2,9) (2,10) 66
(3,9) (3,10) 70
(4,9) (4,10) 98
(5,9) (5,10) 72
(6,9) (6,10) 132
(7,9) (7,10) 55
(8,9) (8,10) 69
(9,9) (9,10) 150
(10,9) (10,10) 114
(1,10) (1,11) 71
(2,10) (2,11) 110
(3,10) (3,11) 83
(4,10) (4,11) 132
(5,10) (5,11) 62
(6,10) (6,11) 67
(7,10) (7,11) 75
(8,10) (8,11) 58
(9,10) (9,11) 101
(10,10) (10,11) 125
(1,11) (1,12) 140
(2,11) (2,12) 154
(3,11) (3,12) 118
(4,11) (4,12) 129
(5,11) (5,12) 88
(6,11) (6,12) 151
(7,11) (7,12) 153
(8,11) (8,12) 82
(9,11) (9,12) 79
(10,11) (10,12) 106
(1,12) (1,13) 100
(2,12) (2,13) 103
(3,12) (3,13) 103
(4,12) (4,13) 105
(5,12) (5,13) 115
(6,12) (6,13) 118
(7,12) (7,13) 84
(8,12) (8,13) 83
(9,12) (9,13) 134
(10,12) (10,13) 83
(1,13) (1,14) 85
(2,13) (2,14) 83
(3,13) (3,14) 60
(4,13) (4,14) 67
(5,13) (5,14) 149
(6,13) (6,14) 153
(7,13) (7,14) 138
(8,13) (8,14) 86
(9,13) (9,14) 90
(10,13) (10,14) 123
(1,14) (1,15) 137
(2,14) (2,15) 123
(3,14) (3,15) 114
(4,14) (4,15) 130
(5,14) (5,15) 65
(6,14) (6,15) 111
(7,14) (7,15) 128
(8,14) (8,15) 139
(9,14) (9,15) 95
(10,14) (10,15) 129
(1,15) (1,16) 63
(2,15) (2,16) 93
(3,15) (3,16) 113
(4,15) (4,16) 149
(5,15) (5,16) 114
(6,15) (6,16) 153
(7,15) (7,16) 117
(8,15) (8,16) 64
(9,15) (9,16) 114
(10,15) (10,16) 97
(1,16) (1,17) 77
(2,16) (2,17) 112
(3,16) (3,17) 120
(4,16) (4,17) 83
(5,16) (5,17) 139
(6,16) (6,17) 94
(7,16) (7,17) 122
(8,16) (8,17) 93
(9,16) (9,17) 78
(10,16) (10,17) 112
(1,17) (1,18) 111
(2,17) (2,18) 139
(3,17) (3,18) 55
(4,17) (4,18) 86
(5,17) (5,18) 148
(6,17) (6,18) 125
(7,17) (7,18) 141
(8,17) (8,18) 120
(9,17) (9,18) 67
(10,17) (10,18) 107
(1,18) (1,19) 96
(2,18) (2,19) 93
(3,18) (3,19) 154
(4,18) (4,19) 55
(5,18) (5,19) 149
(6,18) (6,19) 96
(7,18) (7,19) 120
(8,18) (8,19) 121
(9,18) (9,19) 65
(10,18) (10,19) 92
(1,19) (1,20) 88
(2,19) (2,20) 127
(3,19) (3,20) 71
(4,19) (4,20) 124
(5,19) (5,20) 83
(6,19) (6,20) 64
(7,19) (7,20) 128
(8,19) (8,20) 100
(9,19) (9,20) 141
(10,19) (10,20) 119
(1,20) (1,21) 126
(2,20) (2,21) 82
(3,20) (3,21) 79
(4,20) (4,21) 121
(5,20) (5,21) 77
(6,20) (6,21) 121
(7,20) (7,21) 89
(8,20) (8,21) 115
(9,20) (9,21) 110
(10,20) (10,21) 94
(1,21) (1,22) 91
(2,21) (2,22) 83
(3,21) (3,22) 110
(4,21) (4,22) 71
(5,21) (5,22) 134
(6,21) (6,22) 114
(7,21) (7,22) 79
(8,21) (8,22) 105
(9,21) (9,22) 85
(10,21) (10,22) 126
(1,22) (1,23) 90
(2,22) (2,23) 91
(3,22) (3,23) 101
(4,22) (4,23) 98
(5,22) (5,23) 65
(6,22) (6,23) 110
(7,22) (7,23) 118
(8,22) (8,23) 63
(9,22) (9,23) 135
(10,22) (10,23) 138
(1,23) (1,24) 151
(2,23) (2,24) 104
(3,23) (3,24) 99
(4,23) (4,24) 139
(5,23) (5,24) 113
(6,23) (6,24) 134
(7,23) (7,24) 98
(8,23) (8,24) 67
(9,23) (9,24) 61
(10,23) (10,24) 129
(1,24) (1,25) 110
(2,24) (2,25) 101
(3,24) (3,25) 61
(4,24) (4,25) 82
(5,24) (5,25) 132
(6,24) (6,25) 125
(7,24) (7,25) 70
(8,24) (8,25) 125
(9,24) (9,25) 144
(10,24) (10,25) 87
(1,25) (1,26) 108
(2,25) (2,26) 76
(3,25) (3,26) 152
(4,25) (4,26) 71
(5,25) (5,26) 102
(6,25) (6,26) 151
(7,25) (7,26) 83
(8,25) (8,26) 142
(9,25) (9,26) 116
(10,25) (10,26) 60
(1,26) (1,27) 129
(2,26) (2,27) 118
(3,26) (3,27) 119
(4,26) (4,27) 143
(5,26) (5,27) 105
(6,26) (6,27) 144
(7,26) (7,27) 60
(8,26) (8,27) 66
(9,26) (9,27) 154
(10,26) (10,27) 102
(1,27) (1,28) 141
(2,27) (2,28) 126
(3,27) (3,28) 127
(4,27) (4,28) 125
(5,27) (5,28) 141
(6,27) (6,28) 113
(7,27) (7,28) 74
(8,27) (8,28) 129
(9,27) (9,28) 111
(10,27) (10,28) 129
(1,28) (1,29) 152
(2,28) (2,29) 108
(3,28) (3,29) 139
(4,28) (4,29) 123
(5,28) (5,29) 131
(6,28) (6,29) 85
(7,28) (7,29) 133
(8,28) (8,29) 117
(9,28) (9,29) 120
(10,28) (10,29) 113
(1,29) (1,30) 75
(2,29) (2,30) 94
(3,29) (3,30) 128
(4,29) (4,30) 109
(5,29) (5,30) 109
(6,29) (6,30) 64
(7,29) (7,30) 123
(8,29) (8,30) 136
(9,29) (9,30) 72
(10,29) (10,30) 117
(1,30) (1,31) 97
(2,30) (2,31) 105
(3,30) (3,31) 120
(4,30) (4,31) 138
(5,30) (5,31) 74
(6,30) (6,31) 72
(7,30) (7,31) 83
(8,30) (8,31) 104
(9,30) (9,31) 80
(10,30) (10,31) 89
(1,31) (1,32) 88
(2,31) (2,32) 81
(3,31) (3,32) 106
(4,31) (4,32) 145
(5,31) (5,32) 121
(6,31) (6,32) 75
(7,31) (7,32) 103
(8,31) (8,32) 93
(9,31) (9,32) 70
(10,31) (10,32) 113
(1,32) (1,33) 62
(2,32) (2,33) 147
(3,32) (3,33) 65
(4,32) (4,33) 99
(5,32) (5,33) 110
(6,32) (6,33) 148
(7,32) (7,33) 118
(8,32) (8,33) 107
(9,32) (9,33) 91
(10,32) (10,33) 144
(1,33) (1,34) 128
(2,33) (2,34) 98
(3,33) (3,34) 64
(4,33) (4,34) 108
(5,33) (5,34) 71
(6,33) (6,34) 110
(7,33) (7,34) 58
(8,33) (8,34) 121
(9,33) (9,34) 135
(10,33) (10,34) 135
(1,34) (1,35) 118
(2,34) (2,35) 114
(3,34) (3,35) 94
(4,34) (4,35) 73
(5,34) (5,35) 103
(6,34) (6,35) 120
(7,34) (7,35) 129
(8,34) (8,35) 91
(9,34) (9,35) 105
(10,34) (10,35) 112
(1,35) (1,36) 67
(2,35) (2,36) 62
(3,35) (3,36) 134
(4,35) (4,36) 59
(5,35) (5,36) 80
(6,35) (6,36) 101
(7,35) (7,36) 86
(8,35) (8,36) 57
(9,35) (9,36) 66
(10,35) (10,36) 145
(1,36) (1,37) 154
(2,36) (2,37) 95
(3,36) (3,37) 150
(4,36) (4,37) 130
(5,36) (5,37) 65
(6,36) (6,37) 110
(7,36) (7,37) 149
(8,36) (8,37) 113
(9,36) (9,37) 84
(10,36) (10,37) 130
(1,37) (1,38) 93
(2,37) (2,38) 134
(3,37) (3,38) 124
(4,37) (4,38) 105
(5,37) (5,38) 144
(6,37) (6,38) 61
(7,37) (7,38) 59
(8,37) (8,38) 77
(9,37) (9,38) 93
(10,37) (10,38) 140
(1,38) (1,39) 135
(2,38) (2,39) 148
(3,38) (3,39) 67
(4,38) (4,39) 72
(5,38) (5,39) 143
(6,38) (6,39) 109
(7,38) (7,39) 94
(8,38) (8,39) 101
(9,38) (9,39) 56
(10,38) (10,39) 110
(1,39) (1,40) 103
(2,39) (2,40) 57
(3,39) (3,40) 91
(4,39) (4,40) 74
(5,39) (5,40) 76
(6,39) (6,40) 101
(7,39) (7,40) 94
(8,39) (8,40) 97
(9,39) (9,40) 126
(10,39) (10,40) 107
(1,40) (1,41) 112
(2,40) (2,41) 151
(3,40) (3,41) 113
(4,40) (4,41) 92
(5,40) (5,41) 99
(6,40) (6,41) 80
(7,40) (7,41) 142
(8,40) (8,41) 113
(9,40) (9,41) 149
(10,40) (10,41) 135
(1,41) (1,42) 111
(2,41) (2,42) 118
(3,41) (3,42) 111
(4,41) (4,42) 95
(5,41) (5,42) 87
(6,41) (6,42) 115
(7,41) (7,42) 135
(8,41) (8,42) 99
(9,41) (9,42) 92
(10,41) (10,42) 143
(1,42) (1,43) 128
(2,42) (2,43) 145
(3,42) (3,43) 131
(4,42) (4,43) 107
(5,42) (5,43) 128
(6,42) (6,43) 116
(7,42) (7,43) 80
(8,42) (8,43) 127
(9,42) (9,43) 74
(10,42) (10,43) 152
(1,43) (1,44) 139
(2,43) (2,44) 68
(3,43) (3,44) 141
(4,43) (4,44) 57
(5,43) (5,44) 134
(6,43) (6,44) 126
(7,43) (7,44) 70
(8,43) (8,44) 137
(9,43) (9,44) 141
(10,43) (10,44) 106
(1,44) (1,45) 90
(2,44) (2,45) 99
(3,44) (3,45) 148
(4,44) (4,45) 149
(5,44) (5,45) 88
(6,44) (6,45) 135
(7,44) (7,45) 145
(8,44) (8,45) 95
(9,44) (9,45) 90
(10,44) (10,45) 146
(1,45) (1,46) 134
(2,45) (2,46) 126
(3,45) (3,46) 114
(4,45) (4,46) 60
(5,45) (5,46) 118
(6,45) (6,46) 92
(7,45) (7,46) 78
(8,45) (8,46) 82
(9,45) (9,46) 152
(10,45) (10,46) 80
(1,46) (1,47) 133
(2,46) (2,47) 115
(3,46) (3,47) 55
(4,46) (4,47) 125
(5,46) (5,47) 68
(6,46) (6,47) 151
(7,46) (7,47) 106
(8,46) (8,47) 124
(9,46) (9,47) 117
(10,46) (10,47) 151
(1,47) (1,48) 104
(2,47) (2,48) 123
(3,47) (3,48) 138
(4,47) (4,48) 64
(5,47) (5,48) 80
(6,47) (6,48) 100
(7,47) (7,48) 58
(8,47) (8,48) 57
(9,47) (9,48) 117
(10,47) (10,48) 65
(1,48) (1,49) 106
(2,48) (2,49) 137
(3,48) (3,49) 60
(4,48) (4,49) 131
(5,48) (5,49) 91
(6,48) (6,49) 125
(7,48) (7,49) 147
(8,48) (8,49) 110
(9,48) (9,49) 144
(10,48) (10,49) 96
(1,49) (1,50) 65
(2,49) (2,50) 103
(3,49) (3,50) 103
(4,49) (4,50) 70
(5,49) (5,50) 143
(6,49) (6,50) 97
(7,49) (7,50) 97
(8,49) (8,50) 58
(9,49) (9,50) 72
(10,49) (10,50) 86
(1,50) (1,51) 96
(2,50) (2,51) 137
(3,50) (3,51) 152
(4,50) (4,51) 121
(5,50) (5,51) 92
(6,50) (6,51) 67
(7,50) (7,51) 120
(8,50) (8,51) 116
(9,50) (9,51) 141
(10,50) (10,51) 154
(1,51) (1,52) 145
(2,51) (2,52) 144
(3,51) (3,52) 93
(4,51) (4,52) 117
(5,51) (5,52) 150
(6,51) (6,52) 95
(7,51) (7,52) 146
(8,51) (8,52) 70
(9,51) (9,52) 150
(10,51) (10,52) 115
(1,52) (1,53) 135
(2,52) (2,53) 97
(3,52) (3,53) 107
(4,52) (4,53) 109
(5,52) (5,53) 140
(6,52) (6,53) 89
(7,52) (7,53) 134
(8,52) (8,53) 108
(9,52) (9,53) 131
(10,52) (10,53) 98
(1,53) (1,54) 59
(2,53) (2,54) 91
(3,53) (3,54) 71
(4,53) (4,54) 125
(5,53) (5,54) 84
(6,53) (6,54) 111
(7,53) (7,54) 117
(8,53) (8,54) 107
(9,53) (9,54) 129
(10,53) (10,54) 117
(1,54) (1,55) 58
(2,54) (2,55) 104
(3,54) (3,55) 72
(4,54) (4,55) 129
(5,54) (5,55) 68
(6,54) (6,55) 137
(7,54) (7,55) 64
(8,54) (8,55) 111
(9,54) (9,55) 70
(10,54) (10,55) 74
(1,55) (1,56) 128
(2,55) (2,56) 103
(3,55) (3,56) 127
(4,55) (4,56) 150
(5,55) (5,56) 154
(6,55) (6,56) 102
(7,55) (7,56) 85
(8,55) (8,56) 136
(9,55) (9,56) 121
(10,55) (10,56) 95
(1,56) (1,57) 127
(2,56) (2,57) 130
(3,56) (3,57) 136
(4,56) (4,57) 112
(5,56) (5,57) 78
(6,56) (6,57) 141
(7,56) (7,57) 120
(8,56) (8,57) 113
(9,56) (9,57) 136
(10,56) (10,57) 73
(1,57) (1,58) 134
(2,57) (2,58) 67
(3,57) (3,58) 67
(4,57) (4,58) 153
(5,57) (5,58) 55
(6,57) (6,58) 55
(7,57) (7,58) 122
(8,57) (8,58) 79
(9,57) (9,58) 94
(10,57) (10,58) 126
(1,58) (1,59) 101
(2,58) (2,59) 108
(3,58) (3,59) 104
(4,58) (4,59) 60
(5,58) (5,59) 107
(6,58) (6,59) 86
(7,58) (7,59) 146
(8,58) (8,59) 90
(9,58) (9,59) 140
(10,58) (10,59) 107
(1,59) (1,60) 98
(2,59) (2,60) 85
(3,59) (3,60) 121
(4,59) (4,60) 91
(5,59) (5,60) 63
(6,59) (6,60) 109
(7,59) (7,60) 110
(8,59) (8,60) 91
(9,59) (9,60) 101
(10,59) (10,60) 111
(1,60) (1,61) 102
(2,60) (2,61) 124
(3,60) (3,61) 58
(4,60) (4,61) 74
(5,60) (5,61) 114
(6,60) (6,61) 124
(7,60) (7,61) 152
(8,60) (8,61) 145
(9,60) (9,61) 116
(10,60) (10,61) 83
(1,61) (1,62) 151
(2,61) (2,62) 138
(3,61) (3,62) 58
(4,61) (4,62) 118
(5,61) (5,62) 118
(6,61) (6,62) 116
(7,61) (7,62) 120
(8,61) (8,62) 149
(9,61) (9,62) 118
(10,61) (10,62) 76
(1,62) (1,63) 135
(2,62) (2,63) 138
(3,62) (3,63) 56
(4,62) (4,63) 70
(5,62) (5,63) 68
(6,62) (6,63) 100
(7,62) (7,63) 152
(8,62) (8,63) 126
(9,62) (9,63) 89
(10,62) (10,63) 154
(1,63) (1,64) 142
(2,63) (2,64) 141
(3,63) (3,64) 139
(4,63) (4,64) 153
(5,63) (5,64) 113
(6,63) (6,64) 85
(7,63) (7,64) 82
(8,63) (8,64) 76
(9,63) (9,64) 151
(10,63) (10,64) 134
(1,64) (1,65) 62
(2,64) (2,65) 62
(3,64) (3,65) 97
(4,64) (4,65) 81
(5,64) (5,65) 134
(6,64) (6,65) 143
(7,64) (7,65) 99
(8,64) (8,65) 95
(9,64) (9,65) 130
(10,64) (10,65) 148
(1,65) (1,66) 132
(2,65) (2,66) 77
(3,65) (3,66) 101
(4,65) (4,66) 106
(5,65) (5,66) 144
(6,65) (6,66) 66
(7,65) (7,66) 97
(8,65) (8,66) 105
(9,65) (9,66) 147
(10,65) (10,66) 151
(1,66) (1,67) 141
(2,66) (2,67) 146
(3,66) (3,67) 128
(4,66) (4,67) 136
(5,66) (5,67) 59
(6,66) (6,67) 84
(7,66) (7,67) 58
(8,66) (8,67) 133
(9,66) (9,67) 143
(10,66) (10,67) 151
(1,67) (1,68) 55
(2,67) (2,68) 91
(3,67) (3,68) 79
(4,67) (4,68) 59
(5,67) (5,68) 66
(6,67) (6,68) 137
(7,67) (7,68) 59
(8,67) (8,68) 99
(9,67) (9,68) 75
(10,67) (10,68) 123
(1,68) (1,69) 80
(2,68) (2,69) 99
(3,68) (3,69) 147
(4,68) (4,69) 125
(5,68) (5,69) 106
(6,68) (6,69) 125
(7,68) (7,69) 148
(8,68) (8,69) 146
(9,68) (9,69) 100
(10,68) (10,69) 148
(1,69) (1,70) 148
(2,69) (2,70) 135
(3,69) (3,70) 129
(4,69) (4,70) 118
(5,69) (5,70) 106
(6,69) (6,70) 135
(7,69) (7,70) 113
(8,69) (8,70) 152
(9,69) (9,70) 75
(10,69) (10,70) 110
(1,70) (1,71) 77
(2,70) (2,71) 144
(3,70) (3,71) 84
(4,70) (4,71) 138
(5,70) (5,71) 88
(6,70) (6,71) 151
(7,70) (7,71) 100
(8,70) (8,71) 62
(9,70) (9,71) 147
(10,70) (10,71) 141
(1,71) (1,72) 116
(2,71) (2,72) 90
(3,71) (3,72) 91
(4,71) (4,72) 65
(5,71) (5,72) 66
(6,71) (6,72) 108
(7,71) (7,72) 70
(8,71) (8,72) 64
(9,71) (9,72) 140
(10,71) (10,72) 65
(1,72) (1,73) 120
(2,72) (2,73) 58
(3,72) (3,73) 91
(4,72) (4,73) 95
(5,72) (5,73) 129
(6,72) (6,73) 88
(7,72) (7,73) 125
(8,72) (8,73) 55
(9,72) (9,73) 98
(10,72) (10,73) 89
(1,73) (1,74) 98
(2,73) (2,74) 56
(3,73) (3,74) 148
(4,73) (4,74) 94
(5,73) (5,74) 107
(6,73) (6,74) 86
(7,73) (7,74) 128
(8,73) (8,74) 90
(9,73) (9,74) 57
(10,73) (10,74) 62
(1,74) (1,75) 104
(2,74) (2,75) 135
(3,74) (3,75) 81
(4,74) (4,75) 111
(5,74) (5,75) 147
(6,74) (6,75) 151
(7,74) (7,75) 102
(8,74) (8,75) 78
(9,74) (9,75) 110
(10,74) (10,75) 147
(1,75) (1,76) 135
(2,75) (2,76) 131
(3,75) (3,76) 66
(4,75) (4,76) 154
(5,75) (5,76) 56
(6,75) (6,76) 95
(7,75) (7,76) 98
(8,75) (8,76) 63
(9,75) (9,76) 79
(10,75) (10,76) 102
(1,76) (1,77) 109
(2,76) (2,77) 112
(3,76) (3,77) 113
(4,76) (4,77) 122
(5,76) (5,77) 73
(6,76) (6,77) 131
(7,76) (7,77) 147
(8,76) (8,77) 132
(9,76) (9,77) 117
(10,76) (10,77) 135
(1,77) (1,78) 70
(2,77) (2,78) 99
(3,77) (3,78) 148
(4,77) (4,78) 104
(5,77) (5,78) 115
(6,77) (6,78) 142
(7,77) (7,78) 55
(8,77) (8,78) 100
(9,77) (9,78) 76
(10,77) (10,78) 150
(1,78) (1,79) 64
(2,78) (2,79) 118
(3,78) (3,79) 137
(4,78) (4,79) 128
(5,78) (5,79) 102
(6,78) (6,79) 77
(7,78) (7,79) 94
(8,78) (8,79) 119
(9,78) (9,79) 66
(10,78) (10,79) 119
(1,79) (1,80) 151
(2,79) (2,80) 62
(3,79) (3,80) 91
(4,79) (4,80) 81
(5,79) (5,80) 74
(6,79) (6,80) 94
(7,79) (7,80) 58
(8,79) (8,80) 134
(9,79) (9,80) 140
(10,79) (10,80) 90
(1,80) (1,81) 69
(2,80) (2,81) 86
(3,80) (3,81) 67
(4,80) (4,81) 130
(5,80) (5,81) 134
(6,80) (6,81) 148
(7,80) (7,81) 112
(8,80) (8,81) 56
(9,80) (9,81) 56
(10,80) (10,81) 121
(1,81) (1,82) 90
(2,81) (2,82) 141
(3,81) (3,82) 138
(4,81) (4,82) 94
(5,81) (5,82) 111
(6,81) (6,82) 113
(7,81) (7,82) 139
(8,81) (8,82) 98
(9,81) (9,82) 107
(10,81) (10,82) 138
(1,82) (1,83) 115
(2,82) (2,83) 108
(3,82) (3,83) 134
(4,82) (4,83) 135
(5,82) (5,83) 96
(6,82) (6,83) 63
(7,82) (7,83) 74
(8,82) (8,83) 150
(9,82) (9,83) 153
(10,82) (10,83) 63
(1,83) (1,84) 135
(2,83) (2,84) 86
(3,83) (3,84) 120
(4,83) (4,84) 56
(5,83) (5,84) 56
(6,83) (6,84) 115
(7,83) (7,84) 103
(8,83) (8,84) 87
(9,83) (9,84) 104
(10,83) (10,84) 112
(1,84) (1,85) 126
(2,84) (2,85) 134
(3,84) (3,85) 65
(4,84) (4,85) 63
(5,84) (5,85) 139
(6,84) (6,85) 137
(7,84) (7,85) 120
(8,84) (8,85) 65
(9,84) (9,85) 106
(10,84) (10,85) 83
(1,85) (1,86) 101
(2,85) (2,86) 114
(3,85) (3,86) 144
(4,85) (4,86) 146
(5,85) (5,86) 78
(6,85) (6,86) 71
(7,85) (7,86) 84
(8,85) (8,86) 66
(9,85) (9,86) 137
(10,85) (10,86) 59
(1,86) (1,87) 125
(2,86) (2,87) 105
(3,86) (3,87) 59
(4,86) (4,87) 135
(5,86) (5,87) 115
(6,86) (6,87) 73
(7,86) (7,87) 137
(8,86) (8,87) 150
(9,86) (9,87) 101
(10,86) (10,87) 57
(1,87) (1,88) 129
(2,87) (2,88) 82
(3,87) (3,88) 144
(4,87) (4,88) 105
(5,87) (5,88) 133
(6,87) (6,88) 128
(7,87) (7,88) 63
(8,87) (8,88) 108
(9,87) (9,88) 136
(10,87) (10,88) 97
(1,88) (1,89) 147
(2,88) (2,89) 140
(3,88) (3,89) 106
(4,88) (4,89) 73
(5,88) (5,89) 109
(6,88) (6,89) 85
(7,88) (7,89) 63
(8,88) (8,89) 140
(9,88) (9,89) 70
(10,88) (10,89) 127
(1,89) (1,90) 63
(2,89) (2,90) 140
(3,89) (3,90) 130
(4,89) (4,90) 74
(5,89) (5,90) 133
(6,89) (6,90) 126
(7,89) (7,90) 138
(8,89) (8,90) 96
(9,89) (9,90) 126
(10,89) (10,90) 82
(1,90) (1,91) 121
(2,90) (2,91) 154
(3,90) (3,91) 94
(4,90) (4,91) 134
(5,90) (5,91) 111
(6,90) (6,91) 89
(7,90) (7,91) 122
(8,90) (8,91) 116
(9,90) (9,91) 102
(10,90) (10,91) 100
(1,91) (1,92) 148
(2,91) (2,92) 119
(3,91) (3,92) 57
(4,91) (4,92) 150
(5,91) (5,92) 56
(6,91) (6,92) 95
(7,91) (7,92) 114
(8,91) (8,92) 69
(9,91) (9,92) 80
(10,91) (10,92) 129
(1,92) (1,93) 83
(2,92) (2,93) 154
(3,92) (3,93) 104
(4,92) (4,93) 91
(5,92) (5,93) 132
(6,92) (6,93) 81
(7,92) (7,93) 92
(8,92) (8,93) 90
(9,92) (9,93) 61
(10,92) (10,93) 106
(1,93) (1,94) 59
(2,93) (2,94) 133
(3,93) (3,94) 120
(4,93) (4,94) 126
(5,93) (5,94) 60
(6,93) (6,94) 109
(7,93) (7,94) 119
(8,93) (8,94) 144
(9,93) (9,94) 132
(10,93) (10,94) 126
(1,94) (1,95) 128
(2,94) (2,95) 83
(3,94) (3,95) 116
(4,94) (4,95) 121
(5,94) (5,95) 125
(6,94) (6,95) 76
(7,94) (7,95) 88
(8,94) (8,95) 74
(9,94) (9,95) 111
(10,94) (10,95) 118
(1,95) (1,96) 113
(2,95) (2,96) 62
(3,95) (3,96) 62
(4,95) (4,96) 98
(5,95) (5,96) 140
(6,95) (6,96) 138
(7,95) (7,96) 148
(8,95) (8,96) 126
(9,95) (9,96) 57
(10,95) (10,96) 87
(1,96) (1,97) 131
(2,96) (2,97) 146
(3,96) (3,97) 107
(4,96) (4,97) 73
(5,96) (5,97) 145
(6,96) (6,97) 93
(7,96) (7,97) 137
(8,96) (8,97) 70
(9,96) (9,97) 115
(10,96) (10,97) 134
(1,97) (1,98) 94
(2,97) (2,98) 71
(3,97) (3,98) 154
(4,97) (4,98) 103
(5,97) (5,98) 58
(6,97) (6,98) 66
(7,97) (7,98) 62
(8,97) (8,98) 107
(9,97) (9,98) 62
(10,97) (10,98) 112
(1,98) (1,99) 116
(2,98) (2,99) 108
(3,98) (3,99) 59
(4,98) (4,99) 76
(5,98) (5,99) 56
(6,98) (6,99) 116
(7,98) (7,99) 66
(8,98) (8,99) 150
(9,98) (9,99) 84
(10,98) (10,99) 137
(1,99) (1,100) 115
(2,99) (2,100) 121
(3,99) (3,100) 137
(4,99) (4,100) 109
(5,99) (5,100) 108
(6,99) (6,100) 94
(7,99) (7,100) 144
(8,99) (8,100) 139
(9,99) (9,100) 77
(10,99) (10,100) 77
(1,1) (2,1) 56
(2,1) (1,1) 148
(2,1) (3,1) 150
(3,1) (2,1) 87
(3,1) (4,1) 74
(4,1) (3,1) 70
(4,1) (5,1) 92
(5,1) (4,1) 127
(5,1) (6,1) 122
(6,1) (5,1) 119
(6,1) (7,1) 130
(7,1) (6,1) 67
(7,1) (8,1) 122
(8,1) (7,1) 67
(8,1) (9,1) 97
(9,1) (8,1) 58
(9,1) (10,1) 125
(10,1) (9,1) 111
(1,2) (2,2) 56
(2,2) (1,2) 79
(2,2) (3,2) 134
(3,2) (2,2) 142
(3,2) (4,2) 58
(4,2) (3,2) 57
(4,2) (5,2) 59
(5,2) (4,2) 58
(5,2) (6,2) 136
(6,2) (5,2) 134
(6,2) (7,2) 93
(7,2) (6,2) 124
(7,2) (8,2) 146
(8,2) (7,2) 95
(8,2) (9,2) 57
(9,2) (8,2) 142
(9,2) (10,2) 86
(10,2) (9,2) 138
(1,3) (2,3) 82
(2,3) (1,3) 66
(2,3) (3,3) 150
(3,3) (2,3) 55
(3,3) (4,3) 114
(4,3) (3,3) 75
(4,3) (5,3) 136
(5,3) (4,3) 117
(5,3) (6,3) 76
(6,3) (5,3) 63
(6,3) (7,3) 119
(7,3) (6,3) 72
(7,3) (8,3) 84
(8,3) (7,3) 128
(8,3) (9,3) 128
(9,3) (8,3) 64
(9,3) (10,3) 81
(10,3) (9,3) 93
(1,4) (2,4) 103
(2,4) (1,4) 86
(2,4) (3,4) 92
(3,4) (2,4) 142
(3,4) (4,4) 116
(4,4) (3,4) 143
(4,4) (5,4) 92
(5,4) (4,4) 116
(5,4) (6,4) 143
(6,4) (5,4) 131
(6,4) (7,4) 96
(7,4) (6,4) 95
(7,4) (8,4) 144
(8,4) (7,4) 87
(8,4) (9,4) 65
(9,4) (8,4) 89
(9,4) (10,4) 103
(10,4) (9,4) 142
(1,5) (2,5) 117
(2,5) (1,5) 111
(2,5) (3,5) 136
(3,5) (2,5) 90
(3,5) (4,5) 78
(4,5) (3,5) 132
(4,5) (5,5) 90
(5,5) (4,5) 123
(5,5) (6,5) 62
(6,5) (5,5) 98
(6,5) (7,5) 128
(7,5) (6,5) 98
(7,5) (8,5) 73
(8,5) (7,5) 58
(8,5) (9,5) 149
(9,5) (8,5) 144
(9,5) (10,5) 105
(10,5) (9,5) 108
(1,6) (2,6) 133
(2,6) (1,6) 118
(2,6) (3,6) 138
(3,6) (2,6) 144
(3,6) (4,6) 77
(4,6) (3,6) 137
(4,6) (5,6) 107
(5,6) (4,6) 111
(5,6) (6,6) 98
(6,6) (5,6) 71
(6,6) (7,6) 123
(7,6) (6,6) 109
(7,6) (8,6) 111
(8,6) (7,6) 144
(8,6) (9,6) 77
(9,6) (8,6) 85
(9,6) (10,6) 110
(10,6) (9,6) 152
(1,7) (2,7) 108
(2,7) (1,7) 71
(2,7) (3,7) 70
(3,7) (2,7) 154
(3,7) (4,7) 87
(4,7) (3,7) 74
(4,7) (5,7) 78
(5,7) (4,7) 138
(5,7) (6,7) 70
(6,7) (5,7) 121
(6,7) (7,7) 65
(7,7) (6,7) 115
(7,7) (8,7) 133
(8,7) (7,7) 149
(8,7) (9,7) 133
(9,7) (8,7) 115
(9,7) (10,7) 105
(10,7) (9,7) 66
(1,8) (2,8) 122
(2,8) (1,8) 61
(2,8) (3,8) 150
(3,8) (2,8) 80
(3,8) (4,8) 149
(4,8) (3,8) 134
(4,8) (5,8) 125
(5,8) (4,8) 68
(5,8) (6,8) 87
(6,8) (5,8) 78
(6,8) (7,8) 103
(7,8) (6,8) 78
(7,8) (8,8) 57
(8,8) (7,8) 101
(8,8) (9,8) 98
(9,8) (8,8) 78
(9,8) (10,8) 65
(10,8) (9,8) 149
(1,9) (2,9) 94
(2,9) (1,9) 88
(2,9) (3,9) 135
(3,9) (2,9) 145
(3,9) (4,9) 85
(4,9) (3,9) 118
(4,9) (5,9) 133
(5,9) (4,9) 92
(5,9) (6,9) 141
(6,9) (5,9) 56
(6,9) (7,9) 77
(7,9) (6,9) 78
(7,9) (8,9) 71
(8,9) (7,9) 71
(8,9) (9,9) 110
(9,9) (8,9) 116
(9,9) (10,9) 78
(10,9) (9,9) 55
(1,10) (2,10) 138
(2,10) (1,10) 104
(2,10) (3,10) 129
(3,10) (2,10) 88
(3,10) (4,10) 70
(4,10) (3,10) 107
(4,10) (5,10) 110
(5,10) (4,10) 96
(5,10) (6,10) 115
(6,10) (5,10) 146
(6,10) (7,10) 128
(7,10) (6,10) 126
(7,10) (8,10) 66
(8,10) (7,10) 72
(8,10) (9,10) 108
(9,10) (8,10) 59
(9,10) (10,10) 67
(10,10) (9,10) 86
(1,11) (2,11) 116
(2,11) (1,11) 149
(2,11) (3,11) 116
(3,11) (2,11) 78
(3,11) (4,11) 133
(4,11) (3,11) 94
(4,11) (5,11) 81
(5,11) (4,11) 66
(5,11) (6,11) 87
(6,11) (5,11) 131
(6,11) (7,11) 100
(7,11) (6,11) 121
(7,11) (8,11) 83
(8,11) (7,11) 126
(8,11) (9,11) 63
(9,11) (8,11) 100
(9,11) (10,11) 97
(10,11) (9,11) 76
(1,12) (2,12) 125
(2,12) (1,12) 147
(2,12) (3,12) 88
(3,12) (2,12) 83
(3,12) (4,12) 118
(4,12) (3,12) 123
(4,12) (5,12) 71
(5,12) (4,12) 107
(5,12) (6,12) 74
(6,12) (5,12) 84
(6,12) (7,12) 109
(7,12) (6,12) 127
(7,12) (8,12) 134
(8,12) (7,12) 67
(8,12) (9,12) 69
(9,12) (8,12) 103
(9,12) (10,12) 148
(10,12) (9,12) 137
(1,13) (2,13) 120
(2,13) (1,13) 91
(2,13) (3,13) 101
(3,13) (2,13) 125
(3,13) (4,13) 145
(4,13) (3,13) 103
(4,13) (5,13) 104
(5,13) (4,13) 128
(5,13) (6,13) 81
(6,13) (5,13) 145
(6,13) (7,13) 153
(7,13) (6,13) 120
(7,13) (8,13) 111
(8,13) (7,13) 87
(8,13) (9,13) 103
(9,13) (8,13) 142
(9,13) (10,13) 138
(10,13) (9,13) 142
(1,14) (2,14) 139
(2,14) (1,14) 84
(2,14) (3,14) 93
(3,14) (2,14) 78
(3,14) (4,14) 91
(4,14) (3,14) 123
(4,14) (5,14) 56
(5,14) (4,14) 81
(5,14) (6,14) 100
(6,14) (5,14) 62
(6,14) (7,14) 119
(7,14) (6,14) 146
(7,14) (8,14) 105
(8,14) (7,14) 146
(8,14) (9,14) 144
(9,14) (8,14) 150
(9,14) (10,14) 124
(10,14) (9,14) 153
(1,15) (2,15) 141
(2,15) (1,15) 109
(2,15) (3,15) 118
(3,15) (2,15) 86
(3,15) (4,15) 139
(4,15) (3,15) 83
(4,15) (5,15) 151
(5,15) (4,15) 110
(5,15) (6,15) 153
(6,15) (5,15) 131
(6,15) (7,15) 72
(7,15) (6,15) 73
(7,15) (8,15) 87
(8,15) (7,15) 146
(8,15) (9,15) 55
(9,15) (8,15) 60
(9,15) (10,15) 124
(10,15) (9,15) 113
(1,16) (2,16) 148
(2,16) (1,16) 104
(2,16) (3,16) 102
(3,16) (2,16) 65
(3,16) (4,16) 129
(4,16) (3,16) 149
(4,16) (5,16) 114
(5,16) (4,16) 115
(5,16) (6,16) 71
(6,16) (5,16) 84
(6,16) (7,16) 66
(7,16) (6,16) 71
(7,16) (8,16) 88
(8,16) (7,16) 143
(8,16) (9,16) 84
(9,16) (8,16) 86
(9,16) (10,16) 67
(10,16) (9,16) 58
(1,17) (2,17) 138
(2,17) (1,17) 121
(2,17) (3,17) 67
(3,17) (2,17) 111
(3,17) (4,17) 126
(4,17) (3,17) 87
(4,17) (5,17) 109
(5,17) (4,17) 111
(5,17) (6,17) 145
(6,17) (5,17) 70
(6,17) (7,17) 104
(7,17) (6,17) 116
(7,17) (8,17) 131
(8,17) (7,17) 73
(8,17) (9,17) 78
(9,17) (8,17) 72
(9,17) (10,17) 119
(10,17) (9,17) 74
(1,18) (2,18) 85
(2,18) (1,18) 112
(2,18) (3,18) 58
(3,18) (2,18) 102
(3,18) (4,18) 147
(4,18) (3,18) 127
(4,18) (5,18) 81
(5,18) (4,18) 151
(5,18) (6,18) 112
(6,18) (5,18) 90
(6,18) (7,18) 148
(7,18) (6,18) 71
(7,18) (8,18) 67
(8,18) (7,18) 96
(8,18) (9,18) 57
(9,18) (8,18) 142
(9,18) (10,18) 76
(10,18) (9,18) 94
(1,19) (2,19) 130
(2,19) (1,19) 70
(2,19) (3,19) 65
(3,19) (2,19) 88
(3,19) (4,19) 109
(4,19) (3,19) 119
(4,19) (5,19) 119
(5,19) (4,19) 84
(5,19) (6,19) 94
(6,19) (5,19) 127
(6,19) (7,19) 56
(7,19) (6,19) 149
(7,19) (8,19) 58
(8,19) (7,19) 144
(8,19) (9,19) 151
(9,19) (8,19) 125
(9,19) (10,19) 59
(10,19) (9,19) 116
(1,20) (2,20) 89
(2,20) (1,20) 91
(2,20) (3,20) 139
(3,20) (2,20) 86
(3,20) (4,20) 151
(4,20) (3,20) 83
(4,20) (5,20) 83
(5,20) (4,20) 62
(5,20) (6,20) 81
(6,20) (5,20) 72
(6,20) (7,20) 121
(7,20) (6,20) 119
(7,20) (8,20) 74
(8,20) (7,20) 125
(8,20) (9,20) 146
(9,20) (8,20) 138
(9,20) (10,20) 141
(10,20) (9,20) 121
(1,21) (2,21) 66
(2,21) (1,21) 113
(2,21) (3,21) 144
(3,21) (2,21) 152
(3,21) (4,21) 109
(4,21) (3,21) 125
(4,21) (5,21) 107
(5,21) (4,21) 150
(5,21) (6,21) 132
(6,21) (5,21) 56
(6,21) (7,21) 153
(7,21) (6,21) 86
(7,21) (8,21) 133
(8,21) (7,21) 143
(8,21) (9,21) 124
(9,21) (8,21) 61
(9,21) (10,21) 109
(10,21) (9,21) 107
(1,22) (2,22) 75
(2,22) (1,22) 59
(2,22) (3,22) 56
(3,22) (2,22) 65
(3,22) (4,22) 149
(4,22) (3,22) 99
(4,22) (5,22) 66
(5,22) (4,22) 64
(5,22) (6,22) 120
(6,22) (5,22) 106
(6,22) (7,22) 64
(7,22) (6,22) 74
(7,22) (8,22) 88
(8,22) (7,22) 117
(8,22) (9,22) 77
(9,22) (8,22) 130
(9,22) (10,22) 135
(10,22) (9,22) 120
(1,23) (2,23) 69
(2,23) (1,23) 145
(2,23) (3,23) 138
(3,23) (2,23) 123
(3,23) (4,23) 109
(4,23) (3,23) 110
(4,23) (5,23) 61
(5,23) (4,23) 140
(5,23) (6,23) 85
(6,23) (5,23) 140
(6,23) (7,23) 136
(7,23) (6,23) 80
(7,23) (8,23) 58
(8,23) (7,23) 71
(8,23) (9,23) 154
(9,23) (8,23) 148
(9,23) (10,23) 147
(10,23) (9,23) 146
(1,24) (2,24) 80
(2,24) (1,24) 72
(2,24) (3,24) 143
(3,24) (2,24) 152
(3,24) (4,24) 103
(4,24) (3,24) 102
(4,24) (5,24) 74
(5,24) (4,24) 90
(5,24) (6,24) 110
(6,24) (5,24) 88
(6,24) (7,24) 62
(7,24) (6,24) 101
(7,24) (8,24) 95
(8,24) (7,24) 111
(8,24) (9,24) 140
(9,24) (8,24) 81
(9,24) (10,24) 153
(10,24) (9,24) 101
(1,25) (2,25) 60
(2,25) (1,25) 145
(2,25) (3,25) 133
(3,25) (2,25) 111
(3,25) (4,25) 90
(4,25) (3,25) 132
(4,25) (5,25) 149
(5,25) (4,25) 124
(5,25) (6,25) 143
(6,25) (5,25) 129
(6,25) (7,25) 81
(7,25) (6,25) 138
(7,25) (8,25) 144
(8,25) (7,25) 111
(8,25) (9,25) 93
(9,25) (8,25) 55
(9,25) (10,25) 122
(10,25) (9,25) 75
(1,26) (2,26) 132
(2,26) (1,26) 149
(2,26) (3,26) 147
(3,26) (2,26) 114
(3,26) (4,26) 100
(4,26) (3,26) 98
(4,26) (5,26) 128
(5,26) (4,26) 148
(5,26) (6,26) 82
(6,26) (5,26) 102
(6,26) (7,26) 120
(7,26) (6,26) 103
(7,26) (8,26) 81
(8,26) (7,26) 111
(8,26) (9,26) 146
(9,26) (8,26) 82
(9,26) (10,26) 103
(10,26) (9,26) 91
(1,27) (2,27) 104
(2,27) (1,27) 69
(2,27) (3,27) 76
(3,27) (2,27) 138
(3,27) (4,27) 136
(4,27) (3,27) 98
(4,27) (5,27) 152
(5,27) (4,27) 55
(5,27) (6,27) 75
(6,27) (5,27) 154
(6,27) (7,27) 124
(7,27) (6,27) 112
(7,27) (8,27) 60
(8,27) (7,27) 106
(8,27) (9,27) 149
(9,27) (8,27) 90
(9,27) (10,27) 83
(10,27) (9,27) 150
(1,28) (2,28) 137
(2,28) (1,28) 92
(2,28) (3,28) 140
(3,28) (2,28) 111
(3,28) (4,28) 114
(4,28) (3,28) 73
(4,28) (5,28) 120
(5,28) (4,28) 113
(5,28) (6,28) 117
(6,28) (5,28) 61
(6,28) (7,28) 103
(7,28) (6,28) 128
(7,28) (8,28) 92
(8,28) (7,28) 80
(8,28) (9,28) 83
(9,28) (8,28) 57
(9,28) (10,28) 149
(10,28) (9,28) 97
(1,29) (2,29) 80
(2,29) (1,29) 121
(2,29) (3,29) 67
(3,29) (2,29) 133
(3,29) (4,29) 145
(4,29) (3,29) 121
(4,29) (5,29) 94
(5,29) (4,29) 112
(5,29) (6,29) 88
(6,29) (5,29) 112
(6,29) (7,29) 79
(7,29) (6,29) 59
(7,29) (8,29) 142
(8,29) (7,29) 106
(8,29) (9,29) 134
(9,29) (8,29) 101
(9,29) (10,29) 74
(10,29) (9,29) 87
(1,30) (2,30) 85
(2,30) (1,30) 144
(2,30) (3,30) 88
(3,30) (2,30) 73
(3,30) (4,30) 122
(4,30) (3,30) 139
(4,30) (5,30) 94
(5,30) (4,30) 132
(5,30) (6,30) 80
(6,30) (5,30) 109
(6,30) (7,30) 63
(7,30) (6,30) 150
(7,30) (8,30) 127
(8,30) (7,30) 97
(8,30) (9,30) 128
(9,30) (8,30) 119
(9,30) (10,30) 106
(10,30) (9,30) 101
(1,31) (2,31) 112
(2,31) (1,31) 111
(2,31) (3,31) 143
(3,31) (2,31) 118
(3,31) (4,31) 144
(4,31) (3,31) 59
(4,31) (5,31) 98
(5,31) (4,31) 110
(5,31) (6,31) 104
(6,31) (5,31) 78
(6,31) (7,31) 82
(7,31) (6,31) 109
(7,31) (8,31) 137
(8,31) (7,31) 108
(8,31) (9,31) 141
(9,31) (8,31) 110
(9,31) (10,31) 116
(10,31) (9,31) 74
(1,32) (2,32) 143
(2,32) (1,32) 126
(2,32) (3,32) 140
(3,32) (2,32) 109
(3,32) (4,32) 91
(4,32) (3,32) 55
(4,32) (5,32) 116
(5,32) (4,32) 106
(5,32) (6,32) 90
(6,32) (5,32) 102
(6,32) (7,32) 60
(7,32) (6,32) 83
(7,32) (8,32) 117
(8,32) (7,32) 147
(8,32) (9,32) 122
(9,32) (8,32) 71
(9,32) (10,32) 57
(10,32) (9,32) 139
(1,33) (2,33) 136
(2,33) (1,33) 56
(2,33) (3,33) 74
(3,33) (2,33) 72
(3,33) (4,33) 106
(4,33) (3,33) 74
(4,33) (5,33) 85
(5,33) (4,33) 113
(5,33) (6,33) 58
(6,33) (5,33) 97
(6,33) (7,33) 112
(7,33) (6,33) 60
(7,33) (8,33) 85
(8,33) (7,33) 123
(8,33) (9,33) 112
(9,33) (8,33) 125
(9,33) (10,33) 60
(10,33) (9,33) 128
(1,34) (2,34) 89
(2,34) (1,34) 118
(2,34) (3,34) 115
(3,34) (2,34) 55
(3,34) (4,34) 59
(4,34) (3,34) 77
(4,34) (5,34) 87
(5,34) (4,34) 122
(5,34) (6,34) 88
(6,34) (5,34) 151
(6,34) (7,34) 118
(7,34) (6,34) 91
(7,34) (8,34) 126
(8,34) (7,34) 133
(8,34) (9,34) 106
(9,34) (8,34) 137
(9,34) (10,34) 91
(10,34) (9,34) 149
(1,35) (2,35) 150
(2,35) (1,35) 134
(2,35) (3,35) 76
(3,35) (2,35) 60
(3,35) (4,35) 133
(4,35) (3,35) 110
(4,35) (5,35) 88
(5,35) (4,35) 122
(5,35) (6,35) 125
(6,35) (5,35) 146
(6,35) (7,35) 118
(7,35) (6,35) 56
(7,35) (8,35) 64
(8,35) (7,35) 104
(8,35) (9,35) 98
(9,35) (8,35) 117
(9,35) (10,35) 107
(10,35) (9,35) 83
(1,36) (2,36) 137
(2,36) (1,36) 89
(2,36) (3,36) 70
(3,36) (2,36) 79
(3,36) (4,36) 114
(4,36) (3,36) 64
(4,36) (5,36) 120
(5,36) (4,36) 98
(5,36) (6,36) 102
(6,36) (5,36) 66
(6,36) (7,36) 108
(7,36) (6,36) 90
(7,36) (8,36) 97
(8,36) (7,36) 76
(8,36) (9,36) 94
(9,36) (8,36) 130
(9,36) (10,36) 142
(10,36) (9,36) 82
(1,37) (2,37) 105
(2,37) (1,37) 101
(2,37) (3,37) 82
(3,37) (2,37) 116
(3,37) (4,37) 138
(4,37) (3,37) 130
(4,37) (5,37) 88
(5,37) (4,37) 120
(5,37) (6,37) 81
(6,37) (5,37) 150
(6,37) (7,37) 66
(7,37) (6,37) 58
(7,37) (8,37) 108
(8,37) (7,37) 84
(8,37) (9,37) 144
(9,37) (8,37) 126
(9,37) (10,37) 145
(10,37) (9,37) 111
(1,38) (2,38) 69
(2,38) (1,38) 79
(2,38) (3,38) 85
(3,38) (2,38) 71
(3,38) (4,38) 60
(4,38) (3,38) 117
(4,38) (5,38) 151
(5,38) (4,38) 74
(5,38) (6,38) 123
(6,38) (5,38) 142
(6,38) (7,38) 125
(7,38) (6,38) 138
(7,38) (8,38) 120
(8,38) (7,38) 151
(8,38) (9,38) 103
(9,38) (8,38) 59
(9,38) (10,38) 122
(10,38) (9,38) 130
(1,39) (2,39) 83
(2,39) (1,39) 83
(2,39) (3,39) 123
(3,39) (2,39) 124
(3,39) (4,39) 110
(4,39) (3,39) 106
(4,39) (5,39) 116
(5,39) (4,39) 59
(5,39) (6,39) 122
(6,39) (5,39) 116
(6,39) (7,39) 65
(7,39) (6,39) 149
(7,39) (8,39) 147
(8,39) (7,39) 154
(8,39) (9,39) 103
(9,39) (8,39) 112
(9,39) (10,39) 119
(10,39) (9,39) 148
(1,40) (2,40) 140
(2,40) (1,40) 99
(2,40) (3,40) 94
(3,40) (2,40) 106
(3,40) (4,40) 143
(4,40) (3,40) 99
(4,40) (5,40) 151
(5,40) (4,40) 126
(5,40) (6,40) 57
(6,40) (5,40) 132
(6,40) (7,40) 55
(7,40) (6,40) 102
(7,40) (8,40) 60
(8,40) (7,40) 131
(8,40) (9,40) 96
(9,40) (8,40) 60
(9,40) (10,40) 110
(10,40) (9,40) 72
(1,41) (2,41) 89
(2,41) (1,41) 99
(2,41) (3,41) 142
(3,41) (2,41) 113
(3,41) (4,41) 61
(4,41) (3,41) 86
(4,41) (5,41) 91
(5,41) (4,41) 97
(5,41) (6,41) 93
(6,41) (5,41) 127
(6,41) (7,41) 106
(7,41) (6,41) 127
(7,41) (8,41) 136
(8,41) (7,41) 128
(8,41) (9,41) 127
(9,41) (8,41) 115
(9,41) (10,41) 122
(10,41) (9,41) 81
(1,42) (2,42) 131
(2,42) (1,42) 55
(2,42) (3,42) 120
(3,42) (2,42) 91
(3,42) (4,42) 142
(4,42) (3,42) 152
(4,42) (5,42) 152
(5,42) (4,42) 66
(5,42) (6,42) 88
(6,42) (5,42) 136
(6,42) (7,42) 57
(7,42) (6,42) 83
(7,42) (8,42) 58
(8,42) (7,42) 128
(8,42) (9,42) 99
(9,42) (8,42) 105
(9,42) (10,42) 126
(10,42) (9,42) 107
(1,43) (2,43) 81
(2,43) (1,43) 81
(2,43) (3,43) 83
(3,43) (2,43) 82
(3,43) (4,43) 83
(4,43) (3,43) 82
(4,43) (5,43) 56
(5,43) (4,43) 116
(5,43) (6,43) 106
(6,43) (5,43) 103
(6,43) (7,43) 56
(7,43) (6,43) 89
(7,43) (8,43) 63
(8,43) (7,43) 152
(8,43) (9,43) 81
(9,43) (8,43) 142
(9,43) (10,43) 129
(10,43) (9,43) 147
(1,44) (2,44) 94
(2,44) (1,44) 131
(2,44) (3,44) 115
(3,44) (2,44) 154
(3,44) (4,44) 121
(4,44) (3,44) 89
(4,44) (5,44) 126
(5,44) (4,44) 123
(5,44) (6,44) 57
(6,44) (5,44) 145
(6,44) (7,44) 87
(7,44) (6,44) 133
(7,44) (8,44) 69
(8,44) (7,44) 107
(8,44) (9,44) 142
(9,44) (8,44) 135
(9,44) (10,44) 108
(10,44) (9,44) 104
(1,45) (2,45) 80
(2,45) (1,45) 152
(2,45) (3,45) 102
(3,45) (2,45) 122
(3,45) (4,45) 119
(4,45) (3,45) 117
(4,45) (5,45) 72
(5,45) (4,45) 77
(5,45) (6,45) 128
(6,45) (5,45) 134
(6,45) (7,45) 119
(7,45) (6,45) 123
(7,45) (8,45) 96
(8,45) (7,45) 67
(8,45) (9,45) 73
(9,45) (8,45) 117
(9,45) (10,45) 144
(10,45) (9,45) 95
(1,46) (2,46) 69
(2,46) (1,46) 154
(2,46) (3,46) 128
(3,46) (2,46) 148
(3,46) (4,46) 114
(4,46) (3,46) 138
(4,46) (5,46) 103
(5,46) (4,46) 91
(5,46) (6,46) 136
(6,46) (5,46) 75
(6,46) (7,46) 125
(7,46) (6,46) 143
(7,46) (8,46) 123
(8,46) (7,46) 76
(8,46) (9,46) 73
(9,46) (8,46) 73
(9,46) (10,46) 116
(10,46) (9,46) 126
(1,47) (2,47) 62
(2,47) (1,47) 138
(2,47) (3,47) 150
(3,47) (2,47) 60
(3,47) (4,47) 114
(4,47) (3,47) 148
(4,47) (5,47) 118
(5,47) (4,47) 131
(5,47) (6,47) 71
(6,47) (5,47) 127
(6,47) (7,47) 120
(7,47) (6,47) 83
(7,47) (8,47) 98
(8,47) (7,47) 93
(8,47) (9,47) 126
(9,47) (8,47) 74
(9,47) (10,47) 149
(10,47) (9,47) 66
(1,48) (2,48) 146
(2,48) (1,48) 63
(2,48) (3,48) 140
(3,48) (2,48) 62
(3,48) (4,48) 105
(4,48) (3,48) 100
(4,48) (5,48) 121
(5,48) (4,48) 93
(5,48) (6,48) 114
(6,48) (5,48) 81
(6,48) (7,48) 74
(7,48) (6,48) 120
(7,48) (8,48) 66
(8,48) (7,48) 116
(8,48) (9,48) 131
(9,48) (8,48) 153
(9,48) (10,48) 78
(10,48) (9,48) 56
(1,49) (2,49) 64
(2,49) (1,49) 121
(2,49) (3,49) 66
(3,49) (2,49) 122
(3,49) (4,49) 109
(4,49) (3,49) 100
(4,49) (5,49) 82
(5,49) (4,49) 80
(5,49) (6,49) 110
(6,49) (5,49) 98
(6,49) (7,49) 122
(7,49) (6,49) 87
(7,49) (8,49) 151
(8,49) (7,49) 141
(8,49) (9,49) 71
(9,49) (8,49) 120
(9,49) (10,49) 113
(10,49) (9,49) 86
(1,50) (2,50) 101
(2,50) (1,50) 86
(2,50) (3,50) 126
(3,50) (2,50) 113
(3,50) (4,50) 92
(4,50) (3,50) 103
(4,50) (5,50) 138
(5,50) (4,50) 73
(5,50) (6,50) 96
(6,50) (5,50) 63
(6,50) (7,50) 103
(7,50) (6,50) 132
(7,50) (8,50) 101
(8,50) (7,50) 64
(8,50) (9,50) 144
(9,50) (8,50) 70
(9,50) (10,50) 131
(10,50) (9,50) 140
(1,51) (2,51) 146
(2,51) (1,51) 148
(2,51) (3,51) 87
(3,51) (2,51) 113
(3,51) (4,51) 88
(4,51) (3,51) 121
(4,51) (5,51) 119
(5,51) (4,51) 111
(5,51) (6,51) 73
(6,51) (5,51) 101
(6,51) (7,51) 149
(7,51) (6,51) 154
(7,51) (8,51) 136
(8,51) (7,51) 56
(8,51) (9,51) 60
(9,51) (8,51) 73
(9,51) (10,51) 108
(10,51) (9,51) 142
(1,52) (2,52) 82
(2,52) (1,52) 118
(2,52) (3,52) 130
(3,52) (2,52) 81
(3,52) (4,52) 98
(4,52) (3,52) 69
(4,52) (5,52) 84
(5,52) (4,52) 66
(5,52) (6,52) 62
(6,52) (5,52) 101
(6,52) (7,52) 120
(7,52) (6,52) 150
(7,52) (8,52) 85
(8,52) (7,52) 81
(8,52) (9,52) 70
(9,52) (8,52) 68
(9,52) (10,52) 68
(10,52) (9,52) 152
(1,53) (2,53) 111
(2,53) (1,53) 60
(2,53) (3,53) 74
(3,53) (2,53) 131
(3,53) (4,53) 71
(4,53) (3,53) 66
(4,53) (5,53) 55
(5,53) (4,53) 152
(5,53) (6,53) 118
(6,53) (5,53) 124
(6,53) (7,53) 146
(7,53) (6,53) 76
(7,53) (8,53) 143
(8,53) (7,53) 150
(8,53) (9,53) 83
(9,53) (8,53) 75
(9,53) (10,53) 145
(10,53) (9,53) 108
(1,54) (2,54) 80
(2,54) (1,54) 116
(2,54) (3,54) 88
(3,54) (2,54) 115
(3,54) (4,54) 134
(4,54) (3,54) 133
(4,54) (5,54) 64
(5,54) (4,54) 138
(5,54) (6,54) 112
(6,54) (5,54) 64
(6,54) (7,54) 106
(7,54) (6,54) 153
(7,54) (8,54) 152
(8,54) (7,54) 135
(8,54) (9,54) 136
(9,54) (8,54) 71
(9,54) (10,54) 108
(10,54) (9,54) 118
(1,55) (2,55) 137
(2,55) (1,55) 128
(2,55) (3,55) 129
(3,55) (2,55) 115
(3,55) (4,55) 134
(4,55) (3,55) 117
(4,55) (5,55) 98
(5,55) (4,55) 140
(5,55) (6,55) 148
(6,55) (5,55) 80
(6,55) (7,55) 120
(7,55) (6,55) 81
(7,55) (8,55) 136
(8,55) (7,55) 89
(8,55) (9,55) 77
(9,55) (8,55) 121
(9,55) (10,55) 106
(10,55) (9,55) 100
(1,56) (2,56) 72
(2,56) (1,56) 127
(2,56) (3,56) 66
(3,56) (2,56) 82
(3,56) (4,56) 148
(4,56) (3,56) 118
(4,56) (5,56) 88
(5,56) (4,56) 133
(5,56) (6,56) 128
(6,56) (5,56) 97
(6,56) (7,56) 62
(7,56) (6,56) 63
(7,56) (8,56) 127
(8,56) (7,56) 82
(8,56) (9,56) 100
(9,56) (8,56) 147
(9,56) (10,56) 144
(10,56) (9,56) 141
(1,57) (2,57) 109
(2,57) (1,57) 116
(2,57) (3,57) 62
(3,57) (2,57) 57
(3,57) (4,57) 105
(4,57) (3,57) 104
(4,57) (5,57) 103
(5,57) (4,57) 117
(5,57) (6,57) 111
(6,57) (5,57) 109
(6,57) (7,57) 59
(7,57) (6,57) 148
(7,57) (8,57) 142
(8,57) (7,57) 79
(8,57) (9,57) 108
(9,57) (8,57) 147
(9,57) (10,57) 143
(10,57) (9,57) 121
(1,58) (2,58) 76
(2,58) (1,58) 107
(2,58) (3,58) 102
(3,58) (2,58) 130
(3,58) (4,58) 67
(4,58) (3,58) 131
(4,58) (5,58) 130
(5,58) (4,58) 72
(5,58) (6,58) 108
(6,58) (5,58) 125
(6,58) (7,58) 74
(7,58) (6,58) 91
(7,58) (8,58) 147
(8,58) (7,58) 80
(8,58) (9,58) 107
(9,58) (8,58) 100
(9,58) (10,58) 121
(10,58) (9,58) 111
(1,59) (2,59) 72
(2,59) (1,59) 90
(2,59) (3,59) 91
(3,59) (2,59) 81
(3,59) (4,59) 154
(4,59) (3,59) 95
(4,59) (5,59) 124
(5,59) (4,59) 100
(5,59) (6,59) 76
(6,59) (5,59) 137
(6,59) (7,59) 95
(7,59) (6,59) 146
(7,59) (8,59) 138
(8,59) (7,59) 143
(8,59) (9,59) 126
(9,59) (8,59) 86
(9,59) (10,59) 110
(10,59) (9,59) 110
(1,60) (2,60) 122
(2,60) (1,60) 152
(2,60) (3,60) 72
(3,60) (2,60) 65
(3,60) (4,60) 131
(4,60) (3,60) 112
(4,60) (5,60) 113
(5,60) (4,60) 92
(5,60) (6,60) 66
(6,60) (5,60) 100
(6,60) (7,60) 139
(7,60) (6,60) 142
(7,60) (8,60) 154
(8,60) (7,60) 93
(8,60) (9,60) 92
(9,60) (8,60) 138
(9,60) (10,60) 109
(10,60) (9,60) 91
(1,61) (2,61) 92
(2,61) (1,61) 76
(2,61) (3,61) 57
(3,61) (2,61) 135
(3,61) (4,61) 88
(4,61) (3,61) 58
(4,61) (5,61) 56
(5,61) (4,61) 78
(5,61) (6,61) 153
(6,61) (5,61) 149
(6,61) (7,61) 72
(7,61) (6,61) 141
(7,61) (8,61) 106
(8,61) (7,61) 103
(8,61) (9,61) 136
(9,61) (8,61) 68
(9,61) (10,61) 152
(10,61) (9,61) 78
(1,62) (2,62) 135
(2,62) (1,62) 102
(2,62) (3,62) 140
(3,62) (2,62) 70
(3,62) (4,62) 114
(4,62) (3,62) 111
(4,62) (5,62) 74
(5,62) (4,62) 121
(5,62) (6,62) 94
(6,62) (5,62) 129
(6,62) (7,62) 73
(7,62) (6,62) 132
(7,62) (8,62) 72
(8,62) (7,62) 70
(8,62) (9,62) 78
(9,62) (8,62) 112
(9,62) (10,62) 107
(10,62) (9,62) 59
(1,63) (2,63) 59
(2,63) (1,63) 138
(2,63) (3,63) 152
(3,63) (2,63) 98
(3,63) (4,63) 113
(4,63) (3,63) 103
(4,63) (5,63) 83
(5,63) (4,63) 90
(5,63) (6,63) 90
(6,63) (5,63) 91
(6,63) (7,63) 69
(7,63) (6,63) 119
(7,63) (8,63) 145
(8,63) (7,63) 128
(8,63) (9,63) 114
(9,63) (8,63) 149
(9,63) (10,63) 55
(10,63) (9,63) 90
(1,64) (2,64) 131
(2,64) (1,64) 135
(2,64) (3,64) 136
(3,64) (2,64) 102
(3,64) (4,64) 110
(4,64) (3,64) 81
(4,64) (5,64) 139
(5,64) (4,64) 144
(5,64) (6,64) 109
(6,64) (5,64) 147
(6,64) (7,64) 115
(7,64) (6,64) 137
(7,64) (8,64) 132
(8,64) (7,64) 145
(8,64) (9,64) 143
(9,64) (8,64) 69
(9,64) (10,64) 150
(10,64) (9,64) 123
(1,65) (2,65) 82
(2,65) (1,65) 100
(2,65) (3,65) 76
(3,65) (2,65) 62
(3,65) (4,65) 116
(4,65) (3,65) 136
(4,65) (5,65) 134
(5,65) (4,65) 62
(5,65) (6,65) 116
(6,65) (5,65) 115
(6,65) (7,65) 79
(7,65) (6,65) 151
(7,65) (8,65) 94
(8,65) (7,65) 110
(8,65) (9,65) 75
(9,65) (8,65) 147
(9,65) (10,65) 56
(10,65) (9,65) 109
(1,66) (2,66) 96
(2,66) (1,66) 106
(2,66) (3,66) 134
(3,66) (2,66) 66
(3,66) (4,66) 143
(4,66) (3,66) 84
(4,66) (5,66) 109
(5,66) (4,66) 78
(5,66) (6,66) 125
(6,66) (5,66) 73
(6,66) (7,66) 114
(7,66) (6,66) 136
(7,66) (8,66) 118
(8,66) (7,66) 103
(8,66) (9,66) 147
(9,66) (8,66) 57
(9,66) (10,66) 149
(10,66) (9,66) 97
(1,67) (2,67) 97
(2,67) (1,67) 77
(2,67) (3,67) 126
(3,67) (2,67) 76
(3,67) (4,67) 140
(4,67) (3,67) 130
(4,67) (5,67) 129
(5,67) (4,67) 133
(5,67) (6,67) 154
(6,67) (5,67) 147
(6,67) (7,67) 133
(7,67) (6,67) 119
(7,67) (8,67) 139
(8,67) (7,67) 81
(8,67) (9,67) 77
(9,67) (8,67) 59
(9,67) (10,67) 147
(10,67) (9,67) 147
(1,68) (2,68) 74
(2,68) (1,68) 128
(2,68) (3,68) 141
(3,68) (2,68) 129
(3,68) (4,68) 90
(4,68) (3,68) 146
(4,68) (5,68) 75
(5,68) (4,68) 125
(5,68) (6,68) 113
(6,68) (5,68) 73
(6,68) (7,68) 57
(7,68) (6,68) 85
(7,68) (8,68) 119
(8,68) (7,68) 78
(8,68) (9,68) 142
(9,68) (8,68) 153
(9,68) (10,68) 130
(10,68) (9,68) 77
(1,69) (2,69) 62
(2,69) (1,69) 130
(2,69) (3,69) 121
(3,69) (2,69) 115
(3,69) (4,69) 153
(4,69) (3,69) 97
(4,69) (5,69) 138
(5,69) (4,69) 112
(5,69) (6,69) 93
(6,69) (5,69) 70
(6,69) (7,69) 77
(7,69) (6,69) 86
(7,69) (8,69) 69
(8,69) (7,69) 105
(8,69) (9,69) 75
(9,69) (8,69) 64
(9,69) (10,69) 94
(10,69) (9,69) 146
(1,70) (2,70) 107
(2,70) (1,70) 141
(2,70) (3,70) 98
(3,70) (2,70) 137
(3,70) (4,70) 90
(4,70) (3,70) 137
(4,70) (5,70) 135
(5,70) (4,70) 121
(5,70) (6,70) 82
(6,70) (5,70) 71
(6,70) (7,70) 66
(7,70) (6,70) 122
(7,70) (8,70) 121
(8,70) (7,70) 85
(8,70) (9,70) 102
(9,70) (8,70) 58
(9,70) (10,70) 112
(10,70) (9,70) 121
(1,71) (2,71) 97
(2,71) (1,71) 121
(2,71) (3,71) 128
(3,71) (2,71) 89
(3,71) (4,71) 153
(4,71) (3,71) 69
(4,71) (5,71) 100
(5,71) (4,71) 109
(5,71) (6,71) 63
(6,71) (5,71) 85
(6,71) (7,71) 121
(7,71) (6,71) 133
(7,71) (8,71) 130
(8,71) (7,71) 78
(8,71) (9,71) 103
(9,71) (8,71) 66
(9,71) (10,71) 75
(10,71) (9,71) 80
(1,72) (2,72) 66
(2,72) (1,72) 75
(2,72) (3,72) 86
(3,72) (2,72) 104
(3,72) (4,72) 110
(4,72) (3,72) 146
(4,72) (5,72) 132
(5,72) (4,72) 63
(5,72) (6,72) 75
(6,72) (5,72) 105
(6,72) (7,72) 60
(7,72) (6,72) 67
(7,72) (8,72) 132
(8,72) (7,72) 134
(8,72) (9,72) 145
(9,72) (8,72) 109
(9,72) (10,72) 122
(10,72) (9,72) 142
(1,73) (2,73) 112
(2,73) (1,73) 130
(2,73) (3,73) 130
(3,73) (2,73) 57
(3,73) (4,73) 83
(4,73) (3,73) 59
(4,73) (5,73) 97
(5,73) (4,73) 72
(5,73) (6,73) 74
(6,73) (5,73) 129
(6,73) (7,73) 108
(7,73) (6,73) 61
(7,73) (8,73) 59
(8,73) (7,73) 111
(8,73) (9,73) 144
(9,73) (8,73) 144
(9,73) (10,73) 134
(10,73) (9,73) 147
(1,74) (2,74) 114
(2,74) (1,74) 84
(2,74) (3,74) 131
(3,74) (2,74) 107
(3,74) (4,74) 153
(4,74) (3,74) 72
(4,74) (5,74) 99
(5,74) (4,74) 104
(5,74) (6,74) 150
(6,74) (5,74) 63
(6,74) (7,74) 84
(7,74) (6,74) 114
(7,74) (8,74) 109
(8,74) (7,74) 135
(8,74) (9,74) 94
(9,74) (8,74) 108
(9,74) (10,74) 130
(10,74) (9,74) 146
(1,75) (2,75) 60
(2,75) (1,75) 104
(2,75) (3,75) 90
(3,75) (2,75) 64
(3,75) (4,75) 113
(4,75) (3,75) 70
(4,75) (5,75) 105
(5,75) (4,75) 70
(5,75) (6,75) 140
(6,75) (5,75) 128
(6,75) (7,75) 108
(7,75) (6,75) 75
(7,75) (8,75) 103
(8,75) (7,75) 113
(8,75) (9,75) 92
(9,75) (8,75) 68
(9,75) (10,75) 104
(10,75) (9,75) 108
(1,76) (2,76) 74
(2,76) (1,76) 94
(2,76) (3,76) 135
(3,76) (2,76) 142
(3,76) (4,76) 62
(4,76) (3,76) 84
(4,76) (5,76) 85
(5,76) (4,76) 113
(5,76) (6,76) 128
(6,76) (5,76) 69
(6,76) (7,76) 78
(7,76) (6,76) 115
(7,76) (8,76) 78
(8,76) (7,76) 91
(8,76) (9,76) 95
(9,76) (8,76) 130
(9,76) (10,76) 152
(10,76) (9,76) 138
(1,77) (2,77) 136
(2,77) (1,77) 101
(2,77) (3,77) 129
(3,77) (2,77) 116
(3,77) (4,77) 148
(4,77) (3,77) 57
(4,77) (5,77) 111
(5,77) (4,77) 137
(5,77) (6,77) 132
(6,77) (5,77) 91
(6,77) (7,77) 147
(7,77) (6,77) 56
(7,77) (8,77) 92
(8,77) (7,77) 57
(8,77) (9,77) 95
(9,77) (8,77) 120
(9,77) (10,77) 70
(10,77) (9,77) 80
(1,78) (2,78) 116
(2,78) (1,78) 85
(2,78) (3,78) 77
(3,78) (2,78) 100
(3,78) (4,78) 148
(4,78) (3,78) 99
(4,78) (5,78) 125
(5,78) (4,78) 84
(5,78) (6,78) 137
(6,78) (5,78) 82
(6,78) (7,78) 90
(7,78) (6,78) 146
(7,78) (8,78) 100
(8,78) (7,78) 153
(8,78) (9,78) 143
(9,78) (8,78) 95
(9,78) (10,78) 70
(10,78) (9,78) 144
(1,79) (2,79) 66
(2,79) (1,79) 80
(2,79) (3,79) 137
(3,79) (2,79) 100
(3,79) (4,79) 130
(4,79) (3,79) 56
(4,79) (5,79) 78
(5,79) (4,79) 118
(5,79) (6,79) 124
(6,79) (5,79) 110
(6,79) (7,79) 127
(7,79) (6,79) 153
(7,79) (8,79) 98
(8,79) (7,79) 135
(8,79) (9,79) 68
(9,79) (8,79) 70
(9,79) (10,79) 121
(10,79) (9,79) 85
(1,80) (2,80) 100
(2,80) (1,80) 125
(2,80) (3,80) 143
(3,80) (2,80) 79
(3,80) (4,80) 118
(4,80) (3,80) 125
(4,80) (5,80) 59
(5,80) (4,80) 113
(5,80) (6,80) 137
(6,80) (5,80) 101
(6,80) (7,80) 145
(7,80) (6,80) 84
(7,80) (8,80) 146
(8,80) (7,80) 102
(8,80) (9,80) 110
(9,80) (8,80) 63
(9,80) (10,80) 68
(10,80) (9,80) 94
(1,81) (2,81) 56
(2,81) (1,81) 153
(2,81) (3,81) 67
(3,81) (2,81) 87
(3,81) (4,81) 142
(4,81) (3,81) 119
(4,81) (5,81) 130
(5,81) (4,81) 77
(5,81) (6,81) 92
(6,81) (5,81) 139
(6,81) (7,81) 114
(7,81) (6,81) 138
(7,81) (8,81) 62
(8,81) (7,81) 86
(8,81) (9,81) 152
(9,81) (8,81) 112
(9,81) (10,81) 75
(10,81) (9,81) 95
(1,82) (2,82) 82
(2,82) (1,82) 153
(2,82) (3,82) 149
(3,82) (2,82) 129
(3,82) (4,82) 64
(4,82) (3,82) 78
(4,82) (5,82) 91
(5,82) (4,82) 91
(5,82) (6,82) 98
(6,82) (5,82) 62
(6,82) (7,82) 56
(7,82) (6,82) 124
(7,82) (8,82) 114
(8,82) (7,82) 83
(8,82) (9,82) 55
(9,82) (8,82) 150
(9,82) (10,82) 100
(10,82) (9,82) 59
(1,83) (2,83) 120
(2,83) (1,83) 152
(2,83) (3,83) 77
(3,83) (2,83) 100
(3,83) (4,83) 87
(4,83) (3,83) 151
(4,83) (5,83) 125
(5,83) (4,83) 118
(5,83) (6,83) 67
(6,83) (5,83) 101
(6,83) (7,83) 125
(7,83) (6,83) 147
(7,83) (8,83) 58
(8,83) (7,83) 149
(8,83) (9,83) 130
(9,83) (8,83) 125
(9,83) (10,83) 119
(10,83) (9,83) 71
(1,84) (2,84) 100
(2,84) (1,84) 80
(2,84) (3,84) 125
(3,84) (2,84) 113
(3,84) (4,84) 106
(4,84) (3,84) 59
(4,84) (5,84) 104
(5,84) (4,84) 57
(5,84) (6,84) 147
(6,84) (5,84) 125
(6,84) (7,84) 63
(7,84) (6,84) 118
(7,84) (8,84) 118
(8,84) (7,84) 93
(8,84) (9,84) 89
(9,84) (8,84) 73
(9,84) (10,84) 71
(10,84) (9,84) 107
(1,85) (2,85) 104
(2,85) (1,85) 67
(2,85) (3,85) 83
(3,85) (2,85) 110
(3,85) (4,85) 140
(4,85) (3,85) 60
(4,85) (5,85) 130
(5,85) (4,85) 134
(5,85) (6,85) 100
(6,85) (5,85) 80
(6,85) (7,85) 72
(7,85) (6,85) 107
(7,85) (8,85) 104
(8,85) (7,85) 60
(8,85) (9,85) 113
(9,85) (8,85) 128
(9,85) (10,85) 71
(10,85) (9,85) 125
(1,86) (2,86) 70
(2,86) (1,86) 75
(2,86) (3,86) 147
(3,86) (2,86) 136
(3,86) (4,86) 154
(4,86) (3,86) 66
(4,86) (5,86) 63
(5,86) (4,86) 137
(5,86) (6,86) 149
(6,86) (5,86) 139
(6,86) (7,86) 97
(7,86) (6,86) 82
(7,86) (8,86) 145
(8,86) (7,86) 153
(8,86) (9,86) 79
(9,86) (8,86) 84
(9,86) (10,86) 130
(10,86) (9,86) 106
(1,87) (2,87) 77
(2,87) (1,87) 69
(2,87) (3,87) 72
(3,87) (2,87) 101
(3,87) (4,87) 104
(4,87) (3,87) 125
(4,87) (5,87) 149
(5,87) (4,87) 105
(5,87) (6,87) 61
(6,87) (5,87) 122
(6,87) (7,87) 140
(7,87) (6,87) 97
(7,87) (8,87) 108
(8,87) (7,87) 148
(8,87) (9,87) 122
(9,87) (8,87) 72
(9,87) (10,87) 123
(10,87) (9,87) 135
(1,88) (2,88) 139
(2,88) (1,88) 97
(2,88) (3,88) 68
(3,88) (2,88) 72
(3,88) (4,88) 93
(4,88) (3,88) 143
(4,88) (5,88) 109
(5,88) (4,88) 87
(5,88) (6,88) 70
(6,88) (5,88) 90
(6,88) (7,88) 151
(7,88) (6,88) 74
(7,88) (8,88) 72
(8,88) (7,88) 149
(8,88) (9,88) 58
(9,88) (8,88) 79
(9,88) (10,88) 130
(10,88) (9,88) 117
(1,89) (2,89) 131
(2,89) (1,89) 147
(2,89) (3,89) 145
(3,89) (2,89) 148
(3,89) (4,89) 71
(4,89) (3,89) 87
(4,89) (5,89) 132
(5,89) (4,89) 92
(5,89) (6,89) 112
(6,89) (5,89) 145
(6,89) (7,89) 90
(7,89) (6,89) 63
(7,89) (8,89) 138
(8,89) (7,89) 65
(8,89) (9,89) 107
(9,89) (8,89) 102
(9,89) (10,89) 94
(10,89) (9,89) 67
(1,90) (2,90) 114
(2,90) (1,90) 94
(2,90) (3,90) 59
(3,90) (2,90) 144
(3,90) (4,90) 130
(4,90) (3,90) 91
(4,90) (5,90) 153
(5,90) (4,90) 100
(5,90) (6,90) 95
(6,90) (5,90) 85
(6,90) (7,90) 59
(7,90) (6,90) 141
(7,90) (8,90) 60
(8,90) (7,90) 125
(8,90) (9,90) 128
(9,90) (8,90) 71
(9,90) (10,90) 104
(10,90) (9,90) 108
(1,91) (2,91) 123
(2,91) (1,91) 125
(2,91) (3,91) 130
(3,91) (2,91) 116
(3,91) (4,91) 145
(4,91) (3,91) 121
(4,91) (5,91) 102
(5,91) (4,91) 63
(5,91) (6,91) 147
(6,91) (5,91) 141
(6,91) (7,91) 77
(7,91) (6,91) 126
(7,91) (8,91) 120
(8,91) (7,91) 73
(8,91) (9,91) 76
(9,91) (8,91) 79
(9,91) (10,91) 109
(10,91) (9,91) 141
(1,92) (2,92) 66
(2,92) (1,92) 91
(2,92) (3,92) 77
(3,92) (2,92) 62
(3,92) (4,92) 72
(4,92) (3,92) 96
(4,92) (5,92) 73
(5,92) (4,92) 145
(5,92) (6,92) 71
(6,92) (5,92) 153
(6,92) (7,92) 97
(7,92) (6,92) 88
(7,92) (8,92) 97
(8,92) (7,92) 57
(8,92) (9,92) 79
(9,92) (8,92) 134
(9,92) (10,92) 113
(10,92) (9,92) 144
(1,93) (2,93) 105
(2,93) (1,93) 152
(2,93) (3,93) 85
(3,93) (2,93) 154
(3,93) (4,93) 130
(4,93) (3,93) 65
(4,93) (5,93) 134
(5,93) (4,93) 132
(5,93) (6,93) 143
(6,93) (5,93) 154
(6,93) (7,93) 95
(7,93) (6,93) 108
(7,93) (8,93) 57
(8,93) (7,93) 90
(8,93) (9,93) 81
(9,93) (8,93) 74
(9,93) (10,93) 86
(10,93) (9,93) 73
(1,94) (2,94) 59
(2,94) (1,94) 74
(2,94) (3,94) 122
(3,94) (2,94) 86
(3,94) (4,94) 74
(4,94) (3,94) 74
(4,94) (5,94) 55
(5,94) (4,94) 67
(5,94) (6,94) 106
(6,94) (5,94) 138
(6,94) (7,94) 97
(7,94) (6,94) 93
(7,94) (8,94) 97
(8,94) (7,94) 87
(8,94) (9,94) 76
(9,94) (8,94) 68
(9,94) (10,94) 69
(10,94) (9,94) 82
(1,95) (2,95) 120
(2,95) (1,95) 120
(2,95) (3,95) 124
(3,95) (2,95) 76
(3,95) (4,95) 99
(4,95) (3,95) 140
(4,95) (5,95) 62
(5,95) (4,95) 79
(5,95) (6,95) 145
(6,95) (5,95) 111
(6,95) (7,95) 76
(7,95) (6,95) 132
(7,95) (8,95) 141
(8,95) (7,95) 149
(8,95) (9,95) 108
(9,95) (8,95) 85
(9,95) (10,95) 64
(10,95) (9,95) 72
(1,96) (2,96) 106
(2,96) (1,96) 87
(2,96) (3,96) 65
(3,96) (2,96) 80
(3,96) (4,96) 62
(4,96) (3,96) 56
(4,96) (5,96) 124
(5,96) (4,96) 133
(5,96) (6,96) 71
(6,96) (5,96) 154
(6,96) (7,96) 148
(7,96) (6,96) 120
(7,96) (8,96) 64
(8,96) (7,96) 84
(8,96) (9,96) 99
(9,96) (8,96) 154
(9,96) (10,96) 118
(10,96) (9,96) 111
(1,97) (2,97) 100
(2,97) (1,97) 136
(2,97) (3,97) 59
(3,97) (2,97) 101
(3,97) (4,97) 136
(4,97) (3,97) 132
(4,97) (5,97) 74
(5,97) (4,97) 86
(5,97) (6,97) 82
(6,97) (5,97) 153
(6,97) (7,97) 123
(7,97) (6,97) 63
(7,97) (8,97) 114
(8,97) (7,97) 110
(8,97) (9,97) 114
(9,97) (8,97) 76
(9,97) (10,97) 93
(10,97) (9,97) 82
(1,98) (2,98) 64
(2,98) (1,98) 87
(2,98) (3,98) 100
(3,98) (2,98) 116
(3,98) (4,98) 119
(4,98) (3,98) 67
(4,98) (5,98) 70
(5,98) (4,98) 150
(5,98) (6,98) 108
(6,98) (5,98) 72
(6,98) (7,98) 145
(7,98) (6,98) 66
(7,98) (8,98) 130
(8,98) (7,98) 75
(8,98) (9,98) 121
(9,98) (8,98) 88
(9,98) (10,98) 80
(10,98) (9,98) 94
(1,99) (2,99) 111
(2,99) (1,99) 73
(2,99) (3,99) 103
(3,99) (2,99) 147
(3,99) (4,99) 144
(4,99) (3,99) 106
(4,99) (5,99) 148
(5,99) (4,99) 105
(5,99) (6,99) 64
(6,99) (5,99) 74
(6,99) (7,99) 87
(7,99) (6,99) 117
(7,99) (8,99) 132
(8,99) (7,99) 65
(8,99) (9,99) 142
(9,99) (8,99) 55
(9,99) (10,99) 142
(10,99) (9,99) 89
(1,100) (2,100) 111
(2,100) (1,100) 61
(2,100) (3,100) 129
(3,100) (2,100) 138
(3,100) (4,100) 139
(4,100) (3,100) 113
(4,100) (5,100) 152
(5,100) (4,100) 130
(5,100) (6,100) 100
(6,100) (5,100) 110
(6,100) (7,100) 70
(7,100) (6,100) 120
(7,100) (8,100) 91
(8,100) (7,100) 110
(8,100) (9,100) 108
(9,100) (8,100) 150
(9,100) (10,100) 100
(10,100) (9,100) 115
(1,100) t 136
(2,100) t 75
(3,100) t 131
(4,100) t 83
(5,100) t 139
(6,100) t 59
(7,100) t 131
(8,100) t 115
(9,100) t 114
(10,100) t 154
