s (1,1) 95
s (2,1) 82
s (3,1) 138
s (4,1) 119
s (5,1) 131
s (6,1) 51
s (7,1) 112
s (8,1) 95
s (9,1) 120
s (10,1) 66
(1,1) (1,2) 138
(2,1) (2,2) 142
(3,1) (3,2) 123
(4,1) (4,2) 50
(5,1) (5,2) 120
(6,1) (6,2) 112
(7,1) (7,2) 102
(8,1) (8,2) 69
(9,1) (9,2) 73
(10,1) (10,2) 72
(1,2) (1,3) 52
(2,2) (2,3) 119
(3,2) (3,3) 90
(4,2) (4,3) 105
(5,2) (5,3) 140
(6,2) (6,3) 58
(7,2) (7,3) 51
(8,2) (8,3) 96
(9,2) (9,3) 84
(10,2) (10,3) 132
(1,3) (1,4) 141
(2,3) (2,4) 141
(3,3) (3,4) 75
(4,3) (4,4) 125
(5,3) (5,4) 139
(6,3) (6,4) 107
(7,3) (7,4) 107
(8,3) (8,4) 52
(9,3) (9,4) 99
(10,3) (10,4) 45
(1,4) (1,5) 124
(2,4) (2,5) 105
(3,4) (3,5) 97
(4,4) (4,5) 108
(5,4) (5,5) 128
(6,4) (6,5) 60
(7,4) (7,5) 69
(8,4) (8,5) 99
(9,4) (9,5) 144
(10,4) (10,5) 73
(1,5) (1,6) 106
(2,5) (2,6) 59
(3,5) (3,6) 51
(4,5) (4,6) 76
(5,5) (5,6) 127
(6,5) (6,6) 71
(7,5) (7,6) 138
(8,5) (8,6) 97
(9,5) (9,6) 98
(10,5) (10,6) 103
(1,6) (1,7) 79
(2,6) (2,7) 62
(3,6) (3,7) 65
(4,6) (4,7) 45
(5,6) (5,7) 108
(6,6) (6,7) 112
(7,6) (7,7) 76
(8,6) (8,7) 45
(9,6) (9,7) 72
(10,6) (10,7) 66
(1,7) (1,8) 134
(2,7) (2,8) 104
(3,7) (3,8) 78
(4,7) (4,8) 104
(5,7) (5,8) 60
(6,7) (6,8) 144
(7,7) (7,8) 86
(8,7) (8,8) 110
(9,7) (9,8) 52
(10,7) (10,8) 75
(1,8) (1,9) 48
(2,8) (2,9) 135
(3,8) (3,9) 75
(4,8) (4,9) 125
(5,8) (5,9) 68
(6,8) (6,9) 133
(7,8) (7,9) 141
(8,8) (8,9) 71
(9,8) (9,9) 71
(10,8) (10,9) 126
(1,9) (1,10) 55
(2,9) (2,10) 94
(3,9) (3,10) 109
(4,9) (4,10) 128
(5,9) (5,10) 87
(6,9) (6,10) 129
(7,9) (7,10) 120
(8,9) (8,10) 74
(9,9) (9,10) 120
(10,9) (10,10) 129
(1,10) (1,11) 102
(2,10) (2,11) 67
(3,10) (3,11) 121
(4,10) (4,11) 123
(5,10) (5,11) 72
(6,10) (6,11) 108
(7,10) (7,11) 143
(8,10) (8,11) 83
(9,10) (9,11) 105
(10,10) (10,11) 134
(1,11) (1,12) 63
(2,11) (2,12) 68
(3,11) (3,12) 110
(4,11) (4,12) 130
(5,11) (5,12) 63
(6,11) (6,12) 71
(7,11) (7,12) 143
(8,11) (8,12) 91
(9,11) (9,12) 97
(10,11) (10,12) 118
(1,12) (1,13) 123
(2,12) (2,13) 98
(3,12) (3,13) 58
(4,12) (4,13) 110
(5,12) (5,13) 138
(6,12) (6,13) 47
(7,12) (7,13) 96
(8,12) (8,13) 96
(9,12) (9,13) 105
(10,12) (10,13) 83
(1,13) (1,14) 135
(2,13) (2,14) 58
(3,13) (3,14) 108
(4,13) (4,14) 46
(5,13) (5,14) 103
(6,13) (6,14) 114
(7,13) (7,14) 91
(8,13) (8,14) 133
(9,13) (9,14) 51
(10,13) (10,14) 133
(1,14) (1,15) 50
(2,14) (2,15) 130
(3,14) (3,15) 95
(4,14) (4,15) 54
(5,14) (5,15) 90
(6,14) (6,15) 123
(7,14) (7,15) 115
(8,14) (8,15) 76
(9,14) (9,15) 93
(10,14) (10,15) 72
(1,15) (1,16) 115
(2,15) (2,16) 122
(3,15) (3,16) 103
(4,15) (4,16) 116
(5,15) (5,16) 91
(6,15) (6,16) 83
(7,15) (7,16) 91
(8,15) (8,16) 68
(9,15) (9,16) 96
(10,15) (10,16) 51
(1,16) (1,17) 57
(2,16) (2,17) 136
(3,16) (3,17) 62
(4,16) (4,17) 109
(5,16) (5,17) 78
(6,16) (6,17) 62
(7,16) (7,17) 118
(8,16) (8,17) 93
(9,16) (9,17) 143
(10,16) (10,17) 105
(1,17) (1,18) 127
(2,17) (2,18) 113
(3,17) (3,18) 76
(4,17) (4,18) 100
(5,17) (5,18) 120
(6,17) (6,18) 45
(7,17) (7,18) 76
(8,17) (8,18) 89
(9,17) (9,18) 117
(10,17) (10,18) 61
(1,18) (1,19) 77
(2,18) (2,19) 77
(3,18) (3,19) 75
(4,18) (4,19) 93
(5,18) (5,19) 53
(6,18) (6,19) 124
(7,18) (7,19) 103
(8,18) (8,19) 88
(9,18) (9,19) 92
(10,18) (10,19) 109
(1,19) (1,20) 139
(2,19) (2,20) 48
(3,19) (3,20) 106
(4,19) (4,20) 120
(5,19) (5,20) 124
(6,19) (6,20) 101
(7,19) (7,20) 110
(8,19) (8,20) 69
(9,19) (9,20) 120
(10,19) (10,20) 112
(1,20) (1,21) 92
(2,20) (2,21) 70
(3,20) (3,21) 52
(4,20) (4,21) 80
(5,20) (5,21) 84
(6,20) (6,21) 113
(7,20) (7,21) 118
(8,20) (8,21) 138
(9,20) (9,21) 132
(10,20) (10,21) 144
(1,21) (1,22) 48
(2,21) (2,22) 114
(3,21) (3,22) 124
(4,21) (4,22) 86
(5,21) (5,22) 124
(6,21) (6,22) 138
(7,21) (7,22) 70
(8,21) (8,22) 99
(9,21) (9,22) 113
(10,21) (10,22) 70
(1,22) (1,23) 136
(2,22) (2,23) 71
(3,22) (3,23) 85
(4,22) (4,23) 49
(5,22) (5,23) 55
(6,22) (6,23) 87
(7,22) (7,23) 85
(8,22) (8,23) 115
(9,22) (9,23) 57
(10,22) (10,23) 137
(1,23) (1,24) 62
(2,23) (2,24) 76
(3,23) (3,24) 67
(4,23) (4,24) 68
(5,23) (5,24) 68
(6,23) (6,24) 58
(7,23) (7,24) 105
(8,23) (8,24) 113
(9,23) (9,24) 136
(10,23) (10,24) 75
(1,24) (1,25) 54
(2,24) (2,25) 97
(3,24) (3,25) 88
(4,24) (4,25) 51
(5,24) (5,25) 86
(6,24) (6,25) 51
(7,24) (7,25) 76
(8,24) (8,25) 109
(9,24) (9,25) 143
(10,24) (10,25) 108
(1,25) (1,26) 137
(2,25) (2,26) 56
(3,25) (3,26) 72
(4,25) (4,26) 130
(5,25) (5,26) 45
(6,25) (6,26) 108
(7,25) (7,26) 75
(8,25) (8,26) 46
(9,25) (9,26) 126
(10,25) (10,26) 91
(1,26) (1,27) 65
(2,26) (2,27) 84
(3,26) (3,27) 139
(4,26) (4,27) 144
(5,26) (5,27) 50
(6,26) (6,27) 134
(7,26) (7,27) 113
(8,26) (8,27) 106
(9,26) (9,27) 100
(10,26) (10,27) 56
(1,27) (1,28) 63
(2,27) (2,28) 142
(3,27) (3,28) 134
(4,27) (4,28) 79
(5,27) (5,28) 130
(6,27) (6,28) 63
(7,27) (7,28) 94
(8,27) (8,28) 83
(9,27) (9,28) 125
(10,27) (10,28) 54
(1,28) (1,29) 110
(2,28) (2,29) 76
(3,28) (3,29) 60
(4,28) (4,29) 75
(5,28) (5,29) 75
(6,28) (6,29) 110
(7,28) (7,29) 108
(8,28) (8,29) 143
(9,28) (9,29) 92
(10,28) (10,29) 77
(1,29) (1,30) 65
(2,29) (2,30) 132
(3,29) (3,30) 142
(4,29) (4,30) 64
(5,29) (5,30) 57
(6,29) (6,30) 99
(7,29) (7,30) 50
(8,29) (8,30) 124
(9,29) (9,30) 82
(10,29) (10,30) 57
(1,30) (1,31) 105
(2,30) (2,31) 58
(3,30) (3,31) 75
(4,30) (4,31) 86
(5,30) (5,31) 45
(6,30) (6,31) 47
(7,30) (7,31) 117
(8,30) (8,31) 87
(9,30) (9,31) 48
(10,30) (10,31) 144
(1,31) (1,32) 144
(2,31) (2,32) 54
(3,31) (3,32) 96
(4,31) (4,32) 54
(5,31) (5,32) 117
(6,31) (6,32) 127
(7,31) (7,32) 126
(8,31) (8,32) 58
(9,31) (9,32) 46
(10,31) (10,32) 129
(1,32) (1,33) 89
(2,32) (2,33) 103
(3,32) (3,33) 120
(4,32) (4,33) 48
(5,32) (5,33) 140
(6,32) (6,33) 74
(7,32) (7,33) 142
(8,32) (8,33) 91
(9,32) (9,33) 68
(10,32) (10,33) 63
(1,33) (1,34) 128
(2,33) (2,34) 83
(3,33) (3,34) 47
(4,33) (4,34) 94
(5,33) (5,34) 100
(6,33) (6,34) 103
(7,33) (7,34) 89
(8,33) (8,34) 80
(9,33) (9,34) 53
(10,33) (10,34) 110
(1,34) (1,35) 117
(2,34) (2,35) 113
(3,34) (3,35) 52
(4,34) (4,35) 103
(5,34) (5,35) 118
(6,34) (6,35) 66
(7,34) (7,35) 112
(8,34) (8,35) 136
(9,34) (9,35) 80
(10,34) (10,35) 88
(1,35) (1,36) 55
(2,35) (2,36) 111
(3,35) (3,36) 82
(4,35) (4,36) 84
(5,35) (5,36) 131
(6,35) (6,36) 136
(7,35) (7,36) 93
(8,35) (8,36) 142
(9,35) (9,36) 135
(10,35) (10,36) 59
(1,36) (1,37) 78
(2,36) (2,37) 114
(3,36) (3,37) 69
(4,36) (4,37) 127
(5,36) (5,37) 131
(6,36) (6,37) 82
(7,36) (7,37) 86
(8,36) (8,37) 46
(9,36) (9,37) 67
(10,36) (10,37) 138
(1,37) (1,38) 90
(2,37) (2,38) 57
(3,37) (3,38) 53
(4,37) (4,38) 73
(5,37) (5,38) 99
(6,37) (6,38) 59
(7,37) (7,38) 94
(8,37) (8,38) 105
(9,37) (9,38) 61
(10,37) (10,38) 89
(1,38) (1,39) 46
(2,38) (2,39) 47
(3,38) (3,39) 70
(4,38) (4,39) 63
(5,38) (5,39) 98
(6,38) (6,39) 132
(7,38) (7,39) 140
(8,38) (8,39) 111
(9,38) (9,39) 116
(10,38) (10,39) 100
(1,39) (1,40) 80
(2,39) (2,40) 92
(3,39) (3,40) 58
(4,39) (4,40) 118
(5,39) (5,40) 67
(6,39) (6,40) 118
(7,39) (7,40) 108
(8,39) (8,40) 116
(9,39) (9,40) 76
(10,39) (10,40) 125
(1,40) (1,41) 140
(2,40) (2,41) 66
(3,40) (3,41) 77
(4,40) (4,41) 100
(5,40) (5,41) 119
(6,40) (6,41) 65
(7,40) (7,41) 51
(8,40) (8,41) 53
(9,40) (9,41) 54
(10,40) (10,41) 131
(1,41) (1,42) 121
(2,41) (2,42) 114
(3,41) (3,42) 100
(4,41) (4,42) 62
(5,41) (5,42) 72
(6,41) (6,42) 110
(7,41) (7,42) 143
(8,41) (8,42) 132
(9,41) (9,42) 101
(10,41) (10,42) 75
(1,42) (1,43) 83
(2,42) (2,43) 52
(3,42) (3,43) 88
(4,42) (4,43) 72
(5,42) (5,43) 138
(6,42) (6,43) 66
(7,42) (7,43) 66
(8,42) (8,43) 56
(9,42) (9,43) 94
(10,42) (10,43) 54
(1,43) (1,44) 107
(2,43) (2,44) 106
(3,43) (3,44) 130
(4,43) (4,44) 59
(5,43) (5,44) 45
(6,43) (6,44) 110
(7,43) (7,44) 107
(8,43) (8,44) 118
(9,43) (9,44) 117
(10,43) (10,44) 81
(1,44) (1,45) 88
(2,44) (2,45) 94
(3,44) (3,45) 135
(4,44) (4,45) 49
(5,44) (5,45) 109
(6,44) (6,45) 118
(7,44) (7,45) 61
(8,44) (8,45) 137
(9,44) (9,45) 76
(10,44) (10,45) 136
(1,45) (1,46) 109
(2,45) (2,46) 89
(3,45) (3,46) 94
(4,45) (4,46) 142
(5,45) (5,46) 60
(6,45) (6,46) 97
(7,45) (7,46) 100
(8,45) (8,46) 78
(9,45) (9,46) 96
(10,45) (10,46) 72
(1,46) (1,47) 115
(2,46) (2,47) 98
(3,46) (3,47) 59
(4,46) (4,47) 87
(5,46) (5,47) 74
(6,46) (6,47) 82
(7,46) (7,47) 46
(8,46) (8,47) 132
(9,46) (9,47) 95
(10,46) (10,47) 82
(1,47) (1,48) 84
(2,47) (2,48) 119
(3,47) (3,48) 90
(4,47) (4,48) 120
(5,47) (5,48) 123
(6,47) (6,48) 76
(7,47) (7,48) 93
(8,47) (8,48) 144
(9,47) (9,48) 133
(10,47) (10,48) 107
(1,48) (1,49) 97
(2,48) (2,49) 71
(3,48) (3,49) 97
(4,48) (4,49) 64
(5,48) (5,49) 130
(6,48) (6,49) 93
(7,48) (7,49) 73
(8,48) (8,49) 106
(9,48) (9,49) 142
(10,48) (10,49) 79
(1,49) (1,50) 51
(2,49) (2,50) 67
(3,49) (3,50) 132
(4,49) (4,50) 105
(5,49) (5,50) 60
(6,49) (6,50) 134
(7,49) (7,50) 45
(8,49) (8,50) 134
(9,49) (9,50) 89
(10,49) (10,50) 94
(1,50) (1,51) 84
(2,50) (2,51) 62
(3,50) (3,51) 46
(4,50) (4,51) 87
(5,50) (5,51) 110
(6,50) (6,51) 137
(7,50) (7,51) 78
(8,50) (8,51) 136
(9,50) (9,51) 57
(10,50) (10,51) 46
(1,51) (1,52) 112
(2,51) (2,52) 88
(3,51) (3,52) 110
(4,51) (4,52) 121
(5,51) (5,52) 119
(6,51) (6,52) 89
(7,51) (7,52) 58
(8,51) (8,52) 99
(9,51) (9,52) 73
(10,51) (10,52) 54
(1,52) (1,53) 94
(2,52) (2,53) 116
(3,52) (3,53) 78
(4,52) (4,53) 117
(5,52) (5,53) 75
(6,52) (6,53) 140
(7,52) (7,53) 109
(8,52) (8,53) 130
(9,52) (9,53) 125
(10,52) (10,53) 79
(1,53) (1,54) 109
(2,53) (2,54) 139
(3,53) (3,54) 113
(4,53) (4,54) 130
(5,53) (5,54) 89
(6,53) (6,54) 82
(7,53) (7,54) 126
(8,53) (8,54) 132
(9,53) (9,54) 62
(10,53) (10,54) 72
(1,54) (1,55) 88
(2,54) (2,55) 97
(3,54) (3,55) 85
(4,54) (4,55) 72
(5,54) (5,55) 123
(6,54) (6,55) 111
(7,54) (7,55) 69
(8,54) (8,55) 144
(9,54) (9,55) 95
(10,54) (10,55) 66
(1,55) (1,56) 84
(2,55) (2,56) 112
(3,55) (3,56) 86
(4,55) (4,56) 130
(5,55) (5,56) 126
(6,55) (6,56) 57
(7,55) (7,56) 84
(8,55) (8,56) 65
(9,55) (9,56) 80
(10,55) (10,56) 88
(1,56) (1,57) 64
(2,56) (2,57) 126
(3,56) (3,57) 62
(4,56) (4,57) 52
(5,56) (5,57) 63
(6,56) (6,57) 98
(7,56) (7,57) 74
(8,56) (8,57) 110
(9,56) (9,57) 144
(10,56) (10,57) 53
(1,57) (1,58) 69
(2,57) (2,58) 125
(3,57) (3,58) 79
(4,57) (4,58) 129
(5,57) (5,58) 61
(6,57) (6,58) 107
(7,57) (7,58) 112
(8,57) (8,58) 80
(9,57) (9,58) 99
(10,57) (10,58) 64
(1,58) (1,59) 89
(2,58) (2,59) 120
(3,58) (3,59) 96
(4,58) (4,59) 53
(5,58) (5,59) 48
(6,58) (6,59) 124
(7,58) (7,59) 70
(8,58) (8,59) 140
(9,58) (9,59) 59
(10,58) (10,59) 69
(1,59) (1,60) 131
(2,59) (2,60) 134
(3,59) (3,60) 136
(4,59) (4,60) 54
(5,59) (5,60) 140
(6,59) (6,60) 105
(7,59) (7,60) 61
(8,59) (8,60) 82
(9,59) (9,60) 113
(10,59) (10,60) 125
(1,60) (1,61) 66
(2,60) (2,61) 141
(3,60) (3,61) 119
(4,60) (4,61) 95
(5,60) (5,61) 94
(6,60) (6,61) 114
(7,60) (7,61) 52
(8,60) (8,61) 122
(9,60) (9,61) 121
(10,60) (10,61) 88
(1,61) (1,62) 131
(2,61) (2,62) 98
(3,61) (3,62) 87
(4,61) (4,62) 123
(5,61) (5,62) 127
(6,61) (6,62) 130
(7,61) (7,62) 139
(8,61) (8,62) 126
(9,61) (9,62) 94
(10,61) (10,62) 121
(1,62) (1,63) 86
(2,62) (2,63) 136
(3,62) (3,63) 86
(4,62) (4,63) 110
(5,62) (5,63) 119
(6,62) (6,63) 112
(7,62) (7,63) 92
(8,62) (8,63) 133
(9,62) (9,63) 81
(10,62) (10,63) 97
(1,63) (1,64) 110
(2,63) (2,64) 106
(3,63) (3,64) 67
(4,63) (4,64) 91
(5,63) (5,64) 78
(6,63) (6,64) 61
(7,63) (7,64) 120
(8,63) (8,64) 108
(9,63) (9,64) 102
(10,63) (10,64) 56
(1,64) (1,65) 142
(2,64) (2,65) 76
(3,64) (3,65) 115
(4,64) (4,65) 102
(5,64) (5,65) 114
(6,64) (6,65) 80
(7,64) (7,65) 142
(8,64) (8,65) 124
(9,64) (9,65) 50
(10,64) (10,65) 57
(1,65) (1,66) 98
(2,65) (2,66) 66
(3,65) (3,66) 100
(4,65) (4,66) 53
(5,65) (5,66) 143
(6,65) (6,66) 74
(7,65) (7,66) 131
(8,65) (8,66) 47
(9,65) (9,66) 45
(10,65) (10,66) 57
(1,66) (1,67) 115
(2,66) (2,67) 73
(3,66) (3,67) 88
(4,66) (4,67) 125
(5,66) (5,67) 62
(6,66) (6,67) 111
(7,66) (7,67) 112
(8,66) (8,67) 80
(9,66) (9,67) 138
(10,66) (10,67) 143
(1,67) (1,68) 90
(2,67) (2,68) 48
(3,67) (3,68) 51
(4,67) (4,68) 115
(5,67) (5,68) 50
(6,67) (6,68) 87
(7,67) (7,68) 117
(8,67) (8,68) 135
(9,67) (9,68) 57
(10,67) (10,68) 133
(1,68) (1,69) 71
(2,68) (2,69) 136
(3,68) (3,69) 62
(4,68) (4,69) 72
(5,68) (5,69) 135
(6,68) (6,69) 50
(7,68) (7,69) 140
(8,68) (8,69) 84
(9,68) (9,69) 138
(10,68) (10,69) 111
(1,69) (1,70) 75
(2,69) (2,70) 113
(3,69) (3,70) 116
(4,69) (4,70) 137
(5,69) (5,70) 80
(6,69) (6,70) 86
(7,69) (7,70) 133
(8,69) (8,70) 114
(9,69) (9,70) 112
(10,69) (10,70) 60
(1,70) (1,71) 119
(2,70) (2,71) 66
(3,70) (3,71) 58
(4,70) (4,71) 76
(5,70) (5,71) 100
(6,70) (6,71) 138
(7,70) (7,71) 116
(8,70) (8,71) 94
(9,70) (9,71) 48
(10,70) (10,71) 132
(1,71) (1,72) 59
(2,71) (2,72) 107
(3,71) (3,72) 141
(4,71) (4,72) 144
(5,71) (5,72) 79
(6,71) (6,72) 90
(7,71) (7,72) 59
(8,71) (8,72) 134
(9,71) (9,72) 98
(10,71) (10,72) 83
(1,72) (1,73) 67
(2,72) (2,73) 105
(3,72) (3,73) 111
(4,72) (4,73) 128
(5,72) (5,73) 59
(6,72) (6,73) 60
(7,72) (7,73) 98
(8,72) (8,73) 66
(9,72) (9,73) 119
(10,72) (10,73) 76
(1,73) (1,74) 51
(2,73) (2,74) 92
(3,73) (3,74) 96
(4,73) (4,74) 131
(5,73) (5,74) 80
(6,73) (6,74) 135
(7,73) (7,74) 113
(8,73) (8,74) 76
(9,73) (9,74) 114
(10,73) (10,74) 91
(1,74) (1,75) 109
(2,74) (2,75) 71
(3,74) (3,75) 46
(4,74) (4,75) 81
(5,74) (5,75) 136
(6,74) (6,75) 76
(7,74) (7,75) 56
(8,74) (8,75) 90
(9,74) (9,75) 101
(10,74) (10,75) 116
(1,75) (1,76) 129
(2,75) (2,76) 59
(3,75) (3,76) 53
(4,75) (4,76) 80
(5,75) (5,76) 103
(6,75) (6,76) 131
(7,75) (7,76) 113
(8,75) (8,76) 91
(9,75) (9,76) 134
(10,75) (10,76) 107
(1,76) (1,77) 144
(2,76) (2,77) 111
(3,76) (3,77) 124
(4,76) (4,77) 105
(5,76) (5,77) 56
(6,76) (6,77) 52
(7,76) (7,77) 60
(8,76) (8,77) 90
(9,76) (9,77) 71
(10,76) (10,77) 73
(1,77) (1,78) 59
(2,77) (2,78) 65
(3,77) (3,78) 105
(4,77) (4,78) 52
(5,77) (5,78) 128
(6,77) (6,78) 139
(7,77) (7,78) 96
(8,77) (8,78) 48
(9,77) (9,78) 130
(10,77) (10,78) 77
(1,78) (1,79) 53
(2,78) (2,79) 114
(3,78) (3,79) 69
(4,78) (4,79) 121
(5,78) (5,79) 118
(6,78) (6,79) 53
(7,78) (7,79) 78
(8,78) (8,79) 122
(9,78) (9,79) 138
(10,78) (10,79) 139
(1,79) (1,80) 132
(2,79) (2,80) 51
(3,79) (3,80) 104
(4,79) (4,80) 106
(5,79) (5,80) 107
(6,79) (6,80) 107
(7,79) (7,80) 56
(8,79) (8,80) 135
(9,79) (9,80) 56
(10,79) (10,80) 63
(1,80) (1,81) 60
(2,80) (2,81) 106
(3,80) (3,81) 51
(4,80) (4,81) 121
(5,80) (5,81) 103
(6,80) (6,81) 131
(7,80) (7,81) 138
(8,80) (8,81) 70
(9,80) (9,81) 60
(10,80) (10,81) 49
(1,81) (1,82) 143
(2,81) (2,82) 110
(3,81) (3,82) 66
(4,81) (4,82) 54
(5,81) (5,82) 114
(6,81) (6,82) 119
(7,81) (7,82) 97
(8,81) (8,82) 67
(9,81) (9,82) 137
(10,81) (10,82) 144
(1,82) (1,83) 137
(2,82) (2,83) 138
(3,82) (3,83) 71
(4,82) (4,83) 69
(5,82) (5,83) 118
(6,82) (6,83) 102
(7,82) (7,83) 100
(8,82) (8,83) 121
(9,82) (9,83) 115
(10,82) (10,83) 82
(1,83) (1,84) 46
(2,83) (2,84) 83
(3,83) (3,84) 125
(4,83) (4,84) 135
(5,83) (5,84) 79
(6,83) (6,84) 55
(7,83) (7,84) 80
(8,83) (8,84) 75
(9,83) (9,84) 51
(10,83) (10,84) 136
(1,84) (1,85) 78
(2,84) (2,85) 99
(3,84) (3,85) 45
(4,84) (4,85) 67
(5,84) (5,85) 84
(6,84) (6,85) 57
(7,84) (7,85) 47
(8,84) (8,85) 119
(9,84) (9,85) 58
(10,84) (10,85) 47
(1,85) (1,86) 70
(2,85) (2,86) 130
(3,85) (3,86) 46
(4,85) (4,86) 133
(5,85) (5,86) 60
(6,85) (6,86) 93
(7,85) (7,86) 76
(8,85) (8,86) 113
(9,85) (9,86) 52
(10,85) (10,86) 108
(1,86) (1,87) 78
(2,86) (2,87) 82
(3,86) (3,87) 64
(4,86) (4,87) 87
(5,86) (5,87) 62
(6,86) (6,87) 50
(7,86) (7,87) 66
(8,86) (8,87) 86
(9,86) (9,87) 99
(10,86) (10,87) 46
(1,87) (1,88) 133
(2,87) (2,88) 63
(3,87) (3,88) 101
(4,87) (4,88) 124
(5,87) (5,88) 108
(6,87) (6,88) 109
(7,87) (7,88) 60
(8,87) (8,88) 119
(9,87) (9,88) 121
(10,87) (10,88) 95
(1,88) (1,89) 140
(2,88) (2,89) 84
(3,88) (3,89) 140
(4,88) (4,89) 124
(5,88) (5,89) 70
(6,88) (6,89) 124
(7,88) (7,89) 63
(8,88) (8,89) 135
(9,88) (9,89) 73
(10,88) (10,89) 71
(1,89) (1,90) 46
(2,89) (2,90) 108
(3,89) (3,90) 56
(4,89) (4,90) 119
(5,89) (5,90) 124
(6,89) (6,90) 74
(7,89) (7,90) 116
(8,89) (8,90) 61
(9,89) (9,90) 84
(10,89) (10,90) 123
(1,90) (1,91) 126
(2,90) (2,91) 114
(3,90) (3,91) 126
(4,90) (4,91) 105
(5,90) (5,91) 57
(6,90) (6,91) 134
(7,90) (7,91) 46
(8,90) (8,91) 99
(9,90) (9,91) 102
(10,90) (10,91) 112
(1,91) (1,92) 60
(2,91) (2,92) 129
(3,91) (3,92) 65
(4,91) (4,92) 54
(5,91) (5,92) 91
(6,91) (6,92) 89
(7,91) (7,92) 101
(8,91) (8,92) 95
(9,91) (9,92) 131
(10,91) (10,92) 60
(1,92) (1,93) 137
(2,92) (2,93) 114
(3,92) (3,93) 94
(4,92) (4,93) 52
(5,92) (5,93) 130
(6,92) (6,93) 57
(7,92) (7,93) 74
(8,92) (8,93) 144
(9,92) (9,93) 137
(10,92) (10,93) 80
(1,93) (1,94) 81
(2,93) (2,94) 73
(3,93) (3,94) 45
(4,93) (4,94) 100
(5,93) (5,94) 75
(6,93) (6,94) 124
(7,93) (7,94) 118
(8,93) (8,94) 93
(9,93) (9,94) 117
(10,93) (10,94) 59
(1,94) (1,95) 73
(2,94) (2,95) 104
(3,94) (3,95) 131
(4,94) (4,95) 97
(5,94) (5,95) 100
(6,94) (6,95) 142
(7,94) (7,95) 79
(8,94) (8,95) 94
(9,94) (9,95) 94
(10,94) (10,95) 98
(1,95) (1,96) 102
(2,95) (2,96) 50
(3,95) (3,96) 72
(4,95) (4,96) 104
(5,95) (5,96) 80
(6,95) (6,96) 73
(7,95) (7,96) 99
(8,95) (8,96) 52
(9,95) (9,96) 136
(10,95) (10,96) 77
(1,96) (1,97) 138
(2,96) (2,97) 78
(3,96) (3,97) 106
(4,96) (4,97) 109
(5,96) (5,97) 57
(6,96) (6,97) 65
(7,96) (7,97) 48
(8,96) (8,97) 112
(9,96) (9,97) 76
(10,96) (10,97) 116
(1,97) (1,98) 80
(2,97) (2,98) 90
(3,97) (3,98) 110
(4,97) (4,98) 83
(5,97) (5,98) 144
(6,97) (6,98) 137
(7,97) (7,98) 141
(8,97) (8,98) 83
(9,97) (9,98) 77
(10,97) (10,98) 78
(1,98) (1,99) 118
(2,98) (2,99) 116
(3,98) (3,99) 66
(4,98) (4,99) 123
(5,98) (5,99) 118
(6,98) (6,99) 141
(7,98) (7,99) 101
(8,98) (8,99) 91
(9,98) (9,99) 124
(10,98) (10,99) 96
(1,99) (1,100) 112
(2,99) (2,100) 82
(3,99) (3,100) 144
(4,99) (4,100) 119
(5,99) (5,100) 106
(6,99) (6,100) 99
(7,99) (7,100) 141
(8,99) (8,100) 55
(9,99) (9,100) 69
(10,99) (10,100) 123
(1,1) (2,1) 47
(2,1) (1,1) 63
(2,1) (3,1) 119
(3,1) (2,1) 87
(3,1) (4,1) 132
(4,1) (3,1) 49
(4,1) (5,1) 97
(5,1) (4,1) 114
(5,1) (6,1) 64
(6,1) (5,1) 89
(6,1) (7,1) 92
(7,1) (6,1) 55
(7,1) (8,1) 68
(8,1) (7,1) 47
(8,1) (9,1) 64
(9,1) (8,1) 138
(9,1) (10,1) 135
(10,1) (9,1) 92
(1,2) (2,2) 116
(2,2) (1,2) 49
(2,2) (3,2) 73
(3,2) (2,2) 69
(3,2) (4,2) 47
(4,2) (3,2) 53
(4,2) (5,2) 97
(5,2) (4,2) 96
(5,2) (6,2) 73
(6,2) (5,2) 67
(6,2) (7,2) 114
(7,2) (6,2) 59
(7,2) (8,2) 73
(8,2) (7,2) 98
(8,2) (9,2) 143
(9,2) (8,2) 79
(9,2) (10,2) 143
(10,2) (9,2) 91
(1,3) (2,3) 92
(2,3) (1,3) 69
(2,3) (3,3) 75
(3,3) (2,3) 129
(3,3) (4,3) 81
(4,3) (3,3) 49
(4,3) (5,3) 120
(5,3) (4,3) 135
(5,3) (6,3) 49
(6,3) (5,3) 45
(6,3) (7,3) 120
(7,3) (6,3) 95
(7,3) (8,3) 107
(8,3) (7,3) 81
(8,3) (9,3) 53
(9,3) (8,3) 116
(9,3) (10,3) 65
(10,3) (9,3) 138
(1,4) (2,4) 45
(2,4) (1,4) 144
(2,4) (3,4) 83
(3,4) (2,4) 136
(3,4) (4,4) 55
(4,4) (3,4) 112
(4,4) (5,4) 60
(5,4) (4,4) 129
(5,4) (6,4) 73
(6,4) (5,4) 138
(6,4) (7,4) 52
(7,4) (6,4) 67
(7,4) (8,4) 79
(8,4) (7,4) 62
(8,4) (9,4) 113
(9,4) (8,4) 105
(9,4) (10,4) 134
(10,4) (9,4) 61
(1,5) (2,5) 68
(2,5) (1,5) 119
(2,5) (3,5) 110
(3,5) (2,5) 138
(3,5) (4,5) 76
(4,5) (3,5) 104
(4,5) (5,5) 126
(5,5) (4,5) 98
(5,5) (6,5) 115
(6,5) (5,5) 45
(6,5) (7,5) 69
(7,5) (6,5) 56
(7,5) (8,5) 120
(8,5) (7,5) 77
(8,5) (9,5) 90
(9,5) (8,5) 134
(9,5) (10,5) 112
(10,5) (9,5) 139
(1,6) (2,6) 81
(2,6) (1,6) 95
(2,6) (3,6) 138
(3,6) (2,6) 85
(3,6) (4,6) 85
(4,6) (3,6) 45
(4,6) (5,6) 131
(5,6) (4,6) 79
(5,6) (6,6) 59
(6,6) (5,6) 135
(6,6) (7,6) 52
(7,6) (6,6) 128
(7,6) (8,6) 77
(8,6) (7,6) 45
(8,6) (9,6) 109
(9,6) (8,6) 117
(9,6) (10,6) 49
(10,6) (9,6) 81
(1,7) (2,7) 138
(2,7) (1,7) 130
(2,7) (3,7) 69
(3,7) (2,7) 47
(3,7) (4,7) 77
(4,7) (3,7) 76
(4,7) (5,7) 95
(5,7) (4,7) 96
(5,7) (6,7) 83
(6,7) (5,7) 100
(6,7) (7,7) 137
(7,7) (6,7) 91
(7,7) (8,7) 118
(8,7) (7,7) 102
(8,7) (9,7) 130
(9,7) (8,7) 107
(9,7) (10,7) 76
(10,7) (9,7) 59
(1,8) (2,8) 109
(2,8) (1,8) 81
(2,8) (3,8) 82
(3,8) (2,8) 52
(3,8) (4,8) 100
(4,8) (3,8) 131
(4,8) (5,8) 60
(5,8) (4,8) 81
(5,8) (6,8) 86
(6,8) (5,8) 107
(6,8) (7,8) 144
(7,8) (6,8) 141
(7,8) (8,8) 141
(8,8) (7,8) 108
(8,8) (9,8) 86
(9,8) (8,8) 116
(9,8) (10,8) 138
(10,8) (9,8) 127
(1,9) (2,9) 70
(2,9) (1,9) 116
(2,9) (3,9) 63
(3,9) (2,9) 77
(3,9) (4,9) 130
(4,9) (3,9) 80
(4,9) (5,9) 79
(5,9) (4,9) 51
(5,9) (6,9) 139
(6,9) (5,9) 89
(6,9) (7,9) 86
(7,9) (6,9) 138
(7,9) (8,9) 96
(8,9) (7,9) 118
(8,9) (9,9) 140
(9,9) (8,9) 61
(9,9) (10,9) 134
(10,9) (9,9) 78
(1,10) (2,10) 116
(2,10) (1,10) 66
(2,10) (3,10) 118
(3,10) (2,10) 77
(3,10) (4,10) 83
(4,10) (3,10) 115
(4,10) (5,10) 141
(5,10) (4,10) 55
(5,10) (6,10) 123
(6,10) (5,10) 127
(6,10) (7,10) 133
(7,10) (6,10) 111
(7,10) (8,10) 85
(8,10) (7,10) 108
(8,10) (9,10) 114
(9,10) (8,10) 67
(9,10) (10,10) 113
(10,10) (9,10) 94
(1,11) (2,11) 144
(2,11) (1,11) 50
(2,11) (3,11) 64
(3,11) (2,11) 138
(3,11) (4,11) 57
(4,11) (3,11) 51
(4,11) (5,11) 122
(5,11) (4,11) 121
(5,11) (6,11) 59
(6,11) (5,11) 64
(6,11) (7,11) 76
(7,11) (6,11) 90
(7,11) (8,11) 127
(8,11) (7,11) 79
(8,11) (9,11) 85
(9,11) (8,11) 67
(9,11) (10,11) 73
(10,11) (9,11) 128
(1,12) (2,12) 93
(2,12) (1,12) 99
(2,12) (3,12) 80
(3,12) (2,12) 66
(3,12) (4,12) 133
(4,12) (3,12) 101
(4,12) (5,12) 122
(5,12) (4,12) 125
(5,12) (6,12) 134
(6,12) (5,12) 80
(6,12) (7,12) 73
(7,12) (6,12) 49
(7,12) (8,12) 122
(8,12) (7,12) 116
(8,12) (9,12) 66
(9,12) (8,12) 116
(9,12) (10,12) 72
(10,12) (9,12) 48
(1,13) (2,13) 55
(2,13) (1,13) 116
(2,13) (3,13) 65
(3,13) (2,13) 103
(3,13) (4,13) 47
(4,13) (3,13) 123
(4,13) (5,13) 103
(5,13) (4,13) 110
(5,13) (6,13) 53
(6,13) (5,13) 93
(6,13) (7,13) 83
(7,13) (6,13) 119
(7,13) (8,13) 46
(8,13) (7,13) 82
(8,13) (9,13) 51
(9,13) (8,13) 128
(9,13) (10,13) 93
(10,13) (9,13) 134
(1,14) (2,14) 133
(2,14) (1,14) 111
(2,14) (3,14) 66
(3,14) (2,14) 139
(3,14) (4,14) 100
(4,14) (3,14) 82
(4,14) (5,14) 140
(5,14) (4,14) 132
(5,14) (6,14) 109
(6,14) (5,14) 51
(6,14) (7,14) 59
(7,14) (6,14) 59
(7,14) (8,14) 91
(8,14) (7,14) 70
(8,14) (9,14) 88
(9,14) (8,14) 56
(9,14) (10,14) 115
(10,14) (9,14) 118
(1,15) (2,15) 128
(2,15) (1,15) 113
(2,15) (3,15) 74
(3,15) (2,15) 118
(3,15) (4,15) 65
(4,15) (3,15) 136
(4,15) (5,15) 92
(5,15) (4,15) 90
(5,15) (6,15) 137
(6,15) (5,15) 111
(6,15) (7,15) 59
(7,15) (6,15) 111
(7,15) (8,15) 136
(8,15) (7,15) 144
(8,15) (9,15) 71
(9,15) (8,15) 144
(9,15) (10,15) 45
(10,15) (9,15) 52
(1,16) (2,16) 84
(2,16) (1,16) 82
(2,16) (3,16) 69
(3,16) (2,16) 71
(3,16) (4,16) 86
(4,16) (3,16) 143
(4,16) (5,16) 64
(5,16) (4,16) 47
(5,16) (6,16) 112
(6,16) (5,16) 123
(6,16) (7,16) 110
(7,16) (6,16) 52
(7,16) (8,16) 121
(8,16) (7,16) 139
(8,16) (9,16) 141
(9,16) (8,16) 52
(9,16) (10,16) 120
(10,16) (9,16) 131
(1,17) (2,17) 129
(2,17) (1,17) 79
(2,17) (3,17) 66
(3,17) (2,17) 119
(3,17) (4,17) 105
(4,17) (3,17) 91
(4,17) (5,17) 115
(5,17) (4,17) 59
(5,17) (6,17) 106
(6,17) (5,17) 123
(6,17) (7,17) 133
(7,17) (6,17) 121
(7,17) (8,17) 138
(8,17) (7,17) 138
(8,17) (9,17) 58
(9,17) (8,17) 56
(9,17) (10,17) 109
(10,17) (9,17) 107
(1,18) (2,18) 110
(2,18) (1,18) 107
(2,18) (3,18) 68
(3,18) (2,18) 48
(3,18) (4,18) 116
(4,18) (3,18) 91
(4,18) (5,18) 140
(5,18) (4,18) 136
(5,18) (6,18) 65
(6,18) (5,18) 97
(6,18) (7,18) 123
(7,18) (6,18) 77
(7,18) (8,18) 59
(8,18) (7,18) 56
(8,18) (9,18) 98
(9,18) (8,18) 106
(9,18) (10,18) 113
(10,18) (9,18) 91
(1,19) (2,19) 50
(2,19) (1,19) 118
(2,19) (3,19) 64
(3,19) (2,19) 52
(3,19) (4,19) 133
(4,19) (3,19) 124
(4,19) (5,19) 65
(5,19) (4,19) 58
(5,19) (6,19) 49
(6,19) (5,19) 64
(6,19) (7,19) 106
(7,19) (6,19) 109
(7,19) (8,19) 85
(8,19) (7,19) 66
(8,19) (9,19) 91
(9,19) (8,19) 56
(9,19) (10,19) 96
(10,19) (9,19) 89
(1,20) (2,20) 75
(2,20) (1,20) 62
(2,20) (3,20) 89
(3,20) (2,20) 54
(3,20) (4,20) 117
(4,20) (3,20) 117
(4,20) (5,20) 53
(5,20) (4,20) 124
(5,20) (6,20) 81
(6,20) (5,20) 141
(6,20) (7,20) 89
(7,20) (6,20) 94
(7,20) (8,20) 95
(8,20) (7,20) 134
(8,20) (9,20) 113
(9,20) (8,20) 48
(9,20) (10,20) 122
(10,20) (9,20) 98
(1,21) (2,21) 86
(2,21) (1,21) 58
(2,21) (3,21) 62
(3,21) (2,21) 82
(3,21) (4,21) 75
(4,21) (3,21) 49
(4,21) (5,21) 104
(5,21) (4,21) 139
(5,21) (6,21) 103
(6,21) (5,21) 88
(6,21) (7,21) 108
(7,21) (6,21) 109
(7,21) (8,21) 79
(8,21) (7,21) 116
(8,21) (9,21) 113
(9,21) (8,21) 64
(9,21) (10,21) 143
(10,21) (9,21) 141
(1,22) (2,22) 133
(2,22) (1,22) 67
(2,22) (3,22) 84
(3,22) (2,22) 65
(3,22) (4,22) 131
(4,22) (3,22) 98
(4,22) (5,22) 60
(5,22) (4,22) 66
(5,22) (6,22) 50
(6,22) (5,22) 127
(6,22) (7,22) 74
(7,22) (6,22) 101
(7,22) (8,22) 56
(8,22) (7,22) 125
(8,22) (9,22) 141
(9,22) (8,22) 77
(9,22) (10,22) 133
(10,22) (9,22) 74
(1,23) (2,23) 124
(2,23) (1,23) 79
(2,23) (3,23) 59
(3,23) (2,23) 64
(3,23) (4,23) 133
(4,23) (3,23) 96
(4,23) (5,23) 110
(5,23) (4,23) 131
(5,23) (6,23) 142
(6,23) (5,23) 116
(6,23) (7,23) 69
(7,23) (6,23) 61
(7,23) (8,23) 133
(8,23) (7,23) 50
(8,23) (9,23) 71
(9,23) (8,23) 135
(9,23) (10,23) 56
(10,23) (9,23) 100
(1,24) (2,24) 117
(2,24) (1,24) 131
(2,24) (3,24) 61
(3,24) (2,24) 107
(3,24) (4,24) 117
(4,24) (3,24) 103
(4,24) (5,24) 132
(5,24) (4,24) 88
(5,24) (6,24) 100
(6,24) (5,24) 114
(6,24) (7,24) 59
(7,24) (6,24) 110
(7,24) (8,24) 88
(8,24) (7,24) 86
(8,24) (9,24) 99
(9,24) (8,24) 80
(9,24) (10,24) 56
(10,24) (9,24) 63
(1,25) (2,25) 105
(2,25) (1,25) 90
(2,25) (3,25) 103
(3,25) (2,25) 74
(3,25) (4,25) 124
(4,25) (3,25) 68
(4,25) (5,25) 60
(5,25) (4,25) 50
(5,25) (6,25) 71
(6,25) (5,25) 127
(6,25) (7,25) 125
(7,25) (6,25) 120
(7,25) (8,25) 87
(8,25) (7,25) 53
(8,25) (9,25) 70
(9,25) (8,25) 125
(9,25) (10,25) 130
(10,25) (9,25) 68
(1,26) (2,26) 128
(2,26) (1,26) 66
(2,26) (3,26) 131
(3,26) (2,26) 75
(3,26) (4,26) 124
(4,26) (3,26) 123
(4,26) (5,26) 90
(5,26) (4,26) 68
(5,26) (6,26) 50
(6,26) (5,26) 50
(6,26) (7,26) 121
(7,26) (6,26) 50
(7,26) (8,26) 135
(8,26) (7,26) 52
(8,26) (9,26) 140
(9,26) (8,26) 143
(9,26) (10,26) 50
(10,26) (9,26) 45
(1,27) (2,27) 118
(2,27) (1,27) 122
(2,27) (3,27) 118
(3,27) (2,27) 49
(3,27) (4,27) 77
(4,27) (3,27) 72
(4,27) (5,27) 102
(5,27) (4,27) 134
(5,27) (6,27) 88
(6,27) (5,27) 132
(6,27) (7,27) 132
(7,27) (6,27) 90
(7,27) (8,27) 53
(8,27) (7,27) 85
(8,27) (9,27) 92
(9,27) (8,27) 71
(9,27) (10,27) 45
(10,27) (9,27) 88
(1,28) (2,28) 133
(2,28) (1,28) 106
(2,28) (3,28) 79
(3,28) (2,28) 132
(3,28) (4,28) 124
(4,28) (3,28) 53
(4,28) (5,28) 93
(5,28) (4,28) 59
(5,28) (6,28) 128
(6,28) (5,28) 127
(6,28) (7,28) 71
(7,28) (6,28) 114
(7,28) (8,28) 63
(8,28) (7,28) 62
(8,28) (9,28) 124
(9,28) (8,28) 52
(9,28) (10,28) 59
(10,28) (9,28) 108
(1,29) (2,29) 67
(2,29) (1,29) 87
(2,29) (3,29) 67
(3,29) (2,29) 139
(3,29) (4,29) 65
(4,29) (3,29) 97
(4,29) (5,29) 141
(5,29) (4,29) 116
(5,29) (6,29) 128
(6,29) (5,29) 123
(6,29) (7,29) 95
(7,29) (6,29) 107
(7,29) (8,29) 83
(8,29) (7,29) 68
(8,29) (9,29) 130
(9,29) (8,29) 110
(9,29) (10,29) 95
(10,29) (9,29) 61
(1,30) (2,30) 111
(2,30) (1,30) 103
(2,30) (3,30) 144
(3,30) (2,30) 112
(3,30) (4,30) 58
(4,30) (3,30) 68
(4,30) (5,30) 121
(5,30) (4,30) 111
(5,30) (6,30) 114
(6,30) (5,30) 46
(6,30) (7,30) 89
(7,30) (6,30) 91
(7,30) (8,30) 87
(8,30) (7,30) 110
(8,30) (9,30) 141
(9,30) (8,30) 79
(9,30) (10,30) 50
(10,30) (9,30) 73
(1,31) (2,31) 98
(2,31) (1,31) 123
(2,31) (3,31) 134
(3,31) (2,31) 134
(3,31) (4,31) 137
(4,31) (3,31) 81
(4,31) (5,31) 124
(5,31) (4,31) 78
(5,31) (6,31) 112
(6,31) (5,31) 143
(6,31) (7,31) 97
(7,31) (6,31) 131
(7,31) (8,31) 112
(8,31) (7,31) 47
(8,31) (9,31) 80
(9,31) (8,31) 90
(9,31) (10,31) 97
(10,31) (9,31) 109
(1,32) (2,32) 71
(2,32) (1,32) 84
(2,32) (3,32) 125
(3,32) (2,32) 131
(3,32) (4,32) 140
(4,32) (3,32) 60
(4,32) (5,32) 121
(5,32) (4,32) 75
(5,32) (6,32) 125
(6,32) (5,32) 119
(6,32) (7,32) 63
(7,32) (6,32) 137
(7,32) (8,32) 109
(8,32) (7,32) 141
(8,32) (9,32) 108
(9,32) (8,32) 84
(9,32) (10,32) 114
(10,32) (9,32) 144
(1,33) (2,33) 138
(2,33) (1,33) 48
(2,33) (3,33) 52
(3,33) (2,33) 63
(3,33) (4,33) 61
(4,33) (3,33) 57
(4,33) (5,33) 52
(5,33) (4,33) 137
(5,33) (6,33) 80
(6,33) (5,33) 123
(6,33) (7,33) 62
(7,33) (6,33) 124
(7,33) (8,33) 137
(8,33) (7,33) 130
(8,33) (9,33) 73
(9,33) (8,33) 49
(9,33) (10,33) 141
(10,33) (9,33) 90
(1,34) (2,34) 92
(2,34) (1,34) 114
(2,34) (3,34) 61
(3,34) (2,34) 140
(3,34) (4,34) 82
(4,34) (3,34) 144
(4,34) (5,34) 53
(5,34) (4,34) 123
(5,34) (6,34) 56
(6,34) (5,34) 114
(6,34) (7,34) 83
(7,34) (6,34) 90
(7,34) (8,34) 87
(8,34) (7,34) 142
(8,34) (9,34) 97
(9,34) (8,34) 47
(9,34) (10,34) 133
(10,34) (9,34) 119
(1,35) (2,35) 129
(2,35) (1,35) 74
(2,35) (3,35) 60
(3,35) (2,35) 97
(3,35) (4,35) 121
(4,35) (3,35) 132
(4,35) (5,35) 70
(5,35) (4,35) 81
(5,35) (6,35) 63
(6,35) (5,35) 91
(6,35) (7,35) 117
(7,35) (6,35) 57
(7,35) (8,35) 107
(8,35) (7,35) 82
(8,35) (9,35) 110
(9,35) (8,35) 137
(9,35) (10,35) 57
(10,35) (9,35) 66
(1,36) (2,36) 94
(2,36) (1,36) 99
(2,36) (3,36) 135
(3,36) (2,36) 125
(3,36) (4,36) 77
(4,36) (3,36) 57
(4,36) (5,36) 58
(5,36) (4,36) 74
(5,36) (6,36) 91
(6,36) (5,36) 113
(6,36) (7,36) 85
(7,36) (6,36) 82
(7,36) (8,36) 134
(8,36) (7,36) 133
(8,36) (9,36) 57
(9,36) (8,36) 86
(9,36) (10,36) 137
(10,36) (9,36) 53
(1,37) (2,37) 81
(2,37) (1,37) 91
(2,37) (3,37) 134
(3,37) (2,37) 111
(3,37) (4,37) 48
(4,37) (3,37) 119
(4,37) (5,37) 102
(5,37) (4,37) 87
(5,37) (6,37) 105
(6,37) (5,37) 133
(6,37) (7,37) 135
(7,37) (6,37) 144
(7,37) (8,37) 120
(8,37) (7,37) 69
(8,37) (9,37) 109
(9,37) (8,37) 118
(9,37) (10,37) 65
(10,37) (9,37) 86
(1,38) (2,38) 98
(2,38) (1,38) 126
(2,38) (3,38) 61
(3,38) (2,38) 52
(3,38) (4,38) 63
(4,38) (3,38) 71
(4,38) (5,38) 93
(5,38) (4,38) 86
(5,38) (6,38) 99
(6,38) (5,38) 123
(6,38) (7,38) 112
(7,38) (6,38) 93
(7,38) (8,38) 94
(8,38) (7,38) 59
(8,38) (9,38) 115
(9,38) (8,38) 115
(9,38) (10,38) 128
(10,38) (9,38) 124
(1,39) (2,39) 67
(2,39) (1,39) 144
(2,39) (3,39) 106
(3,39) (2,39) 99
(3,39) (4,39) 102
(4,39) (3,39) 83
(4,39) (5,39) 118
(5,39) (4,39) 48
(5,39) (6,39) 102
(6,39) (5,39) 57
(6,39) (7,39) 138
(7,39) (6,39) 108
(7,39) (8,39) 91
(8,39) (7,39) 90
(8,39) (9,39) 58
(9,39) (8,39) 112
(9,39) (10,39) 46
(10,39) (9,39) 121
(1,40) (2,40) 47
(2,40) (1,40) 134
(2,40) (3,40) 91
(3,40) (2,40) 106
(3,40) (4,40) 117
(4,40) (3,40) 130
(4,40) (5,40) 132
(5,40) (4,40) 79
(5,40) (6,40) 125
(6,40) (5,40) 142
(6,40) (7,40) 102
(7,40) (6,40) 101
(7,40) (8,40) 140
(8,40) (7,40) 120
(8,40) (9,40) 97
(9,40) (8,40) 121
(9,40) (10,40) 119
(10,40) (9,40) 57
(1,41) (2,41) 102
(2,41) (1,41) 51
(2,41) (3,41) 63
(3,41) (2,41) 89
(3,41) (4,41) 104
(4,41) (3,41) 65
(4,41) (5,41) 46
(5,41) (4,41) 88
(5,41) (6,41) 89
(6,41) (5,41) 126
(6,41) (7,41) 49
(7,41) (6,41) 96
(7,41) (8,41) 138
(8,41) (7,41) 75
(8,41) (9,41) 82
(9,41) (8,41) 117
(9,41) (10,41) 94
(10,41) (9,41) 107
(1,42) (2,42) 66
(2,42) (1,42) 129
(2,42) (3,42) 73
(3,42) (2,42) 79
(3,42) (4,42) 48
(4,42) (3,42) 78
(4,42) (5,42) 68
(5,42) (4,42) 143
(5,42) (6,42) 88
(6,42) (5,42) 133
(6,42) (7,42) 134
(7,42) (6,42) 101
(7,42) (8,42) 94
(8,42) (7,42) 98
(8,42) (9,42) 140
(9,42) (8,42) 45
(9,42) (10,42) 79
(10,42) (9,42) 118
(1,43) (2,43) 142
(2,43) (1,43) 127
(2,43) (3,43) 85
(3,43) (2,43) 89
(3,43) (4,43) 115
(4,43) (3,43) 49
(4,43) (5,43) 64
(5,43) (4,43) 66
(5,43) (6,43) 143
(6,43) (5,43) 138
(6,43) (7,43) 138
(7,43) (6,43) 80
(7,43) (8,43) 58
(8,43) (7,43) 88
(8,43) (9,43) 69
(9,43) (8,43) 74
(9,43) (10,43) 136
(10,43) (9,43) 83
(1,44) (2,44) 124
(2,44) (1,44) 67
(2,44) (3,44) 79
(3,44) (2,44) 140
(3,44) (4,44) 142
(4,44) (3,44) 129
(4,44) (5,44) 65
(5,44) (4,44) 49
(5,44) (6,44) 131
(6,44) (5,44) 60
(6,44) (7,44) 66
(7,44) (6,44) 54
(7,44) (8,44) 80
(8,44) (7,44) 116
(8,44) (9,44) 59
(9,44) (8,44) 93
(9,44) (10,44) 79
(10,44) (9,44) 92
(1,45) (2,45) 49
(2,45) (1,45) 135
(2,45) (3,45) 46
(3,45) (2,45) 61
(3,45) (4,45) 49
(4,45) (3,45) 80
(4,45) (5,45) 125
(5,45) (4,45) 143
(5,45) (6,45) 50
(6,45) (5,45) 90
(6,45) (7,45) 63
(7,45) (6,45) 138
(7,45) (8,45) 137
(8,45) (7,45) 69
(8,45) (9,45) 141
(9,45) (8,45) 53
(9,45) (10,45) 93
(10,45) (9,45) 57
(1,46) (2,46) 137
(2,46) (1,46) 104
(2,46) (3,46) 82
(3,46) (2,46) 58
(3,46) (4,46) 113
(4,46) (3,46) 141
(4,46) (5,46) 127
(5,46) (4,46) 113
(5,46) (6,46) 57
(6,46) (5,46) 75
(6,46) (7,46) 136
(7,46) (6,46) 113
(7,46) (8,46) 72
(8,46) (7,46) 90
(8,46) (9,46) 60
(9,46) (8,46) 81
(9,46) (10,46) 107
(10,46) (9,46) 126
(1,47) (2,47) 87
(2,47) (1,47) 56
(2,47) (3,47) 112
(3,47) (2,47) 94
(3,47) (4,47) 64
(4,47) (3,47) 115
(4,47) (5,47) 86
(5,47) (4,47) 128
(5,47) (6,47) 95
(6,47) (5,47) 51
(6,47) (7,47) 58
(7,47) (6,47) 73
(7,47) (8,47) 125
(8,47) (7,47) 48
(8,47) (9,47) 129
(9,47) (8,47) 96
(9,47) (10,47) 134
(10,47) (9,47) 94
(1,48) (2,48) 61
(2,48) (1,48) 116
(2,48) (3,48) 99
(3,48) (2,48) 79
(3,48) (4,48) 107
(4,48) (3,48) 70
(4,48) (5,48) 48
(5,48) (4,48) 113
(5,48) (6,48) 87
(6,48) (5,48) 136
(6,48) (7,48) 138
(7,48) (6,48) 122
(7,48) (8,48) 56
(8,48) (7,48) 140
(8,48) (9,48) 102
(9,48) (8,48) 58
(9,48) (10,48) 107
(10,48) (9,48) 78
(1,49) (2,49) 107
(2,49) (1,49) 118
(2,49) (3,49) 133
(3,49) (2,49) 66
(3,49) (4,49) 82
(4,49) (3,49) 119
(4,49) (5,49) 48
(5,49) (4,49) 57
(5,49) (6,49) 83
(6,49) (5,49) 77
(6,49) (7,49) 107
(7,49) (6,49) 99
(7,49) (8,49) 125
(8,49) (7,49) 114
(8,49) (9,49) 104
(9,49) (8,49) 49
(9,49) (10,49) 58
(10,49) (9,49) 107
(1,50) (2,50) 139
(2,50) (1,50) 46
(2,50) (3,50) 80
(3,50) (2,50) 70
(3,50) (4,50) 85
(4,50) (3,50) 48
(4,50) (5,50) 124
(5,50) (4,50) 135
(5,50) (6,50) 132
(6,50) (5,50) 113
(6,50) (7,50) 62
(7,50) (6,50) 105
(7,50) (8,50) 97
(8,50) (7,50) 65
(8,50) (9,50) 75
(9,50) (8,50) 124
(9,50) (10,50) 68
(10,50) (9,50) 93
(1,51) (2,51) 95
(2,51) (1,51) 122
(2,51) (3,51) 119
(3,51) (2,51) 59
(3,51) (4,51) 62
(4,51) (3,51) 91
(4,51) (5,51) 50
(5,51) (4,51) 73
(5,51) (6,51) 102
(6,51) (5,51) 90
(6,51) (7,51) 135
(7,51) (6,51) 88
(7,51) (8,51) 52
(8,51) (7,51) 53
(8,51) (9,51) 106
(9,51) (8,51) 63
(9,51) (10,51) 72
(10,51) (9,51) 144
(1,52) (2,52) 122
(2,52) (1,52) 64
(2,52) (3,52) 46
(3,52) (2,52) 135
(3,52) (4,52) 135
(4,52) (3,52) 139
(4,52) (5,52) 49
(5,52) (4,52) 59
(5,52) (6,52) 59
(6,52) (5,52) 65
(6,52) (7,52) 60
(7,52) (6,52) 119
(7,52) (8,52) 119
(8,52) (7,52) 116
(8,52) (9,52) 50
(9,52) (8,52) 52
(9,52) (10,52) 135
(10,52) (9,52) 86
(1,53) (2,53) 108
(2,53) (1,53) 106
(2,53) (3,53) 66
(3,53) (2,53) 83
(3,53) (4,53) 133
(4,53) (3,53) 118
(4,53) (5,53) 93
(5,53) (4,53) 130
(5,53) (6,53) 65
(6,53) (5,53) 126
(6,53) (7,53) 95
(7,53) (6,53) 120
(7,53) (8,53) 86
(8,53) (7,53) 59
(8,53) (9,53) 82
(9,53) (8,53) 115
(9,53) (10,53) 85
(10,53) (9,53) 99
(1,54) (2,54) 105
(2,54) (1,54) 142
(2,54) (3,54) 130
(3,54) (2,54) 86
(3,54) (4,54) 81
(4,54) (3,54) 113
(4,54) (5,54) 46
(5,54) (4,54) 115
(5,54) (6,54) 71
(6,54) (5,54) 53
(6,54) (7,54) 98
(7,54) (6,54) 73
(7,54) (8,54) 88
(8,54) (7,54) 58
(8,54) (9,54) 140
(9,54) (8,54) 87
(9,54) (10,54) 64
(10,54) (9,54) 117
(1,55) (2,55) 143
(2,55) (1,55) 138
(2,55) (3,55) 113
(3,55) (2,55) 105
(3,55) (4,55) 125
(4,55) (3,55) 97
(4,55) (5,55) 95
(5,55) (4,55) 110
(5,55) (6,55) 53
(6,55) (5,55) 127
(6,55) (7,55) 57
(7,55) (6,55) 73
(7,55) (8,55) 139
(8,55) (7,55) 114
(8,55) (9,55) 63
(9,55) (8,55) 111
(9,55) (10,55) 47
(10,55) (9,55) 83
(1,56) (2,56) 135
(2,56) (1,56) 89
(2,56) (3,56) 129
(3,56) (2,56) 123
(3,56) (4,56) 83
(4,56) (3,56) 121
(4,56) (5,56) 92
(5,56) (4,56) 105
(5,56) (6,56) 109
(6,56) (5,56) 72
(6,56) (7,56) 90
(7,56) (6,56) 141
(7,56) (8,56) 71
(8,56) (7,56) 83
(8,56) (9,56) 64
(9,56) (8,56) 125
(9,56) (10,56) 54
(10,56) (9,56) 79
(1,57) (2,57) 116
(2,57) (1,57) 83
(2,57) (3,57) 125
(3,57) (2,57) 128
(3,57) (4,57) 127
(4,57) (3,57) 88
(4,57) (5,57) 122
(5,57) (4,57) 79
(5,57) (6,57) 130
(6,57) (5,57) 72
(6,57) (7,57) 96
(7,57) (6,57) 126
(7,57) (8,57) 52
(8,57) (7,57) 54
(8,57) (9,57) 129
(9,57) (8,57) 85
(9,57) (10,57) 125
(10,57) (9,57) 83
(1,58) (2,58) 124
(2,58) (1,58) 143
(2,58) (3,58) 59
(3,58) (2,58) 119
(3,58) (4,58) 67
(4,58) (3,58) 82
(4,58) (5,58) 102
(5,58) (4,58) 105
(5,58) (6,58) 107
(6,58) (5,58) 88
(6,58) (7,58) 55
(7,58) (6,58) 57
(7,58) (8,58) 57
(8,58) (7,58) 95
(8,58) (9,58) 74
(9,58) (8,58) 71
(9,58) (10,58) 61
(10,58) (9,58) 92
(1,59) (2,59) 88
(2,59) (1,59) 90
(2,59) (3,59) 138
(3,59) (2,59) 47
(3,59) (4,59) 116
(4,59) (3,59) 102
(4,59) (5,59) 76
(5,59) (4,59) 87
(5,59) (6,59) 62
(6,59) (5,59) 143
(6,59) (7,59) 110
(7,59) (6,59) 94
(7,59) (8,59) 106
(8,59) (7,59) 76
(8,59) (9,59) 60
(9,59) (8,59) 128
(9,59) (10,59) 56
(10,59) (9,59) 105
(1,60) (2,60) 122
(2,60) (1,60) 54
(2,60) (3,60) 112
(3,60) (2,60) 49
(3,60) (4,60) 92
(4,60) (3,60) 97
(4,60) (5,60) 101
(5,60) (4,60) 132
(5,60) (6,60) 118
(6,60) (5,60) 53
(6,60) (7,60) 87
(7,60) (6,60) 125
(7,60) (8,60) 79
(8,60) (7,60) 76
(8,60) (9,60) 137
(9,60) (8,60) 68
(9,60) (10,60) 45
(10,60) (9,60) 111
(1,61) (2,61) 66
(2,61) (1,61) 55
(2,61) (3,61) 71
(3,61) (2,61) 73
(3,61) (4,61) 49
(4,61) (3,61) 142
(4,61) (5,61) 87
(5,61) (4,61) 74
(5,61) (6,61) 128
(6,61) (5,61) 137
(6,61) (7,61) 89
(7,61) (6,61) 128
(7,61) (8,61) 58
(8,61) (7,61) 142
(8,61) (9,61) 118
(9,61) (8,61) 126
(9,61) (10,61) 116
(10,61) (9,61) 72
(1,62) (2,62) 115
(2,62) (1,62) 133
(2,62) (3,62) 49
(3,62) (2,62) 84
(3,62) (4,62) 48
(4,62) (3,62) 97
(4,62) (5,62) 135
(5,62) (4,62) 134
(5,62) (6,62) 80
(6,62) (5,62) 112
(6,62) (7,62) 54
(7,62) (6,62) 92
(7,62) (8,62) 123
(8,62) (7,62) 114
(8,62) (9,62) 65
(9,62) (8,62) 115
(9,62) (10,62) 82
(10,62) (9,62) 109
(1,63) (2,63) 48
(2,63) (1,63) 79
(2,63) (3,63) 64
(3,63) (2,63) 79
(3,63) (4,63) 139
(4,63) (3,63) 74
(4,63) (5,63) 46
(5,63) (4,63) 114
(5,63) (6,63) 78
(6,63) (5,63) 133
(6,63) (7,63) 115
(7,63) (6,63) 128
(7,63) (8,63) 74
(8,63) (7,63) 60
(8,63) (9,63) 142
(9,63) (8,63) 134
(9,63) (10,63) 104
(10,63) (9,63) 47
(1,64) (2,64) 48
(2,64) (1,64) 47
(2,64) (3,64) 134
(3,64) (2,64) 85
(3,64) (4,64) 46
(4,64) (3,64) 141
(4,64) (5,64) 130
(5,64) (4,64) 84
(5,64) (6,64) 91
(6,64) (5,64) 112
(6,64) (7,64) 92
(7,64) (6,64) 115
(7,64) (8,64) 108
(8,64) (7,64) 58
(8,64) (9,64) 75
(9,64) (8,64) 130
(9,64) (10,64) 129
(10,64) (9,64) 132
(1,65) (2,65) 108
(2,65) (1,65) 84
(2,65) (3,65) 116
(3,65) (2,65) 139
(3,65) (4,65) 91
(4,65) (3,65) 120
(4,65) (5,65) 124
(5,65) (4,65) 91
(5,65) (6,65) 122
(6,65) (5,65) 89
(6,65) (7,65) 116
(7,65) (6,65) 65
(7,65) (8,65) 54
(8,65) (7,65) 142
(8,65) (9,65) 119
(9,65) (8,65) 120
(9,65) (10,65) 60
(10,65) (9,65) 131
(1,66) (2,66) 116
(2,66) (1,66) 139
(2,66) (3,66) 81
(3,66) (2,66) 74
(3,66) (4,66) 90
(4,66) (3,66) 89
(4,66) (5,66) 134
(5,66) (4,66) 83
(5,66) (6,66) 113
(6,66) (5,66) 82
(6,66) (7,66) 131
(7,66) (6,66) 91
(7,66) (8,66) 66
(8,66) (7,66) 113
(8,66) (9,66) 109
(9,66) (8,66) 107
(9,66) (10,66) 86
(10,66) (9,66) 107
(1,67) (2,67) 122
(2,67) (1,67) 81
(2,67) (3,67) 78
(3,67) (2,67) 135
(3,67) (4,67) 88
(4,67) (3,67) 55
(4,67) (5,67) 70
(5,67) (4,67) 45
(5,67) (6,67) 81
(6,67) (5,67) 97
(6,67) (7,67) 135
(7,67) (6,67) 102
(7,67) (8,67) 138
(8,67) (7,67) 139
(8,67) (9,67) 51
(9,67) (8,67) 90
(9,67) (10,67) 77
(10,67) (9,67) 120
(1,68) (2,68) 48
(2,68) (1,68) 93
(2,68) (3,68) 121
(3,68) (2,68) 141
(3,68) (4,68) 118
(4,68) (3,68) 62
(4,68) (5,68) 76
(5,68) (4,68) 93
(5,68) (6,68) 74
(6,68) (5,68) 66
(6,68) (7,68) 67
(7,68) (6,68) 81
(7,68) (8,68) 76
(8,68) (7,68) 82
(8,68) (9,68) 86
(9,68) (8,68) 129
(9,68) (10,68) 53
(10,68) (9,68) 113
(1,69) (2,69) 92
(2,69) (1,69) 67
(2,69) (3,69) 70
(3,69) (2,69) 116
(3,69) (4,69) 92
(4,69) (3,69) 69
(4,69) (5,69) 48
(5,69) (4,69) 71
(5,69) (6,69) 58
(6,69) (5,69) 125
(6,69) (7,69) 65
(7,69) (6,69) 93
(7,69) (8,69) 91
(8,69) (7,69) 63
(8,69) (9,69) 65
(9,69) (8,69) 113
(9,69) (10,69) 127
(10,69) (9,69) 87
(1,70) (2,70) 122
(2,70) (1,70) 97
(2,70) (3,70) 57
(3,70) (2,70) 90
(3,70) (4,70) 110
(4,70) (3,70) 91
(4,70) (5,70) 98
(5,70) (4,70) 109
(5,70) (6,70) 134
(6,70) (5,70) 67
(6,70) (7,70) 52
(7,70) (6,70) 84
(7,70) (8,70) 77
(8,70) (7,70) 127
(8,70) (9,70) 138
(9,70) (8,70) 45
(9,70) (10,70) 71
(10,70) (9,70) 131
(1,71) (2,71) 57
(2,71) (1,71) 91
(2,71) (3,71) 84
(3,71) (2,71) 54
(3,71) (4,71) 53
(4,71) (3,71) 126
(4,71) (5,71) 105
(5,71) (4,71) 53
(5,71) (6,71) 93
(6,71) (5,71) 107
(6,71) (7,71) 144
(7,71) (6,71) 79
(7,71) (8,71) 126
(8,71) (7,71) 125
(8,71) (9,71) 69
(9,71) (8,71) 109
(9,71) (10,71) 83
(10,71) (9,71) 88
(1,72) (2,72) 118
(2,72) (1,72) 77
(2,72) (3,72) 87
(3,72) (2,72) 48
(3,72) (4,72) 133
(4,72) (3,72) 46
(4,72) (5,72) 112
(5,72) (4,72) 50
(5,72) (6,72) 141
(6,72) (5,72) 107
(6,72) (7,72) 95
(7,72) (6,72) 67
(7,72) (8,72) 45
(8,72) (7,72) 137
(8,72) (9,72) 116
(9,72) (8,72) 58
(9,72) (10,72) 121
(10,72) (9,72) 91
(1,73) (2,73) 107
(2,73) (1,73) 105
(2,73) (3,73) 75
(3,73) (2,73) 57
(3,73) (4,73) 91
(4,73) (3,73) 112
(4,73) (5,73) 95
(5,73) (4,73) 129
(5,73) (6,73) 141
(6,73) (5,73) 78
(6,73) (7,73) 96
(7,73) (6,73) 139
(7,73) (8,73) 109
(8,73) (7,73) 48
(8,73) (9,73) 97
(9,73) (8,73) 115
(9,73) (10,73) 80
(10,73) (9,73) 76
(1,74) (2,74) 64
(2,74) (1,74) 81
(2,74) (3,74) 57
(3,74) (2,74) 63
(3,74) (4,74) 142
(4,74) (3,74) 96
(4,74) (5,74) 113
(5,74) (4,74) 84
(5,74) (6,74) 101
(6,74) (5,74) 116
(6,74) (7,74) 118
(7,74) (6,74) 89
(7,74) (8,74) 144
(8,74) (7,74) 102
(8,74) (9,74) 77
(9,74) (8,74) 139
(9,74) (10,74) 131
(10,74) (9,74) 50
(1,75) (2,75) 108
(2,75) (1,75) 134
(2,75) (3,75) 128
(3,75) (2,75) 126
(3,75) (4,75) 95
(4,75) (3,75) 106
(4,75) (5,75) 57
(5,75) (4,75) 126
(5,75) (6,75) 84
(6,75) (5,75) 87
(6,75) (7,75) 77
(7,75) (6,75) 132
(7,75) (8,75) 130
(8,75) (7,75) 80
(8,75) (9,75) 111
(9,75) (8,75) 86
(9,75) (10,75) 119
(10,75) (9,75) 91
(1,76) (2,76) 136
(2,76) (1,76) 122
(2,76) (3,76) 85
(3,76) (2,76) 65
(3,76) (4,76) 86
(4,76) (3,76) 137
(4,76) (5,76) 51
(5,76) (4,76) 116
(5,76) (6,76) 89
(6,76) (5,76) 68
(6,76) (7,76) 133
(7,76) (6,76) 99
(7,76) (8,76) 66
(8,76) (7,76) 84
(8,76) (9,76) 137
(9,76) (8,76) 73
(9,76) (10,76) 108
(10,76) (9,76) 78
(1,77) (2,77) 82
(2,77) (1,77) 98
(2,77) (3,77) 142
(3,77) (2,77) 91
(3,77) (4,77) 79
(4,77) (3,77) 79
(4,77) (5,77) 140
(5,77) (4,77) 142
(5,77) (6,77) 114
(6,77) (5,77) 109
(6,77) (7,77) 62
(7,77) (6,77) 129
(7,77) (8,77) 79
(8,77) (7,77) 118
(8,77) (9,77) 67
(9,77) (8,77) 57
(9,77) (10,77) 143
(10,77) (9,77) 116
(1,78) (2,78) 112
(2,78) (1,78) 63
(2,78) (3,78) 66
(3,78) (2,78) 86
(3,78) (4,78) 127
(4,78) (3,78) 51
(4,78) (5,78) 129
(5,78) (4,78) 57
(5,78) (6,78) 51
(6,78) (5,78) 59
(6,78) (7,78) 114
(7,78) (6,78) 56
(7,78) (8,78) 74
(8,78) (7,78) 53
(8,78) (9,78) 49
(9,78) (8,78) 73
(9,78) (10,78) 135
(10,78) (9,78) 114
(1,79) (2,79) 103
(2,79) (1,79) 133
(2,79) (3,79) 131
(3,79) (2,79) 132
(3,79) (4,79) 86
(4,79) (3,79) 110
(4,79) (5,79) 82
(5,79) (4,79) 59
(5,79) (6,79) 77
(6,79) (5,79) 67
(6,79) (7,79) 55
(7,79) (6,79) 65
(7,79) (8,79) 144
(8,79) (7,79) 57
(8,79) (9,79) 99
(9,79) (8,79) 52
(9,79) (10,79) 47
(10,79) (9,79) 129
(1,80) (2,80) 68
(2,80) (1,80) 81
(2,80) (3,80) 83
(3,80) (2,80) 94
(3,80) (4,80) 131
(4,80) (3,80) 94
(4,80) (5,80) 105
(5,80) (4,80) 49
(5,80) (6,80) 60
(6,80) (5,80) 63
(6,80) (7,80) 88
(7,80) (6,80) 60
(7,80) (8,80) 78
(8,80) (7,80) 82
(8,80) (9,80) 99
(9,80) (8,80) 109
(9,80) (10,80) 106
(10,80) (9,80) 87
(1,81) (2,81) 116
(2,81) (1,81) 88
(2,81) (3,81) 102
(3,81) (2,81) 100
(3,81) (4,81) 84
(4,81) (3,81) 56
(4,81) (5,81) 119
(5,81) (4,81) 51
(5,81) (6,81) 102
(6,81) (5,81) 70
(6,81) (7,81) 92
(7,81) (6,81) 129
(7,81) (8,81) 123
(8,81) (7,81) 111
(8,81) (9,81) 46
(9,81) (8,81) 49
(9,81) (10,81) 136
(10,81) (9,81) 66
(1,82) (2,82) 124
(2,82) (1,82) 58
(2,82) (3,82) 49
(3,82) (2,82) 82
(3,82) (4,82) 56
(4,82) (3,82) 129
(4,82) (5,82) 67
(5,82) (4,82) 130
(5,82) (6,82) 117
(6,82) (5,82) 77
(6,82) (7,82) 100
(7,82) (6,82) 51
(7,82) (8,82) 112
(8,82) (7,82) 45
(8,82) (9,82) 50
(9,82) (8,82) 74
(9,82) (10,82) 66
(10,82) (9,82) 132
(1,83) (2,83) 141
(2,83) (1,83) 55
(2,83) (3,83) 48
(3,83) (2,83) 77
(3,83) (4,83) 142
(4,83) (3,83) 54
(4,83) (5,83) 58
(5,83) (4,83) 57
(5,83) (6,83) 66
(6,83) (5,83) 90
(6,83) (7,83) 122
(7,83) (6,83) 47
(7,83) (8,83) 129
(8,83) (7,83) 87
(8,83) (9,83) 76
(9,83) (8,83) 102
(9,83) (10,83) 128
(10,83) (9,83) 65
(1,84) (2,84) 63
(2,84) (1,84) 118
(2,84) (3,84) 117
(3,84) (2,84) 51
(3,84) (4,84) 79
(4,84) (3,84) 96
(4,84) (5,84) 50
(5,84) (4,84) 126
(5,84) (6,84) 115
(6,84) (5,84) 136
(6,84) (7,84) 126
(7,84) (6,84) 88
(7,84) (8,84) 115
(8,84) (7,84) 126
(8,84) (9,84) 55
(9,84) (8,84) 114
(9,84) (10,84) 114
(10,84) (9,84) 57
(1,85) (2,85) 69
(2,85) (1,85) 74
(2,85) (3,85) 81
(3,85) (2,85) 61
(3,85) (4,85) 79
(4,85) (3,85) 48
(4,85) (5,85) 68
(5,85) (4,85) 51
(5,85) (6,85) 92
(6,85) (5,85) 123
(6,85) (7,85) 59
(7,85) (6,85) 115
(7,85) (8,85) 98
(8,85) (7,85) 68
(8,85) (9,85) 61
(9,85) (8,85) 73
(9,85) (10,85) 132
(10,85) (9,85) 72
(1,86) (2,86) 85
(2,86) (1,86) 122
(2,86) (3,86) 116
(3,86) (2,86) 72
(3,86) (4,86) 105
(4,86) (3,86) 58
(4,86) (5,86) 46
(5,86) (4,86) 103
(5,86) (6,86) 48
(6,86) (5,86) 139
(6,86) (7,86) 106
(7,86) (6,86) 47
(7,86) (8,86) 81
(8,86) (7,86) 134
(8,86) (9,86) 53
(9,86) (8,86) 72
(9,86) (10,86) 118
(10,86) (9,86) 113
(1,87) (2,87) 99
(2,87) (1,87) 142
(2,87) (3,87) 123
(3,87) (2,87) 101
(3,87) (4,87) 75
(4,87) (3,87) 134
(4,87) (5,87) 91
(5,87) (4,87) 133
(5,87) (6,87) 84
(6,87) (5,87) 84
(6,87) (7,87) 69
(7,87) (6,87) 144
(7,87) (8,87) 47
(8,87) (7,87) 92
(8,87) (9,87) 49
(9,87) (8,87) 97
(9,87) (10,87) 66
(10,87) (9,87) 144
(1,88) (2,88) 51
(2,88) (1,88) 81
(2,88) (3,88) 104
(3,88) (2,88) 98
(3,88) (4,88) 49
(4,88) (3,88) 131
(4,88) (5,88) 76
(5,88) (4,88) 91
(5,88) (6,88) 56
(6,88) (5,88) 116
(6,88) (7,88) 112
(7,88) (6,88) 84
(7,88) (8,88) 80
(8,88) (7,88) 116
(8,88) (9,88) 109
(9,88) (8,88) 140
(9,88) (10,88) 76
(10,88) (9,88) 134
(1,89) (2,89) 121
(2,89) (1,89) 143
(2,89) (3,89) 86
(3,89) (2,89) 67
(3,89) (4,89) 138
(4,89) (3,89) 69
(4,89) (5,89) 89
(5,89) (4,89) 79
(5,89) (6,89) 90
(6,89) (5,89) 132
(6,89) (7,89) 57
(7,89) (6,89) 61
(7,89) (8,89) 97
(8,89) (7,89) 129
(8,89) (9,89) 120
(9,89) (8,89) 92
(9,89) (10,89) 126
(10,89) (9,89) 74
(1,90) (2,90) 86
(2,90) (1,90) 65
(2,90) (3,90) 110
(3,90) (2,90) 70
(3,90) (4,90) 84
(4,90) (3,90) 91
(4,90) (5,90) 140
(5,90) (4,90) 140
(5,90) (6,90) 83
(6,90) (5,90) 103
(6,90) (7,90) 122
(7,90) (6,90) 86
(7,90) (8,90) 123
(8,90) (7,90) 48
(8,90) (9,90) 81
(9,90) (8,90) 54
(9,90) (10,90) 127
(10,90) (9,90) 86
(1,91) (2,91) 127
(2,91) (1,91) 51
(2,91) (3,91) 67
(3,91) (2,91) 108
(3,91) (4,91) 125
(4,91) (3,91) 103
(4,91) (5,91) 97
(5,91) (4,91) 124
(5,91) (6,91) 65
(6,91) (5,91) 112
(6,91) (7,91) 78
(7,91) (6,91) 64
(7,91) (8,91) 70
(8,91) (7,91) 46
(8,91) (9,91) 104
(9,91) (8,91) 134
(9,91) (10,91) 127
(10,91) (9,91) 120
(1,92) (2,92) 85
(2,92) (1,92) 75
(2,92) (3,92) 67
(3,92) (2,92) 115
(3,92) (4,92) 83
(4,92) (3,92) 86
(4,92) (5,92) 89
(5,92) (4,92) 144
(5,92) (6,92) 100
(6,92) (5,92) 133
(6,92) (7,92) 49
(7,92) (6,92) 140
(7,92) (8,92) 134
(8,92) (7,92) 70
(8,92) (9,92) 51
(9,92) (8,92) 66
(9,92) (10,92) 104
(10,92) (9,92) 88
(1,93) (2,93) 104
(2,93) (1,93) 86
(2,93) (3,93) 135
(3,93) (2,93) 136
(3,93) (4,93) 125
(4,93) (3,93) 54
(4,93) (5,93) 119
(5,93) (4,93) 71
(5,93) (6,93) 75
(6,93) (5,93) 114
(6,93) (7,93) 66
(7,93) (6,93) 89
(7,93) (8,93) 109
(8,93) (7,93) 81
(8,93) (9,93) 47
(9,93) (8,93) 65
(9,93) (10,93) 103
(10,93) (9,93) 66
(1,94) (2,94) 105
(2,94) (1,94) 104
(2,94) (3,94) 103
(3,94) (2,94) 93
(3,94) (4,94) 87
(4,94) (3,94) 128
(4,94) (5,94) 96
(5,94) (4,94) 124
(5,94) (6,94) 84
(6,94) (5,94) 67
(6,94) (7,94) 83
(7,94) (6,94) 134
(7,94) (8,94) 84
(8,94) (7,94) 96
(8,94) (9,94) 107
(9,94) (8,94) 99
(9,94) (10,94) 133
(10,94) (9,94) 89
(1,95) (2,95) 125
(2,95) (1,95) 109
(2,95) (3,95) 140
(3,95) (2,95) 123
(3,95) (4,95) 124
(4,95) (3,95) 95
(4,95) (5,95) 72
(5,95) (4,95) 128
(5,95) (6,95) 72
(6,95) (5,95) 113
(6,95) (7,95) 142
(7,95) (6,95) 76
(7,95) (8,95) 46
(8,95) (7,95) 51
(8,95) (9,95) 80
(9,95) (8,95) 94
(9,95) (10,95) 56
(10,95) (9,95) 115
(1,96) (2,96) 47
(2,96) (1,96) 89
(2,96) (3,96) 105
(3,96) (2,96) 94
(3,96) (4,96) 136
(4,96) (3,96) 64
(4,96) (5,96) 119
(5,96) (4,96) 139
(5,96) (6,96) 94
(6,96) (5,96) 79
(6,96) (7,96) 51
(7,96) (6,96) 109
(7,96) (8,96) 86
(8,96) (7,96) 93
(8,96) (9,96) 106
(9,96) (8,96) 138
(9,96) (10,96) 105
(10,96) (9,96) 106
(1,97) (2,97) 75
(2,97) (1,97) 84
(2,97) (3,97) 87
(3,97) (2,97) 125
(3,97) (4,97) 141
(4,97) (3,97) 51
(4,97) (5,97) 101
(5,97) (4,97) 60
(5,97) (6,97) 86
(6,97) (5,97) 74
(6,97) (7,97) 72
(7,97) (6,97) 52
(7,97) (8,97) 122
(8,97) (7,97) 84
(8,97) (9,97) 82
(9,97) (8,97) 144
(9,97) (10,97) 102
(10,97) (9,97) 55
(1,98) (2,98) 62
(2,98) (1,98) 129
(2,98) (3,98) 114
(3,98) (2,98) 49
(3,98) (4,98) 67
(4,98) (3,98) 45
(4,98) (5,98) 134
(5,98) (4,98) 77
(5,98) (6,98) 62
(6,98) (5,98) 142
(6,98) (7,98) 100
(7,98) (6,98) 129
(7,98) (8,98) 94
(8,98) (7,98) 70
(8,98) (9,98) 123
(9,98) (8,98) 46
(9,98) (10,98) 90
(10,98) (9,98) 108
(1,99) (2,99) 83
(2,99) (1,99) 53
(2,99) (3,99) 133
(3,99) (2,99) 129
(3,99) (4,99) 101
(4,99) (3,99) 54
(4,99) (5,99) 106
(5,99) (4,99) 53
(5,99) (6,99) 92
(6,99) (5,99) 78
(6,99) (7,99) 62
(7,99) (6,99) 102
(7,99) (8,99) 122
(8,99) (7,99) 115
(8,99) (9,99) 126
(9,99) (8,99) 96
(9,99) (10,99) 45
(10,99) (9,99) 111
(1,100) (2,100) 111
(2,100) (1,100) 74
(2,100) (3,100) 97
(3,100) (2,100) 113
(3,100) (4,100) 110
(4,100) (3,100) 136
(4,100) (5,100) 86
(5,100) (4,100) 66
(5,100) (6,100) 82
(6,100) (5,100) 50
(6,100) (7,100) 96
(7,100) (6,100) 112
(7,100) (8,100) 81
(8,100) (7,100) 98
(8,100) (9,100) 103
(9,100) (8,100) 81
(9,100) (10,100) 86
(10,100) (9,100) 107
(1,100) t 142
(2,100) t 139
(3,100) t 84
(4,100) t 82
(5,100) t 52
(6,100) t 75
(7,100) t 139
(8,100) t 49
(9,100) t 133
(10,100) t 101
