s (1,1) 7
s (2,1) 67
s (3,1) 100
s (4,1) 34
s (5,1) 102
s (6,1) 99
s (7,1) 19
s (8,1) 27
s (9,1) 82
s (10,1) 70
s (11,1) 102
s (12,1) 9
s (13,1) 98
s (14,1) 95
s (15,1) 42
s (16,1) 8
s (17,1) 80
s (18,1) 101
s (19,1) 26
s (20,1) 27
s (21,1) 15
s (22,1) 23
s (23,1) 96
s (24,1) 13
s (25,1) 34
s (26,1) 51
s (27,1) 97
s (28,1) 11
s (29,1) 81
s (30,1) 74
s (31,1) 39
s (32,1) 45
s (33,1) 10
s (34,1) 44
s (35,1) 32
s (36,1) 83
s (37,1) 72
s (38,1) 29
s (39,1) 70
s (40,1) 23
s (41,1) 69
s (42,1) 83
s (43,1) 73
s (44,1) 36
s (45,1) 89
s (46,1) 101
s (47,1) 81
s (48,1) 27
s (49,1) 47
s (50,1) 5
s (51,1) 75
s (52,1) 74
s (53,1) 92
s (54,1) 33
s (55,1) 47
s (56,1) 53
s (57,1) 35
s (58,1) 47
s (59,1) 65
s (60,1) 5
s (61,1) 8
s (62,1) 75
s (63,1) 56
s (64,1) 65
s (65,1) 54
s (66,1) 20
s (67,1) 55
s (68,1) 24
s (69,1) 99
s (70,1) 63
s (71,1) 59
s (72,1) 49
s (73,1) 10
s (74,1) 12
s (75,1) 42
s (76,1) 30
s (77,1) 21
s (78,1) 46
s (79,1) 75
s (80,1) 48
s (81,1) 92
s (82,1) 25
s (83,1) 62
s (84,1) 16
s (85,1) 38
s (86,1) 52
s (87,1) 75
s (88,1) 87
s (89,1) 39
s (90,1) 73
s (91,1) 71
s (92,1) 20
s (93,1) 45
s (94,1) 42
s (95,1) 16
s (96,1) 102
s (97,1) 37
s (98,1) 97
s (99,1) 23
s (100,1) 28
(1,1) (1,2) 57
(2,1) (2,2) 48
(3,1) (3,2) 11
(4,1) (4,2) 34
(5,1) (5,2) 83
(6,1) (6,2) 60
(7,1) (7,2) 84
(8,1) (8,2) 63
(9,1) (9,2) 43
(10,1) (10,2) 71
(11,1) (11,2) 21
(12,1) (12,2) 25
(13,1) (13,2) 102
(14,1) (14,2) 74
(15,1) (15,2) 67
(16,1) (16,2) 46
(17,1) (17,2) 45
(18,1) (18,2) 72
(19,1) (19,2) 104
(20,1) (20,2) 104
(21,1) (21,2) 102
(22,1) (22,2) 73
(23,1) (23,2) 49
(24,1) (24,2) 39
(25,1) (25,2) 46
(26,1) (26,2) 62
(27,1) (27,2) 48
(28,1) (28,2) 8
(29,1) (29,2) 75
(30,1) (30,2) 58
(31,1) (31,2) 102
(32,1) (32,2) 70
(33,1) (33,2) 40
(34,1) (34,2) 60
(35,1) (35,2) 57
(36,1) (36,2) 21
(37,1) (37,2) 96
(38,1) (38,2) 80
(39,1) (39,2) 22
(40,1) (40,2) 26
(41,1) (41,2) 44
(42,1) (42,2) 84
(43,1) (43,2) 81
(44,1) (44,2) 74
(45,1) (45,2) 22
(46,1) (46,2) 55
(47,1) (47,2) 38
(48,1) (48,2) 28
(49,1) (49,2) 43
(50,1) (50,2) 5
(51,1) (51,2) 57
(52,1) (52,2) 74
(53,1) (53,2) 28
(54,1) (54,2) 98
(55,1) (55,2) 101
(56,1) (56,2) 12
(57,1) (57,2) 40
(58,1) (58,2) 49
(59,1) (59,2) 94
(60,1) (60,2) 43
(61,1) (61,2) 82
(62,1) (62,2) 21
(63,1) (63,2) 49
(64,1) (64,2) 17
(65,1) (65,2) 38
(66,1) (66,2) 75
(67,1) (67,2) 17
(68,1) (68,2) 50
(69,1) (69,2) 67
(70,1) (70,2) 87
(71,1) (71,2) 89
(72,1) (72,2) 69
(73,1) (73,2) 37
(74,1) (74,2) 9
(75,1) (75,2) 82
(76,1) (76,2) 73
(77,1) (77,2) 84
(78,1) (78,2) 33
(79,1) (79,2) 38
(80,1) (80,2) 74
(81,1) (81,2) 49
(82,1) (82,2) 27
(83,1) (83,2) 18
(84,1) (84,2) 56
(85,1) (85,2) 36
(86,1) (86,2) 76
(87,1) (87,2) 76
(88,1) (88,2) 29
(89,1) (89,2) 84
(90,1) (90,2) 10
(91,1) (91,2) 18
(92,1) (92,2) 20
(93,1) (93,2) 95
(94,1) (94,2) 19
(95,1) (95,2) 32
(96,1) (96,2) 6
(97,1) (97,2) 26
(98,1) (98,2) 41
(99,1) (99,2) 12
(100,1) (100,2) 86
(1,2) (1,3) 94
(2,2) (2,3) 50
(3,2) (3,3) 5
(4,2) (4,3) 58
(5,2) (5,3) 8
(6,2) (6,3) 47
(7,2) (7,3) 13
(8,2) (8,3) 64
(9,2) (9,3) 91
(10,2) (10,3) 87
(11,2) (11,3) 85
(12,2) (12,3) 31
(13,2) (13,3) 12
(14,2) (14,3) 37
(15,2) (15,3) 72
(16,2) (16,3) 46
(17,2) (17,3) 27
(18,2) (18,3) 32
(19,2) (19,3) 58
(20,2) (20,3) 91
(21,2) (21,3) 17
(22,2) (22,3) 41
(23,2) (23,3) 23
(24,2) (24,3) 14
(25,2) (25,3) 17
(26,2) (26,3) 99
(27,2) (27,3) 39
(28,2) (28,3) 93
(29,2) (29,3) 77
(30,2) (30,3) 30
(31,2) (31,3) 74
(32,2) (32,3) 12
(33,2) (33,3) 53
(34,2) (34,3) 104
(35,2) (35,3) 50
(36,2) (36,3) 38
(37,2) (37,3) 79
(38,2) (38,3) 48
(39,2) (39,3) 17
(40,2) (40,3) 18
(41,2) (41,3) 76
(42,2) (42,3) 94
(43,2) (43,3) 13
(44,2) (44,3) 36
(45,2) (45,3) 91
(46,2) (46,3) 25
(47,2) (47,3) 10
(48,2) (48,3) 20
(49,2) (49,3) 40
(50,2) (50,3) 42
(51,2) (51,3) 68
(52,2) (52,3) 34
(53,2) (53,3) 99
(54,2) (54,3) 33
(55,2) (55,3) 85
(56,2) (56,3) 101
(57,2) (57,3) 6
(58,2) (58,3) 81
(59,2) (59,3) 42
(60,2) (60,3) 18
(61,2) (61,3) 37
(62,2) (62,3) 66
(63,2) (63,3) 58
(64,2) (64,3) 60
(65,2) (65,3) 5
(66,2) (66,3) 34
(67,2) (67,3) 36
(68,2) (68,3) 89
(69,2) (69,3) 97
(70,2) (70,3) 97
(71,2) (71,3) 19
(72,2) (72,3) 99
(73,2) (73,3) 23
(74,2) (74,3) 37
(75,2) (75,3) 64
(76,2) (76,3) 17
(77,2) (77,3) 58
(78,2) (78,3) 82
(79,2) (79,3) 12
(80,2) (80,3) 71
(81,2) (81,3) 32
(82,2) (82,3) 17
(83,2) (83,3) 75
(84,2) (84,3) 82
(85,2) (85,3) 14
(86,2) (86,3) 36
(87,2) (87,3) 21
(88,2) (88,3) 97
(89,2) (89,3) 79
(90,2) (90,3) 38
(91,2) (91,3) 93
(92,2) (92,3) 52
(93,2) (93,3) 43
(94,2) (94,3) 57
(95,2) (95,3) 92
(96,2) (96,3) 58
(97,2) (97,3) 10
(98,2) (98,3) 36
(99,2) (99,3) 79
(100,2) (100,3) 62
(1,3) (1,4) 55
(2,3) (2,4) 91
(3,3) (3,4) 41
(4,3) (4,4) 12
(5,3) (5,4) 19
(6,3) (6,4) 5
(7,3) (7,4) 24
(8,3) (8,4) 34
(9,3) (9,4) 93
(10,3) (10,4) 44
(11,3) (11,4) 47
(12,3) (12,4) 70
(13,3) (13,4) 75
(14,3) (14,4) 34
(15,3) (15,4) 30
(16,3) (16,4) 102
(17,3) (17,4) 70
(18,3) (18,4) 45
(19,3) (19,4) 30
(20,3) (20,4) 59
(21,3) (21,4) 16
(22,3) (22,4) 50
(23,3) (23,4) 88
(24,3) (24,4) 84
(25,3) (25,4) 36
(26,3) (26,4) 11
(27,3) (27,4) 12
(28,3) (28,4) 79
(29,3) (29,4) 104
(30,3) (30,4) 56
(31,3) (31,4) 83
(32,3) (32,4) 102
(33,3) (33,4) 39
(34,3) (34,4) 12
(35,3) (35,4) 78
(36,3) (36,4) 20
(37,3) (37,4) 97
(38,3) (38,4) 54
(39,3) (39,4) 82
(40,3) (40,4) 51
(41,3) (41,4) 64
(42,3) (42,4) 23
(43,3) (43,4) 6
(44,3) (44,4) 86
(45,3) (45,4) 28
(46,3) (46,4) 96
(47,3) (47,4) 56
(48,3) (48,4) 55
(49,3) (49,4) 31
(50,3) (50,4) 96
(51,3) (51,4) 73
(52,3) (52,4) 62
(53,3) (53,4) 64
(54,3) (54,4) 104
(55,3) (55,4) 34
(56,3) (56,4) 94
(57,3) (57,4) 15
(58,3) (58,4) 28
(59,3) (59,4) 15
(60,3) (60,4) 34
(61,3) (61,4) 50
(62,3) (62,4) 41
(63,3) (63,4) 104
(64,3) (64,4) 37
(65,3) (65,4) 58
(66,3) (66,4) 74
(67,3) (67,4) 35
(68,3) (68,4) 19
(69,3) (69,4) 36
(70,3) (70,4) 15
(71,3) (71,4) 66
(72,3) (72,4) 51
(73,3) (73,4) 83
(74,3) (74,4) 104
(75,3) (75,4) 98
(76,3) (76,4) 93
(77,3) (77,4) 100
(78,3) (78,4) 76
(79,3) (79,4) 97
(80,3) (80,4) 41
(81,3) (81,4) 10
(82,3) (82,4) 25
(83,3) (83,4) 16
(84,3) (84,4) 87
(85,3) (85,4) 64
(86,3) (86,4) 93
(87,3) (87,4) 13
(88,3) (88,4) 50
(89,3) (89,4) 96
(90,3) (90,4) 32
(91,3) (91,4) 29
(92,3) (92,4) 79
(93,3) (93,4) 77
(94,3) (94,4) 21
(95,3) (95,4) 93
(96,3) (96,4) 63
(97,3) (97,4) 33
(98,3) (98,4) 87
(99,3) (99,4) 39
(100,3) (100,4) 90
(1,4) (1,5) 41
(2,4) (2,5) 28
(3,4) (3,5) 84
(4,4) (4,5) 91
(5,4) (5,5) 103
(6,4) (6,5) 97
(7,4) (7,5) 26
(8,4) (8,5) 57
(9,4) (9,5) 11
(10,4) (10,5) 101
(11,4) (11,5) 96
(12,4) (12,5) 76
(13,4) (13,5) 70
(14,4) (14,5) 56
(15,4) (15,5) 82
(16,4) (16,5) 100
(17,4) (17,5) 15
(18,4) (18,5) 104
(19,4) (19,5) 47
(20,4) (20,5) 92
(21,4) (21,5) 63
(22,4) (22,5) 71
(23,4) (23,5) 29
(24,4) (24,5) 23
(25,4) (25,5) 5
(26,4) (26,5) 69
(27,4) (27,5) 12
(28,4) (28,5) 100
(29,4) (29,5) 43
(30,4) (30,5) 69
(31,4) (31,5) 67
(32,4) (32,5) 7
(33,4) (33,5) 76
(34,4) (34,5) 94
(35,4) (35,5) 64
(36,4) (36,5) 83
(37,4) (37,5) 95
(38,4) (38,5) 7
(39,4) (39,5) 27
(40,4) (40,5) 29
(41,4) (41,5) 45
(42,4) (42,5) 28
(43,4) (43,5) 23
(44,4) (44,5) 84
(45,4) (45,5) 103
(46,4) (46,5) 17
(47,4) (47,5) 85
(48,4) (48,5) 83
(49,4) (49,5) 59
(50,4) (50,5) 42
(51,4) (51,5) 85
(52,4) (52,5) 103
(53,4) (53,5) 72
(54,4) (54,5) 89
(55,4) (55,5) 83
(56,4) (56,5) 29
(57,4) (57,5) 13
(58,4) (58,5) 20
(59,4) (59,5) 19
(60,4) (60,5) 95
(61,4) (61,5) 68
(62,4) (62,5) 6
(63,4) (63,5) 78
(64,4) (64,5) 40
(65,4) (65,5) 73
(66,4) (66,5) 29
(67,4) (67,5) 58
(68,4) (68,5) 23
(69,4) (69,5) 59
(70,4) (70,5) 94
(71,4) (71,5) 44
(72,4) (72,5) 22
(73,4) (73,5) 25
(74,4) (74,5) 44
(75,4) (75,5) 16
(76,4) (76,5) 12
(77,4) (77,5) 57
(78,4) (78,5) 24
(79,4) (79,5) 45
(80,4) (80,5) 7
(81,4) (81,5) 49
(82,4) (82,5) 58
(83,4) (83,5) 16
(84,4) (84,5) 72
(85,4) (85,5) 84
(86,4) (86,5) 102
(87,4) (87,5) 87
(88,4) (88,5) 33
(89,4) (89,5) 90
(90,4) (90,5) 34
(91,4) (91,5) 48
(92,4) (92,5) 38
(93,4) (93,5) 32
(94,4) (94,5) 16
(95,4) (95,5) 80
(96,4) (96,5) 73
(97,4) (97,5) 59
(98,4) (98,5) 72
(99,4) (99,5) 58
(100,4) (100,5) 11
(1,5) (1,6) 23
(2,5) (2,6) 62
(3,5) (3,6) 73
(4,5) (4,6) 19
(5,5) (5,6) 11
(6,5) (6,6) 6
(7,5) (7,6) 104
(8,5) (8,6) 97
(9,5) (9,6) 100
(10,5) (10,6) 73
(11,5) (11,6) 94
(12,5) (12,6) 53
(13,5) (13,6) 60
(14,5) (14,6) 9
(15,5) (15,6) 90
(16,5) (16,6) 103
(17,5) (17,6) 13
(18,5) (18,6) 86
(19,5) (19,6) 34
(20,5) (20,6) 15
(21,5) (21,6) 23
(22,5) (22,6) 16
(23,5) (23,6) 89
(24,5) (24,6) 18
(25,5) (25,6) 63
(26,5) (26,6) 17
(27,5) (27,6) 54
(28,5) (28,6) 16
(29,5) (29,6) 7
(30,5) (30,6) 47
(31,5) (31,6) 47
(32,5) (32,6) 42
(33,5) (33,6) 63
(34,5) (34,6) 83
(35,5) (35,6) 63
(36,5) (36,6) 92
(37,5) (37,6) 73
(38,5) (38,6) 25
(39,5) (39,6) 12
(40,5) (40,6) 91
(41,5) (41,6) 76
(42,5) (42,6) 88
(43,5) (43,6) 33
(44,5) (44,6) 88
(45,5) (45,6) 62
(46,5) (46,6) 67
(47,5) (47,6) 32
(48,5) (48,6) 72
(49,5) (49,6) 13
(50,5) (50,6) 74
(51,5) (51,6) 12
(52,5) (52,6) 104
(53,5) (53,6) 18
(54,5) (54,6) 10
(55,5) (55,6) 23
(56,5) (56,6) 62
(57,5) (57,6) 82
(58,5) (58,6) 47
(59,5) (59,6) 39
(60,5) (60,6) 7
(61,5) (61,6) 92
(62,5) (62,6) 88
(63,5) (63,6) 95
(64,5) (64,6) 57
(65,5) (65,6) 31
(66,5) (66,6) 102
(67,5) (67,6) 17
(68,5) (68,6) 45
(69,5) (69,6) 29
(70,5) (70,6) 78
(71,5) (71,6) 10
(72,5) (72,6) 49
(73,5) (73,6) 42
(74,5) (74,6) 65
(75,5) (75,6) 46
(76,5) (76,6) 68
(77,5) (77,6) 88
(78,5) (78,6) 15
(79,5) (79,6) 42
(80,5) (80,6) 42
(81,5) (81,6) 7
(82,5) (82,6) 84
(83,5) (83,6) 48
(84,5) (84,6) 15
(85,5) (85,6) 16
(86,5) (86,6) 83
(87,5) (87,6) 6
(88,5) (88,6) 9
(89,5) (89,6) 27
(90,5) (90,6) 81
(91,5) (91,6) 100
(92,5) (92,6) 33
(93,5) (93,6) 71
(94,5) (94,6) 100
(95,5) (95,6) 20
(96,5) (96,6) 64
(97,5) (97,6) 88
(98,5) (98,6) 85
(99,5) (99,6) 43
(100,5) (100,6) 7
(1,6) (1,7) 75
(2,6) (2,7) 5
(3,6) (3,7) 7
(4,6) (4,7) 97
(5,6) (5,7) 12
(6,6) (6,7) 85
(7,6) (7,7) 79
(8,6) (8,7) 65
(9,6) (9,7) 25
(10,6) (10,7) 93
(11,6) (11,7) 52
(12,6) (12,7) 27
(13,6) (13,7) 71
(14,6) (14,7) 77
(15,6) (15,7) 82
(16,6) (16,7) 16
(17,6) (17,7) 40
(18,6) (18,7) 12
(19,6) (19,7) 46
(20,6) (20,7) 46
(21,6) (21,7) 32
(22,6) (22,7) 98
(23,6) (23,7) 44
(24,6) (24,7) 7
(25,6) (25,7) 44
(26,6) (26,7) 102
(27,6) (27,7) 43
(28,6) (28,7) 99
(29,6) (29,7) 96
(30,6) (30,7) 77
(31,6) (31,7) 42
(32,6) (32,7) 61
(33,6) (33,7) 33
(34,6) (34,7) 49
(35,6) (35,7) 67
(36,6) (36,7) 5
(37,6) (37,7) 72
(38,6) (38,7) 30
(39,6) (39,7) 103
(40,6) (40,7) 72
(41,6) (41,7) 38
(42,6) (42,7) 26
(43,6) (43,7) 13
(44,6) (44,7) 53
(45,6) (45,7) 5
(46,6) (46,7) 6
(47,6) (47,7) 23
(48,6) (48,7) 8
(49,6) (49,7) 28
(50,6) (50,7) 8
(51,6) (51,7) 51
(52,6) (52,7) 6
(53,6) (53,7) 72
(54,6) (54,7) 16
(55,6) (55,7) 11
(56,6) (56,7) 100
(57,6) (57,7) 55
(58,6) (58,7) 95
(59,6) (59,7) 21
(60,6) (60,7) 37
(61,6) (61,7) 69
(62,6) (62,7) 75
(63,6) (63,7) 62
(64,6) (64,7) 63
(65,6) (65,7) 53
(66,6) (66,7) 78
(67,6) (67,7) 33
(68,6) (68,7) 50
(69,6) (69,7) 5
(70,6) (70,7) 33
(71,6) (71,7) 47
(72,6) (72,7) 59
(73,6) (73,7) 31
(74,6) (74,7) 58
(75,6) (75,7) 43
(76,6) (76,7) 12
(77,6) (77,7) 62
(78,6) (78,7) 73
(79,6) (79,7) 54
(80,6) (80,7) 66
(81,6) (81,7) 65
(82,6) (82,7) 12
(83,6) (83,7) 5
(84,6) (84,7) 65
(85,6) (85,7) 87
(86,6) (86,7) 58
(87,6) (87,7) 42
(88,6) (88,7) 52
(89,6) (89,7) 87
(90,6) (90,7) 18
(91,6) (91,7) 8
(92,6) (92,7) 31
(93,6) (93,7) 38
(94,6) (94,7) 49
(95,6) (95,7) 69
(96,6) (96,7) 13
(97,6) (97,7) 83
(98,6) (98,7) 45
(99,6) (99,7) 19
(100,6) (100,7) 72
(1,7) (1,8) 31
(2,7) (2,8) 30
(3,7) (3,8) 29
(4,7) (4,8) 81
(5,7) (5,8) 16
(6,7) (6,8) 60
(7,7) (7,8) 61
(8,7) (8,8) 38
(9,7) (9,8) 56
(10,7) (10,8) 71
(11,7) (11,8) 47
(12,7) (12,8) 62
(13,7) (13,8) 30
(14,7) (14,8) 11
(15,7) (15,8) 59
(16,7) (16,8) 51
(17,7) (17,8) 37
(18,7) (18,8) 27
(19,7) (19,8) 40
(20,7) (20,8) 55
(21,7) (21,8) 20
(22,7) (22,8) 68
(23,7) (23,8) 61
(24,7) (24,8) 33
(25,7) (25,8) 67
(26,7) (26,8) 32
(27,7) (27,8) 66
(28,7) (28,8) 100
(29,7) (29,8) 13
(30,7) (30,8) 30
(31,7) (31,8) 60
(32,7) (32,8) 70
(33,7) (33,8) 71
(34,7) (34,8) 78
(35,7) (35,8) 40
(36,7) (36,8) 23
(37,7) (37,8) 48
(38,7) (38,8) 100
(39,7) (39,8) 10
(40,7) (40,8) 57
(41,7) (41,8) 89
(42,7) (42,8) 73
(43,7) (43,8) 95
(44,7) (44,8) 16
(45,7) (45,8) 49
(46,7) (46,8) 74
(47,7) (47,8) 19
(48,7) (48,8) 7
(49,7) (49,8) 34
(50,7) (50,8) 45
(51,7) (51,8) 25
(52,7) (52,8) 97
(53,7) (53,8) 44
(54,7) (54,8) 20
(55,7) (55,8) 12
(56,7) (56,8) 63
(57,7) (57,8) 80
(58,7) (58,8) 57
(59,7) (59,8) 94
(60,7) (60,8) 43
(61,7) (61,8) 85
(62,7) (62,8) 20
(63,7) (63,8) 83
(64,7) (64,8) 62
(65,7) (65,8) 59
(66,7) (66,8) 83
(67,7) (67,8) 37
(68,7) (68,8) 7
(69,7) (69,8) 63
(70,7) (70,8) 95
(71,7) (71,8) 88
(72,7) (72,8) 59
(73,7) (73,8) 100
(74,7) (74,8) 81
(75,7) (75,8) 97
(76,7) (76,8) 77
(77,7) (77,8) 31
(78,7) (78,8) 72
(79,7) (79,8) 39
(80,7) (80,8) 58
(81,7) (81,8) 91
(82,7) (82,8) 27
(83,7) (83,8) 78
(84,7) (84,8) 63
(85,7) (85,8) 53
(86,7) (86,8) 68
(87,7) (87,8) 36
(88,7) (88,8) 21
(89,7) (89,8) 10
(90,7) (90,8) 62
(91,7) (91,8) 51
(92,7) (92,8) 42
(93,7) (93,8) 51
(94,7) (94,8) 32
(95,7) (95,8) 38
(96,7) (96,8) 46
(97,7) (97,8) 37
(98,7) (98,8) 102
(99,7) (99,8) 36
(100,7) (100,8) 88
(1,8) (1,9) 55
(2,8) (2,9) 53
(3,8) (3,9) 61
(4,8) (4,9) 101
(5,8) (5,9) 33
(6,8) (6,9) 89
(7,8) (7,9) 10
(8,8) (8,9) 84
(9,8) (9,9) 83
(10,8) (10,9) 18
(11,8) (11,9) 5
(12,8) (12,9) 44
(13,8) (13,9) 67
(14,8) (14,9) 5
(15,8) (15,9) 75
(16,8) (16,9) 32
(17,8) (17,9) 104
(18,8) (18,9) 28
(19,8) (19,9) 95
(20,8) (20,9) 10
(21,8) (21,9) 24
(22,8) (22,9) 93
(23,8) (23,9) 97
(24,8) (24,9) 86
(25,8) (25,9) 20
(26,8) (26,9) 9
(27,8) (27,9) 87
(28,8) (28,9) 67
(29,8) (29,9) 51
(30,8) (30,9) 104
(31,8) (31,9) 7
(32,8) (32,9) 38
(33,8) (33,9) 82
(34,8) (34,9) 61
(35,8) (35,9) 86
(36,8) (36,9) 86
(37,8) (37,9) 80
(38,8) (38,9) 27
(39,8) (39,9) 61
(40,8) (40,9) 97
(41,8) (41,9) 15
(42,8) (42,9) 24
(43,8) (43,9) 79
(44,8) (44,9) 45
(45,8) (45,9) 69
(46,8) (46,9) 79
(47,8) (47,9) 19
(48,8) (48,9) 73
(49,8) (49,9) 44
(50,8) (50,9) 17
(51,8) (51,9) 60
(52,8) (52,9) 35
(53,8) (53,9) 93
(54,8) (54,9) 24
(55,8) (55,9) 50
(56,8) (56,9) 78
(57,8) (57,9) 20
(58,8) (58,9) 20
(59,8) (59,9) 15
(60,8) (60,9) 8
(61,8) (61,9) 75
(62,8) (62,9) 43
(63,8) (63,9) 84
(64,8) (64,9) 42
(65,8) (65,9) 13
(66,8) (66,9) 68
(67,8) (67,9) 59
(68,8) (68,9) 101
(69,8) (69,9) 37
(70,8) (70,9) 81
(71,8) (71,9) 7
(72,8) (72,9) 17
(73,8) (73,9) 92
(74,8) (74,9) 37
(75,8) (75,9) 42
(76,8) (76,9) 25
(77,8) (77,9) 59
(78,8) (78,9) 89
(79,8) (79,9) 10
(80,8) (80,9) 89
(81,8) (81,9) 98
(82,8) (82,9) 103
(83,8) (83,9) 22
(84,8) (84,9) 104
(85,8) (85,9) 59
(86,8) (86,9) 85
(87,8) (87,9) 57
(88,8) (88,9) 38
(89,8) (89,9) 43
(90,8) (90,9) 68
(91,8) (91,9) 55
(92,8) (92,9) 95
(93,8) (93,9) 40
(94,8) (94,9) 97
(95,8) (95,9) 11
(96,8) (96,9) 34
(97,8) (97,9) 87
(98,8) (98,9) 9
(99,8) (99,9) 76
(100,8) (100,9) 9
(1,9) (1,10) 5
(2,9) (2,10) 57
(3,9) (3,10) 75
(4,9) (4,10) 26
(5,9) (5,10) 13
(6,9) (6,10) 53
(7,9) (7,10) 90
(8,9) (8,10) 19
(9,9) (9,10) 53
(10,9) (10,10) 59
(11,9) (11,10) 9
(12,9) (12,10) 44
(13,9) (13,10) 98
(14,9) (14,10) 33
(15,9) (15,10) 87
(16,9) (16,10) 41
(17,9) (17,10) 89
(18,9) (18,10) 35
(19,9) (19,10) 23
(20,9) (20,10) 58
(21,9) (21,10) 104
(22,9) (22,10) 22
(23,9) (23,10) 57
(24,9) (24,10) 30
(25,9) (25,10) 75
(26,9) (26,10) 76
(27,9) (27,10) 10
(28,9) (28,10) 37
(29,9) (29,10) 25
(30,9) (30,10) 17
(31,9) (31,10) 77
(32,9) (32,10) 39
(33,9) (33,10) 67
(34,9) (34,10) 97
(35,9) (35,10) 49
(36,9) (36,10) 62
(37,9) (37,10) 19
(38,9) (38,10) 45
(39,9) (39,10) 72
(40,9) (40,10) 52
(41,9) (41,10) 29
(42,9) (42,10) 29
(43,9) (43,10) 79
(44,9) (44,10) 74
(45,9) (45,10) 91
(46,9) (46,10) 67
(47,9) (47,10) 97
(48,9) (48,10) 21
(49,9) (49,10) 75
(50,9) (50,10) 5
(51,9) (51,10) 86
(52,9) (52,10) 35
(53,9) (53,10) 40
(54,9) (54,10) 97
(55,9) (55,10) 58
(56,9) (56,10) 26
(57,9) (57,10) 78
(58,9) (58,10) 86
(59,9) (59,10) 96
(60,9) (60,10) 28
(61,9) (61,10) 95
(62,9) (62,10) 79
(63,9) (63,10) 38
(64,9) (64,10) 71
(65,9) (65,10) 42
(66,9) (66,10) 96
(67,9) (67,10) 70
(68,9) (68,10) 17
(69,9) (69,10) 62
(70,9) (70,10) 21
(71,9) (71,10) 37
(72,9) (72,10) 80
(73,9) (73,10) 92
(74,9) (74,10) 11
(75,9) (75,10) 48
(76,9) (76,10) 75
(77,9) (77,10) 58
(78,9) (78,10) 98
(79,9) (79,10) 82
(80,9) (80,10) 5
(81,9) (81,10) 66
(82,9) (82,10) 57
(83,9) (83,10) 34
(84,9) (84,10) 104
(85,9) (85,10) 63
(86,9) (86,10) 54
(87,9) (87,10) 73
(88,9) (88,10) 35
(89,9) (89,10) 91
(90,9) (90,10) 13
(91,9) (91,10) 38
(92,9) (92,10) 37
(93,9) (93,10) 88
(94,9) (94,10) 48
(95,9) (95,10) 59
(96,9) (96,10) 25
(97,9) (97,10) 12
(98,9) (98,10) 93
(99,9) (99,10) 45
(100,9) (100,10) 61
(1,1) (2,1) 89
(2,1) (1,1) 104
(2,1) (3,1) 36
(3,1) (2,1) 15
(3,1) (4,1) 83
(4,1) (3,1) 61
(4,1) (5,1) 29
(5,1) (4,1) 104
(5,1) (6,1) 71
(6,1) (5,1) 102
(6,1) (7,1) 52
(7,1) (6,1) 9
(7,1) (8,1) 60
(8,1) (7,1) 74
(8,1) (9,1) 21
(9,1) (8,1) 5
(9,1) (10,1) 104
(10,1) (9,1) 52
(10,1) (11,1) 36
(11,1) (10,1) 65
(11,1) (12,1) 92
(12,1) (11,1) 19
(12,1) (13,1) 90
(13,1) (12,1) 55
(13,1) (14,1) 53
(14,1) (13,1) 63
(14,1) (15,1) 51
(15,1) (14,1) 100
(15,1) (16,1) 56
(16,1) (15,1) 42
(16,1) (17,1) 26
(17,1) (16,1) 12
(17,1) (18,1) 69
(18,1) (17,1) 87
(18,1) (19,1) 12
(19,1) (18,1) 88
(19,1) (20,1) 97
(20,1) (19,1) 91
(20,1) (21,1) 57
(21,1) (20,1) 12
(21,1) (22,1) 33
(22,1) (21,1) 66
(22,1) (23,1) 16
(23,1) (22,1) 49
(23,1) (24,1) 31
(24,1) (23,1) 87
(24,1) (25,1) 54
(25,1) (24,1) 99
(25,1) (26,1) 28
(26,1) (25,1) 24
(26,1) (27,1) 26
(27,1) (26,1) 51
(27,1) (28,1) 47
(28,1) (27,1) 54
(28,1) (29,1) 16
(29,1) (28,1) 18
(29,1) (30,1) 70
(30,1) (29,1) 9
(30,1) (31,1) 56
(31,1) (30,1) 69
(31,1) (32,1) 27
(32,1) (31,1) 90
(32,1) (33,1) 78
(33,1) (32,1) 49
(33,1) (34,1) 14
(34,1) (33,1) 9
(34,1) (35,1) 49
(35,1) (34,1) 41
(35,1) (36,1) 46
(36,1) (35,1) 53
(36,1) (37,1) 57
(37,1) (36,1) 76
(37,1) (38,1) 29
(38,1) (37,1) 43
(38,1) (39,1) 90
(39,1) (38,1) 45
(39,1) (40,1) 18
(40,1) (39,1) 90
(40,1) (41,1) 78
(41,1) (40,1) 13
(41,1) (42,1) 66
(42,1) (41,1) 53
(42,1) (43,1) 75
(43,1) (42,1) 66
(43,1) (44,1) 91
(44,1) (43,1) 32
(44,1) (45,1) 15
(45,1) (44,1) 18
(45,1) (46,1) 6
(46,1) (45,1) 26
(46,1) (47,1) 20
(47,1) (46,1) 12
(47,1) (48,1) 71
(48,1) (47,1) 77
(48,1) (49,1) 40
(49,1) (48,1) 53
(49,1) (50,1) 27
(50,1) (49,1) 6
(50,1) (51,1) 30
(51,1) (50,1) 40
(51,1) (52,1) 38
(52,1) (51,1) 95
(52,1) (53,1) 56
(53,1) (52,1) 46
(53,1) (54,1) 99
(54,1) (53,1) 52
(54,1) (55,1) 14
(55,1) (54,1) 44
(55,1) (56,1) 25
(56,1) (55,1) 26
(56,1) (57,1) 19
(57,1) (56,1) 43
(57,1) (58,1) 75
(58,1) (57,1) 60
(58,1) (59,1) 78
(59,1) (58,1) 14
(59,1) (60,1) 12
(60,1) (59,1) 16
(60,1) (61,1) 15
(61,1) (60,1) 28
(61,1) (62,1) 46
(62,1) (61,1) 85
(62,1) (63,1) 61
(63,1) (62,1) 61
(63,1) (64,1) 58
(64,1) (63,1) 70
(64,1) (65,1) 13
(65,1) (64,1) 71
(65,1) (66,1) 45
(66,1) (65,1) 36
(66,1) (67,1) 17
(67,1) (66,1) 38
(67,1) (68,1) 45
(68,1) (67,1) 58
(68,1) (69,1) 78
(69,1) (68,1) 8
(69,1) (70,1) 74
(70,1) (69,1) 85
(70,1) (71,1) 92
(71,1) (70,1) 91
(71,1) (72,1) 92
(72,1) (71,1) 67
(72,1) (73,1) 21
(73,1) (72,1) 29
(73,1) (74,1) 35
(74,1) (73,1) 13
(74,1) (75,1) 36
(75,1) (74,1) 35
(75,1) (76,1) 99
(76,1) (75,1) 77
(76,1) (77,1) 5
(77,1) (76,1) 55
(77,1) (78,1) 58
(78,1) (77,1) 50
(78,1) (79,1) 33
(79,1) (78,1) 79
(79,1) (80,1) 86
(80,1) (79,1) 11
(80,1) (81,1) 24
(81,1) (80,1) 55
(81,1) (82,1) 60
(82,1) (81,1) 28
(82,1) (83,1) 32
(83,1) (82,1) 58
(83,1) (84,1) 23
(84,1) (83,1) 76
(84,1) (85,1) 104
(85,1) (84,1) 42
(85,1) (86,1) 43
(86,1) (85,1) 68
(86,1) (87,1) 71
(87,1) (86,1) 34
(87,1) (88,1) 39
(88,1) (87,1) 73
(88,1) (89,1) 19
(89,1) (88,1) 36
(89,1) (90,1) 46
(90,1) (89,1) 83
(90,1) (91,1) 78
(91,1) (90,1) 92
(91,1) (92,1) 66
(92,1) (91,1) 57
(92,1) (93,1) 36
(93,1) (92,1) 64
(93,1) (94,1) 93
(94,1) (93,1) 82
(94,1) (95,1) 21
(95,1) (94,1) 72
(95,1) (96,1) 5
(96,1) (95,1) 67
(96,1) (97,1) 58
(97,1) (96,1) 53
(97,1) (98,1) 35
(98,1) (97,1) 53
(98,1) (99,1) 24
(99,1) (98,1) 98
(99,1) (100,1) 53
(100,1) (99,1) 78
(1,2) (2,2) 90
(2,2) (1,2) 94
(2,2) (3,2) 74
(3,2) (2,2) 71
(3,2) (4,2) 37
(4,2) (3,2) 17
(4,2) (5,2) 67
(5,2) (4,2) 83
(5,2) (6,2) 37
(6,2) (5,2) 67
(6,2) (7,2) 71
(7,2) (6,2) 74
(7,2) (8,2) 78
(8,2) (7,2) 59
(8,2) (9,2) 35
(9,2) (8,2) 7
(9,2) (10,2) 8
(10,2) (9,2) 21
(10,2) (11,2) 100
(11,2) (10,2) 85
(11,2) (12,2) 57
(12,2) (11,2) 102
(12,2) (13,2) 14
(13,2) (12,2) 34
(13,2) (14,2) 34
(14,2) (13,2) 34
(14,2) (15,2) 11
(15,2) (14,2) 16
(15,2) (16,2) 9
(16,2) (15,2) 96
(16,2) (17,2) 10
(17,2) (16,2) 100
(17,2) (18,2) 6
(18,2) (17,2) 70
(18,2) (19,2) 102
(19,2) (18,2) 86
(19,2) (20,2) 20
(20,2) (19,2) 11
(20,2) (21,2) 26
(21,2) (20,2) 87
(21,2) (22,2) 56
(22,2) (21,2) 14
(22,2) (23,2) 43
(23,2) (22,2) 103
(23,2) (24,2) 25
(24,2) (23,2) 98
(24,2) (25,2) 20
(25,2) (24,2) 79
(25,2) (26,2) 30
(26,2) (25,2) 60
(26,2) (27,2) 50
(27,2) (26,2) 98
(27,2) (28,2) 49
(28,2) (27,2) 98
(28,2) (29,2) 30
(29,2) (28,2) 84
(29,2) (30,2) 48
(30,2) (29,2) 49
(30,2) (31,2) 80
(31,2) (30,2) 88
(31,2) (32,2) 40
(32,2) (31,2) 41
(32,2) (33,2) 6
(33,2) (32,2) 31
(33,2) (34,2) 54
(34,2) (33,2) 73
(34,2) (35,2) 56
(35,2) (34,2) 58
(35,2) (36,2) 90
(36,2) (35,2) 34
(36,2) (37,2) 22
(37,2) (36,2) 92
(37,2) (38,2) 91
(38,2) (37,2) 66
(38,2) (39,2) 45
(39,2) (38,2) 6
(39,2) (40,2) 103
(40,2) (39,2) 29
(40,2) (41,2) 63
(41,2) (40,2) 85
(41,2) (42,2) 21
(42,2) (41,2) 29
(42,2) (43,2) 5
(43,2) (42,2) 70
(43,2) (44,2) 33
(44,2) (43,2) 91
(44,2) (45,2) 75
(45,2) (44,2) 45
(45,2) (46,2) 85
(46,2) (45,2) 10
(46,2) (47,2) 73
(47,2) (46,2) 79
(47,2) (48,2) 35
(48,2) (47,2) 100
(48,2) (49,2) 61
(49,2) (48,2) 85
(49,2) (50,2) 78
(50,2) (49,2) 59
(50,2) (51,2) 27
(51,2) (50,2) 46
(51,2) (52,2) 89
(52,2) (51,2) 60
(52,2) (53,2) 54
(53,2) (52,2) 54
(53,2) (54,2) 70
(54,2) (53,2) 89
(54,2) (55,2) 74
(55,2) (54,2) 82
(55,2) (56,2) 36
(56,2) (55,2) 58
(56,2) (57,2) 92
(57,2) (56,2) 28
(57,2) (58,2) 26
(58,2) (57,2) 38
(58,2) (59,2) 47
(59,2) (58,2) 88
(59,2) (60,2) 53
(60,2) (59,2) 103
(60,2) (61,2) 34
(61,2) (60,2) 49
(61,2) (62,2) 76
(62,2) (61,2) 93
(62,2) (63,2) 55
(63,2) (62,2) 69
(63,2) (64,2) 18
(64,2) (63,2) 99
(64,2) (65,2) 63
(65,2) (64,2) 43
(65,2) (66,2) 9
(66,2) (65,2) 97
(66,2) (67,2) 77
(67,2) (66,2) 35
(67,2) (68,2) 38
(68,2) (67,2) 101
(68,2) (69,2) 94
(69,2) (68,2) 53
(69,2) (70,2) 14
(70,2) (69,2) 6
(70,2) (71,2) 22
(71,2) (70,2) 76
(71,2) (72,2) 100
(72,2) (71,2) 19
(72,2) (73,2) 69
(73,2) (72,2) 38
(73,2) (74,2) 68
(74,2) (73,2) 9
(74,2) (75,2) 24
(75,2) (74,2) 96
(75,2) (76,2) 40
(76,2) (75,2) 88
(76,2) (77,2) 100
(77,2) (76,2) 52
(77,2) (78,2) 78
(78,2) (77,2) 103
(78,2) (79,2) 42
(79,2) (78,2) 51
(79,2) (80,2) 47
(80,2) (79,2) 96
(80,2) (81,2) 36
(81,2) (80,2) 38
(81,2) (82,2) 71
(82,2) (81,2) 98
(82,2) (83,2) 91
(83,2) (82,2) 52
(83,2) (84,2) 78
(84,2) (83,2) 59
(84,2) (85,2) 91
(85,2) (84,2) 9
(85,2) (86,2) 38
(86,2) (85,2) 18
(86,2) (87,2) 80
(87,2) (86,2) 99
(87,2) (88,2) 95
(88,2) (87,2) 46
(88,2) (89,2) 51
(89,2) (88,2) 74
(89,2) (90,2) 80
(90,2) (89,2) 17
(90,2) (91,2) 81
(91,2) (90,2) 100
(91,2) (92,2) 84
(92,2) (91,2) 23
(92,2) (93,2) 52
(93,2) (92,2) 22
(93,2) (94,2) 102
(94,2) (93,2) 59
(94,2) (95,2) 69
(95,2) (94,2) 77
(95,2) (96,2) 89
(96,2) (95,2) 92
(96,2) (97,2) 53
(97,2) (96,2) 44
(97,2) (98,2) 9
(98,2) (97,2) 90
(98,2) (99,2) 36
(99,2) (98,2) 30
(99,2) (100,2) 103
(100,2) (99,2) 76
(1,3) (2,3) 11
(2,3) (1,3) 62
(2,3) (3,3) 39
(3,3) (2,3) 67
(3,3) (4,3) 70
(4,3) (3,3) 72
(4,3) (5,3) 28
(5,3) (4,3) 61
(5,3) (6,3) 63
(6,3) (5,3) 92
(6,3) (7,3) 65
(7,3) (6,3) 30
(7,3) (8,3) 14
(8,3) (7,3) 65
(8,3) (9,3) 12
(9,3) (8,3) 104
(9,3) (10,3) 58
(10,3) (9,3) 47
(10,3) (11,3) 72
(11,3) (10,3) 69
(11,3) (12,3) 73
(12,3) (11,3) 62
(12,3) (13,3) 68
(13,3) (12,3) 15
(13,3) (14,3) 16
(14,3) (13,3) 63
(14,3) (15,3) 70
(15,3) (14,3) 66
(15,3) (16,3) 90
(16,3) (15,3) 93
(16,3) (17,3) 102
(17,3) (16,3) 6
(17,3) (18,3) 67
(18,3) (17,3) 49
(18,3) (19,3) 104
(19,3) (18,3) 27
(19,3) (20,3) 49
(20,3) (19,3) 78
(20,3) (21,3) 69
(21,3) (20,3) 72
(21,3) (22,3) 27
(22,3) (21,3) 32
(22,3) (23,3) 79
(23,3) (22,3) 97
(23,3) (24,3) 23
(24,3) (23,3) 70
(24,3) (25,3) 87
(25,3) (24,3) 86
(25,3) (26,3) 94
(26,3) (25,3) 67
(26,3) (27,3) 65
(27,3) (26,3) 86
(27,3) (28,3) 89
(28,3) (27,3) 38
(28,3) (29,3) 83
(29,3) (28,3) 33
(29,3) (30,3) 67
(30,3) (29,3) 25
(30,3) (31,3) 67
(31,3) (30,3) 80
(31,3) (32,3) 78
(32,3) (31,3) 76
(32,3) (33,3) 62
(33,3) (32,3) 95
(33,3) (34,3) 80
(34,3) (33,3) 56
(34,3) (35,3) 22
(35,3) (34,3) 13
(35,3) (36,3) 52
(36,3) (35,3) 82
(36,3) (37,3) 64
(37,3) (36,3) 53
(37,3) (38,3) 33
(38,3) (37,3) 58
(38,3) (39,3) 59
(39,3) (38,3) 29
(39,3) (40,3) 15
(40,3) (39,3) 76
(40,3) (41,3) 78
(41,3) (40,3) 71
(41,3) (42,3) 84
(42,3) (41,3) 74
(42,3) (43,3) 40
(43,3) (42,3) 25
(43,3) (44,3) 11
(44,3) (43,3) 90
(44,3) (45,3) 64
(45,3) (44,3) 9
(45,3) (46,3) 29
(46,3) (45,3) 24
(46,3) (47,3) 42
(47,3) (46,3) 62
(47,3) (48,3) 60
(48,3) (47,3) 72
(48,3) (49,3) 33
(49,3) (48,3) 31
(49,3) (50,3) 61
(50,3) (49,3) 16
(50,3) (51,3) 100
(51,3) (50,3) 46
(51,3) (52,3) 21
(52,3) (51,3) 43
(52,3) (53,3) 7
(53,3) (52,3) 86
(53,3) (54,3) 84
(54,3) (53,3) 22
(54,3) (55,3) 8
(55,3) (54,3) 86
(55,3) (56,3) 23
(56,3) (55,3) 78
(56,3) (57,3) 10
(57,3) (56,3) 101
(57,3) (58,3) 21
(58,3) (57,3) 37
(58,3) (59,3) 58
(59,3) (58,3) 26
(59,3) (60,3) 12
(60,3) (59,3) 14
(60,3) (61,3) 37
(61,3) (60,3) 76
(61,3) (62,3) 66
(62,3) (61,3) 70
(62,3) (63,3) 74
(63,3) (62,3) 88
(63,3) (64,3) 83
(64,3) (63,3) 8
(64,3) (65,3) 82
(65,3) (64,3) 52
(65,3) (66,3) 98
(66,3) (65,3) 73
(66,3) (67,3) 78
(67,3) (66,3) 36
(67,3) (68,3) 8
(68,3) (67,3) 14
(68,3) (69,3) 32
(69,3) (68,3) 72
(69,3) (70,3) 49
(70,3) (69,3) 36
(70,3) (71,3) 35
(71,3) (70,3) 100
(71,3) (72,3) 30
(72,3) (71,3) 50
(72,3) (73,3) 61
(73,3) (72,3) 57
(73,3) (74,3) 83
(74,3) (73,3) 34
(74,3) (75,3) 74
(75,3) (74,3) 89
(75,3) (76,3) 23
(76,3) (75,3) 49
(76,3) (77,3) 79
(77,3) (76,3) 6
(77,3) (78,3) 86
(78,3) (77,3) 81
(78,3) (79,3) 9
(79,3) (78,3) 56
(79,3) (80,3) 68
(80,3) (79,3) 52
(80,3) (81,3) 25
(81,3) (80,3) 8
(81,3) (82,3) 67
(82,3) (81,3) 87
(82,3) (83,3) 25
(83,3) (82,3) 102
(83,3) (84,3) 71
(84,3) (83,3) 71
(84,3) (85,3) 72
(85,3) (84,3) 7
(85,3) (86,3) 42
(86,3) (85,3) 12
(86,3) (87,3) 90
(87,3) (86,3) 8
(87,3) (88,3) 85
(88,3) (87,3) 28
(88,3) (89,3) 100
(89,3) (88,3) 94
(89,3) (90,3) 64
(90,3) (89,3) 22
(90,3) (91,3) 24
(91,3) (90,3) 39
(91,3) (92,3) 22
(92,3) (91,3) 32
(92,3) (93,3) 50
(93,3) (92,3) 47
(93,3) (94,3) 54
(94,3) (93,3) 36
(94,3) (95,3) 7
(95,3) (94,3) 32
(95,3) (96,3) 86
(96,3) (95,3) 5
(96,3) (97,3) 5
(97,3) (96,3) 104
(97,3) (98,3) 69
(98,3) (97,3) 31
(98,3) (99,3) 56
(99,3) (98,3) 60
(99,3) (100,3) 44
(100,3) (99,3) 88
(1,4) (2,4) 19
(2,4) (1,4) 91
(2,4) (3,4) 56
(3,4) (2,4) 71
(3,4) (4,4) 72
(4,4) (3,4) 13
(4,4) (5,4) 44
(5,4) (4,4) 101
(5,4) (6,4) 35
(6,4) (5,4) 38
(6,4) (7,4) 27
(7,4) (6,4) 17
(7,4) (8,4) 49
(8,4) (7,4) 55
(8,4) (9,4) 54
(9,4) (8,4) 78
(9,4) (10,4) 82
(10,4) (9,4) 51
(10,4) (11,4) 92
(11,4) (10,4) 74
(11,4) (12,4) 16
(12,4) (11,4) 95
(12,4) (13,4) 46
(13,4) (12,4) 11
(13,4) (14,4) 83
(14,4) (13,4) 92
(14,4) (15,4) 62
(15,4) (14,4) 95
(15,4) (16,4) 71
(16,4) (15,4) 39
(16,4) (17,4) 43
(17,4) (16,4) 100
(17,4) (18,4) 61
(18,4) (17,4) 39
(18,4) (19,4) 24
(19,4) (18,4) 51
(19,4) (20,4) 23
(20,4) (19,4) 15
(20,4) (21,4) 51
(21,4) (20,4) 68
(21,4) (22,4) 82
(22,4) (21,4) 75
(22,4) (23,4) 68
(23,4) (22,4) 104
(23,4) (24,4) 101
(24,4) (23,4) 61
(24,4) (25,4) 31
(25,4) (24,4) 79
(25,4) (26,4) 71
(26,4) (25,4) 25
(26,4) (27,4) 62
(27,4) (26,4) 101
(27,4) (28,4) 85
(28,4) (27,4) 94
(28,4) (29,4) 52
(29,4) (28,4) 9
(29,4) (30,4) 24
(30,4) (29,4) 28
(30,4) (31,4) 28
(31,4) (30,4) 8
(31,4) (32,4) 31
(32,4) (31,4) 54
(32,4) (33,4) 58
(33,4) (32,4) 81
(33,4) (34,4) 74
(34,4) (33,4) 76
(34,4) (35,4) 69
(35,4) (34,4) 41
(35,4) (36,4) 79
(36,4) (35,4) 19
(36,4) (37,4) 33
(37,4) (36,4) 78
(37,4) (38,4) 52
(38,4) (37,4) 98
(38,4) (39,4) 79
(39,4) (38,4) 93
(39,4) (40,4) 22
(40,4) (39,4) 98
(40,4) (41,4) 24
(41,4) (40,4) 41
(41,4) (42,4) 17
(42,4) (41,4) 30
(42,4) (43,4) 11
(43,4) (42,4) 88
(43,4) (44,4) 82
(44,4) (43,4) 76
(44,4) (45,4) 63
(45,4) (44,4) 8
(45,4) (46,4) 6
(46,4) (45,4) 47
(46,4) (47,4) 6
(47,4) (46,4) 67
(47,4) (48,4) 32
(48,4) (47,4) 41
(48,4) (49,4) 23
(49,4) (48,4) 31
(49,4) (50,4) 74
(50,4) (49,4) 30
(50,4) (51,4) 15
(51,4) (50,4) 37
(51,4) (52,4) 88
(52,4) (51,4) 60
(52,4) (53,4) 99
(53,4) (52,4) 103
(53,4) (54,4) 19
(54,4) (53,4) 47
(54,4) (55,4) 93
(55,4) (54,4) 33
(55,4) (56,4) 90
(56,4) (55,4) 76
(56,4) (57,4) 54
(57,4) (56,4) 17
(57,4) (58,4) 72
(58,4) (57,4) 38
(58,4) (59,4) 103
(59,4) (58,4) 30
(59,4) (60,4) 37
(60,4) (59,4) 49
(60,4) (61,4) 61
(61,4) (60,4) 43
(61,4) (62,4) 30
(62,4) (61,4) 42
(62,4) (63,4) 36
(63,4) (62,4) 54
(63,4) (64,4) 12
(64,4) (63,4) 20
(64,4) (65,4) 70
(65,4) (64,4) 47
(65,4) (66,4) 49
(66,4) (65,4) 25
(66,4) (67,4) 102
(67,4) (66,4) 40
(67,4) (68,4) 19
(68,4) (67,4) 46
(68,4) (69,4) 92
(69,4) (68,4) 22
(69,4) (70,4) 30
(70,4) (69,4) 58
(70,4) (71,4) 32
(71,4) (70,4) 65
(71,4) (72,4) 13
(72,4) (71,4) 10
(72,4) (73,4) 80
(73,4) (72,4) 50
(73,4) (74,4) 76
(74,4) (73,4) 89
(74,4) (75,4) 86
(75,4) (74,4) 57
(75,4) (76,4) 97
(76,4) (75,4) 33
(76,4) (77,4) 79
(77,4) (76,4) 63
(77,4) (78,4) 84
(78,4) (77,4) 69
(78,4) (79,4) 14
(79,4) (78,4) 46
(79,4) (80,4) 102
(80,4) (79,4) 12
(80,4) (81,4) 65
(81,4) (80,4) 61
(81,4) (82,4) 38
(82,4) (81,4) 65
(82,4) (83,4) 82
(83,4) (82,4) 84
(83,4) (84,4) 24
(84,4) (83,4) 38
(84,4) (85,4) 53
(85,4) (84,4) 88
(85,4) (86,4) 76
(86,4) (85,4) 50
(86,4) (87,4) 18
(87,4) (86,4) 63
(87,4) (88,4) 86
(88,4) (87,4) 13
(88,4) (89,4) 39
(89,4) (88,4) 50
(89,4) (90,4) 56
(90,4) (89,4) 18
(90,4) (91,4) 69
(91,4) (90,4) 92
(91,4) (92,4) 47
(92,4) (91,4) 100
(92,4) (93,4) 12
(93,4) (92,4) 100
(93,4) (94,4) 16
(94,4) (93,4) 96
(94,4) (95,4) 40
(95,4) (94,4) 44
(95,4) (96,4) 11
(96,4) (95,4) 80
(96,4) (97,4) 34
(97,4) (96,4) 84
(97,4) (98,4) 31
(98,4) (97,4) 93
(98,4) (99,4) 68
(99,4) (98,4) 26
(99,4) (100,4) 18
(100,4) (99,4) 82
(1,5) (2,5) 82
(2,5) (1,5) 76
(2,5) (3,5) 90
(3,5) (2,5) 20
(3,5) (4,5) 98
(4,5) (3,5) 81
(4,5) (5,5) 69
(5,5) (4,5) 103
(5,5) (6,5) 47
(6,5) (5,5) 37
(6,5) (7,5) 74
(7,5) (6,5) 82
(7,5) (8,5) 90
(8,5) (7,5) 7
(8,5) (9,5) 97
(9,5) (8,5) 83
(9,5) (10,5) 86
(10,5) (9,5) 56
(10,5) (11,5) 66
(11,5) (10,5) 35
(11,5) (12,5) 50
(12,5) (11,5) 94
(12,5) (13,5) 17
(13,5) (12,5) 29
(13,5) (14,5) 61
(14,5) (13,5) 37
(14,5) (15,5) 74
(15,5) (14,5) 38
(15,5) (16,5) 102
(16,5) (15,5) 55
(16,5) (17,5) 49
(17,5) (16,5) 80
(17,5) (18,5) 10
(18,5) (17,5) 102
(18,5) (19,5) 53
(19,5) (18,5) 44
(19,5) (20,5) 40
(20,5) (19,5) 93
(20,5) (21,5) 59
(21,5) (20,5) 95
(21,5) (22,5) 11
(22,5) (21,5) 64
(22,5) (23,5) 16
(23,5) (22,5) 33
(23,5) (24,5) 59
(24,5) (23,5) 50
(24,5) (25,5) 43
(25,5) (24,5) 41
(25,5) (26,5) 90
(26,5) (25,5) 90
(26,5) (27,5) 58
(27,5) (26,5) 17
(27,5) (28,5) 85
(28,5) (27,5) 50
(28,5) (29,5) 12
(29,5) (28,5) 33
(29,5) (30,5) 20
(30,5) (29,5) 91
(30,5) (31,5) 5
(31,5) (30,5) 104
(31,5) (32,5) 42
(32,5) (31,5) 45
(32,5) (33,5) 29
(33,5) (32,5) 84
(33,5) (34,5) 30
(34,5) (33,5) 60
(34,5) (35,5) 31
(35,5) (34,5) 10
(35,5) (36,5) 68
(36,5) (35,5) 73
(36,5) (37,5) 87
(37,5) (36,5) 13
(37,5) (38,5) 64
(38,5) (37,5) 102
(38,5) (39,5) 51
(39,5) (38,5) 67
(39,5) (40,5) 75
(40,5) (39,5) 93
(40,5) (41,5) 84
(41,5) (40,5) 39
(41,5) (42,5) 99
(42,5) (41,5) 20
(42,5) (43,5) 87
(43,5) (42,5) 47
(43,5) (44,5) 28
(44,5) (43,5) 86
(44,5) (45,5) 78
(45,5) (44,5) 6
(45,5) (46,5) 104
(46,5) (45,5) 83
(46,5) (47,5) 86
(47,5) (46,5) 91
(47,5) (48,5) 7
(48,5) (47,5) 101
(48,5) (49,5) 67
(49,5) (48,5) 80
(49,5) (50,5) 74
(50,5) (49,5) 47
(50,5) (51,5) 25
(51,5) (50,5) 77
(51,5) (52,5) 90
(52,5) (51,5) 79
(52,5) (53,5) 13
(53,5) (52,5) 49
(53,5) (54,5) 82
(54,5) (53,5) 20
(54,5) (55,5) 16
(55,5) (54,5) 12
(55,5) (56,5) 18
(56,5) (55,5) 12
(56,5) (57,5) 12
(57,5) (56,5) 72
(57,5) (58,5) 86
(58,5) (57,5) 58
(58,5) (59,5) 31
(59,5) (58,5) 13
(59,5) (60,5) 95
(60,5) (59,5) 40
(60,5) (61,5) 34
(61,5) (60,5) 23
(61,5) (62,5) 68
(62,5) (61,5) 36
(62,5) (63,5) 6
(63,5) (62,5) 94
(63,5) (64,5) 41
(64,5) (63,5) 48
(64,5) (65,5) 55
(65,5) (64,5) 98
(65,5) (66,5) 49
(66,5) (65,5) 66
(66,5) (67,5) 95
(67,5) (66,5) 103
(67,5) (68,5) 83
(68,5) (67,5) 29
(68,5) (69,5) 94
(69,5) (68,5) 20
(69,5) (70,5) 13
(70,5) (69,5) 14
(70,5) (71,5) 25
(71,5) (70,5) 83
(71,5) (72,5) 32
(72,5) (71,5) 47
(72,5) (73,5) 67
(73,5) (72,5) 24
(73,5) (74,5) 71
(74,5) (73,5) 25
(74,5) (75,5) 52
(75,5) (74,5) 7
(75,5) (76,5) 54
(76,5) (75,5) 95
(76,5) (77,5) 5
(77,5) (76,5) 65
(77,5) (78,5) 54
(78,5) (77,5) 83
(78,5) (79,5) 45
(79,5) (78,5) 47
(79,5) (80,5) 92
(80,5) (79,5) 88
(80,5) (81,5) 64
(81,5) (80,5) 49
(81,5) (82,5) 44
(82,5) (81,5) 74
(82,5) (83,5) 97
(83,5) (82,5) 102
(83,5) (84,5) 102
(84,5) (83,5) 13
(84,5) (85,5) 49
(85,5) (84,5) 89
(85,5) (86,5) 56
(86,5) (85,5) 75
(86,5) (87,5) 19
(87,5) (86,5) 41
(87,5) (88,5) 73
(88,5) (87,5) 34
(88,5) (89,5) 66
(89,5) (88,5) 63
(89,5) (90,5) 85
(90,5) (89,5) 101
(90,5) (91,5) 24
(91,5) (90,5) 12
(91,5) (92,5) 65
(92,5) (91,5) 22
(92,5) (93,5) 13
(93,5) (92,5) 18
(93,5) (94,5) 87
(94,5) (93,5) 59
(94,5) (95,5) 11
(95,5) (94,5) 64
(95,5) (96,5) 5
(96,5) (95,5) 35
(96,5) (97,5) 86
(97,5) (96,5) 49
(97,5) (98,5) 63
(98,5) (97,5) 10
(98,5) (99,5) 55
(99,5) (98,5) 35
(99,5) (100,5) 66
(100,5) (99,5) 69
(1,6) (2,6) 47
(2,6) (1,6) 80
(2,6) (3,6) 19
(3,6) (2,6) 75
(3,6) (4,6) 58
(4,6) (3,6) 6
(4,6) (5,6) 86
(5,6) (4,6) 9
(5,6) (6,6) 77
(6,6) (5,6) 13
(6,6) (7,6) 101
(7,6) (6,6) 49
(7,6) (8,6) 93
(8,6) (7,6) 45
(8,6) (9,6) 24
(9,6) (8,6) 99
(9,6) (10,6) 50
(10,6) (9,6) 16
(10,6) (11,6) 91
(11,6) (10,6) 13
(11,6) (12,6) 20
(12,6) (11,6) 69
(12,6) (13,6) 30
(13,6) (12,6) 91
(13,6) (14,6) 86
(14,6) (13,6) 75
(14,6) (15,6) 89
(15,6) (14,6) 99
(15,6) (16,6) 73
(16,6) (15,6) 5
(16,6) (17,6) 13
(17,6) (16,6) 92
(17,6) (18,6) 43
(18,6) (17,6) 54
(18,6) (19,6) 72
(19,6) (18,6) 40
(19,6) (20,6) 89
(20,6) (19,6) 82
(20,6) (21,6) 57
(21,6) (20,6) 52
(21,6) (22,6) 87
(22,6) (21,6) 67
(22,6) (23,6) 75
(23,6) (22,6) 62
(23,6) (24,6) 72
(24,6) (23,6) 30
(24,6) (25,6) 20
(25,6) (24,6) 5
(25,6) (26,6) 98
(26,6) (25,6) 7
(26,6) (27,6) 33
(27,6) (26,6) 12
(27,6) (28,6) 64
(28,6) (27,6) 32
(28,6) (29,6) 101
(29,6) (28,6) 58
(29,6) (30,6) 103
(30,6) (29,6) 22
(30,6) (31,6) 99
(31,6) (30,6) 96
(31,6) (32,6) 10
(32,6) (31,6) 54
(32,6) (33,6) 70
(33,6) (32,6) 90
(33,6) (34,6) 86
(34,6) (33,6) 26
(34,6) (35,6) 21
(35,6) (34,6) 7
(35,6) (36,6) 38
(36,6) (35,6) 20
(36,6) (37,6) 16
(37,6) (36,6) 95
(37,6) (38,6) 68
(38,6) (37,6) 32
(38,6) (39,6) 74
(39,6) (38,6) 67
(39,6) (40,6) 25
(40,6) (39,6) 11
(40,6) (41,6) 44
(41,6) (40,6) 7
(41,6) (42,6) 64
(42,6) (41,6) 73
(42,6) (43,6) 54
(43,6) (42,6) 69
(43,6) (44,6) 23
(44,6) (43,6) 83
(44,6) (45,6) 61
(45,6) (44,6) 51
(45,6) (46,6) 13
(46,6) (45,6) 58
(46,6) (47,6) 17
(47,6) (46,6) 31
(47,6) (48,6) 28
(48,6) (47,6) 104
(48,6) (49,6) 54
(49,6) (48,6) 30
(49,6) (50,6) 31
(50,6) (49,6) 104
(50,6) (51,6) 94
(51,6) (50,6) 70
(51,6) (52,6) 16
(52,6) (51,6) 30
(52,6) (53,6) 70
(53,6) (52,6) 62
(53,6) (54,6) 17
(54,6) (53,6) 9
(54,6) (55,6) 51
(55,6) (54,6) 20
(55,6) (56,6) 60
(56,6) (55,6) 88
(56,6) (57,6) 23
(57,6) (56,6) 27
(57,6) (58,6) 45
(58,6) (57,6) 44
(58,6) (59,6) 41
(59,6) (58,6) 27
(59,6) (60,6) 100
(60,6) (59,6) 24
(60,6) (61,6) 34
(61,6) (60,6) 29
(61,6) (62,6) 89
(62,6) (61,6) 24
(62,6) (63,6) 98
(63,6) (62,6) 40
(63,6) (64,6) 101
(64,6) (63,6) 12
(64,6) (65,6) 83
(65,6) (64,6) 58
(65,6) (66,6) 62
(66,6) (65,6) 69
(66,6) (67,6) 37
(67,6) (66,6) 81
(67,6) (68,6) 26
(68,6) (67,6) 38
(68,6) (69,6) 23
(69,6) (68,6) 41
(69,6) (70,6) 57
(70,6) (69,6) 60
(70,6) (71,6) 6
(71,6) (70,6) 67
(71,6) (72,6) 85
(72,6) (71,6) 72
(72,6) (73,6) 35
(73,6) (72,6) 36
(73,6) (74,6) 95
(74,6) (73,6) 43
(74,6) (75,6) 72
(75,6) (74,6) 63
(75,6) (76,6) 21
(76,6) (75,6) 100
(76,6) (77,6) 76
(77,6) (76,6) 98
(77,6) (78,6) 14
(78,6) (77,6) 31
(78,6) (79,6) 99
(79,6) (78,6) 44
(79,6) (80,6) 11
(80,6) (79,6) 58
(80,6) (81,6) 27
(81,6) (80,6) 13
(81,6) (82,6) 20
(82,6) (81,6) 99
(82,6) (83,6) 16
(83,6) (82,6) 23
(83,6) (84,6) 22
(84,6) (83,6) 60
(84,6) (85,6) 67
(85,6) (84,6) 72
(85,6) (86,6) 68
(86,6) (85,6) 103
(86,6) (87,6) 98
(87,6) (86,6) 9
(87,6) (88,6) 20
(88,6) (87,6) 48
(88,6) (89,6) 68
(89,6) (88,6) 90
(89,6) (90,6) 98
(90,6) (89,6) 78
(90,6) (91,6) 24
(91,6) (90,6) 41
(91,6) (92,6) 36
(92,6) (91,6) 42
(92,6) (93,6) 75
(93,6) (92,6) 57
(93,6) (94,6) 5
(94,6) (93,6) 55
(94,6) (95,6) 20
(95,6) (94,6) 15
(95,6) (96,6) 36
(96,6) (95,6) 89
(96,6) (97,6) 52
(97,6) (96,6) 39
(97,6) (98,6) 60
(98,6) (97,6) 73
(98,6) (99,6) 100
(99,6) (98,6) 33
(99,6) (100,6) 58
(100,6) (99,6) 42
(1,7) (2,7) 95
(2,7) (1,7) 67
(2,7) (3,7) 11
(3,7) (2,7) 6
(3,7) (4,7) 96
(4,7) (3,7) 65
(4,7) (5,7) 9
(5,7) (4,7) 40
(5,7) (6,7) 96
(6,7) (5,7) 97
(6,7) (7,7) 77
(7,7) (6,7) 22
(7,7) (8,7) 80
(8,7) (7,7) 76
(8,7) (9,7) 54
(9,7) (8,7) 21
(9,7) (10,7) 84
(10,7) (9,7) 33
(10,7) (11,7) 41
(11,7) (10,7) 80
(11,7) (12,7) 84
(12,7) (11,7) 84
(12,7) (13,7) 41
(13,7) (12,7) 30
(13,7) (14,7) 16
(14,7) (13,7) 60
(14,7) (15,7) 42
(15,7) (14,7) 8
(15,7) (16,7) 28
(16,7) (15,7) 6
(16,7) (17,7) 7
(17,7) (16,7) 70
(17,7) (18,7) 57
(18,7) (17,7) 63
(18,7) (19,7) 49
(19,7) (18,7) 39
(19,7) (20,7) 75
(20,7) (19,7) 44
(20,7) (21,7) 103
(21,7) (20,7) 12
(21,7) (22,7) 60
(22,7) (21,7) 60
(22,7) (23,7) 12
(23,7) (22,7) 30
(23,7) (24,7) 78
(24,7) (23,7) 80
(24,7) (25,7) 72
(25,7) (24,7) 28
(25,7) (26,7) 97
(26,7) (25,7) 20
(26,7) (27,7) 31
(27,7) (26,7) 39
(27,7) (28,7) 36
(28,7) (27,7) 99
(28,7) (29,7) 62
(29,7) (28,7) 9
(29,7) (30,7) 10
(30,7) (29,7) 15
(30,7) (31,7) 7
(31,7) (30,7) 93
(31,7) (32,7) 13
(32,7) (31,7) 71
(32,7) (33,7) 14
(33,7) (32,7) 90
(33,7) (34,7) 27
(34,7) (33,7) 34
(34,7) (35,7) 103
(35,7) (34,7) 44
(35,7) (36,7) 53
(36,7) (35,7) 29
(36,7) (37,7) 88
(37,7) (36,7) 99
(37,7) (38,7) 17
(38,7) (37,7) 65
(38,7) (39,7) 48
(39,7) (38,7) 62
(39,7) (40,7) 15
(40,7) (39,7) 87
(40,7) (41,7) 76
(41,7) (40,7) 28
(41,7) (42,7) 72
(42,7) (41,7) 73
(42,7) (43,7) 5
(43,7) (42,7) 39
(43,7) (44,7) 96
(44,7) (43,7) 17
(44,7) (45,7) 79
(45,7) (44,7) 78
(45,7) (46,7) 47
(46,7) (45,7) 26
(46,7) (47,7) 91
(47,7) (46,7) 9
(47,7) (48,7) 98
(48,7) (47,7) 99
(48,7) (49,7) 5
(49,7) (48,7) 32
(49,7) (50,7) 60
(50,7) (49,7) 57
(50,7) (51,7) 100
(51,7) (50,7) 12
(51,7) (52,7) 72
(52,7) (51,7) 50
(52,7) (53,7) 22
(53,7) (52,7) 39
(53,7) (54,7) 30
(54,7) (53,7) 87
(54,7) (55,7) 48
(55,7) (54,7) 79
(55,7) (56,7) 102
(56,7) (55,7) 18
(56,7) (57,7) 59
(57,7) (56,7) 69
(57,7) (58,7) 24
(58,7) (57,7) 36
(58,7) (59,7) 6
(59,7) (58,7) 64
(59,7) (60,7) 59
(60,7) (59,7) 94
(60,7) (61,7) 84
(61,7) (60,7) 85
(61,7) (62,7) 33
(62,7) (61,7) 32
(62,7) (63,7) 73
(63,7) (62,7) 11
(63,7) (64,7) 65
(64,7) (63,7) 63
(64,7) (65,7) 101
(65,7) (64,7) 32
(65,7) (66,7) 16
(66,7) (65,7) 25
(66,7) (67,7) 73
(67,7) (66,7) 11
(67,7) (68,7) 72
(68,7) (67,7) 79
(68,7) (69,7) 35
(69,7) (68,7) 86
(69,7) (70,7) 31
(70,7) (69,7) 90
(70,7) (71,7) 64
(71,7) (70,7) 88
(71,7) (72,7) 12
(72,7) (71,7) 39
(72,7) (73,7) 41
(73,7) (72,7) 18
(73,7) (74,7) 41
(74,7) (73,7) 61
(74,7) (75,7) 63
(75,7) (74,7) 83
(75,7) (76,7) 14
(76,7) (75,7) 13
(76,7) (77,7) 5
(77,7) (76,7) 45
(77,7) (78,7) 61
(78,7) (77,7) 89
(78,7) (79,7) 57
(79,7) (78,7) 96
(79,7) (80,7) 72
(80,7) (79,7) 51
(80,7) (81,7) 34
(81,7) (80,7) 76
(81,7) (82,7) 27
(82,7) (81,7) 60
(82,7) (83,7) 85
(83,7) (82,7) 38
(83,7) (84,7) 14
(84,7) (83,7) 65
(84,7) (85,7) 81
(85,7) (84,7) 53
(85,7) (86,7) 44
(86,7) (85,7) 66
(86,7) (87,7) 77
(87,7) (86,7) 25
(87,7) (88,7) 37
(88,7) (87,7) 38
(88,7) (89,7) 74
(89,7) (88,7) 25
(89,7) (90,7) 47
(90,7) (89,7) 16
(90,7) (91,7) 7
(91,7) (90,7) 46
(91,7) (92,7) 56
(92,7) (91,7) 103
(92,7) (93,7) 57
(93,7) (92,7) 68
(93,7) (94,7) 32
(94,7) (93,7) 49
(94,7) (95,7) 91
(95,7) (94,7) 51
(95,7) (96,7) 91
(96,7) (95,7) 22
(96,7) (97,7) 47
(97,7) (96,7) 34
(97,7) (98,7) 17
(98,7) (97,7) 92
(98,7) (99,7) 60
(99,7) (98,7) 16
(99,7) (100,7) 82
(100,7) (99,7) 87
(1,8) (2,8) 53
(2,8) (1,8) 59
(2,8) (3,8) 101
(3,8) (2,8) 31
(3,8) (4,8) 54
(4,8) (3,8) 90
(4,8) (5,8) 77
(5,8) (4,8) 6
(5,8) (6,8) 25
(6,8) (5,8) 28
(6,8) (7,8) 51
(7,8) (6,8) 32
(7,8) (8,8) 103
(8,8) (7,8) 43
(8,8) (9,8) 59
(9,8) (8,8) 15
(9,8) (10,8) 58
(10,8) (9,8) 68
(10,8) (11,8) 65
(11,8) (10,8) 104
(11,8) (12,8) 28
(12,8) (11,8) 76
(12,8) (13,8) 15
(13,8) (12,8) 16
(13,8) (14,8) 78
(14,8) (13,8) 15
(14,8) (15,8) 83
(15,8) (14,8) 59
(15,8) (16,8) 103
(16,8) (15,8) 61
(16,8) (17,8) 48
(17,8) (16,8) 54
(17,8) (18,8) 95
(18,8) (17,8) 98
(18,8) (19,8) 38
(19,8) (18,8) 89
(19,8) (20,8) 48
(20,8) (19,8) 52
(20,8) (21,8) 59
(21,8) (20,8) 48
(21,8) (22,8) 16
(22,8) (21,8) 64
(22,8) (23,8) 43
(23,8) (22,8) 39
(23,8) (24,8) 13
(24,8) (23,8) 42
(24,8) (25,8) 9
(25,8) (24,8) 66
(25,8) (26,8) 71
(26,8) (25,8) 5
(26,8) (27,8) 36
(27,8) (26,8) 103
(27,8) (28,8) 100
(28,8) (27,8) 43
(28,8) (29,8) 72
(29,8) (28,8) 10
(29,8) (30,8) 58
(30,8) (29,8) 67
(30,8) (31,8) 59
(31,8) (30,8) 54
(31,8) (32,8) 101
(32,8) (31,8) 58
(32,8) (33,8) 103
(33,8) (32,8) 6
(33,8) (34,8) 35
(34,8) (33,8) 8
(34,8) (35,8) 36
(35,8) (34,8) 97
(35,8) (36,8) 50
(36,8) (35,8) 14
(36,8) (37,8) 11
(37,8) (36,8) 75
(37,8) (38,8) 38
(38,8) (37,8) 69
(38,8) (39,8) 73
(39,8) (38,8) 48
(39,8) (40,8) 52
(40,8) (39,8) 37
(40,8) (41,8) 82
(41,8) (40,8) 47
(41,8) (42,8) 99
(42,8) (41,8) 45
(42,8) (43,8) 21
(43,8) (42,8) 36
(43,8) (44,8) 10
(44,8) (43,8) 17
(44,8) (45,8) 98
(45,8) (44,8) 20
(45,8) (46,8) 30
(46,8) (45,8) 46
(46,8) (47,8) 15
(47,8) (46,8) 78
(47,8) (48,8) 70
(48,8) (47,8) 85
(48,8) (49,8) 68
(49,8) (48,8) 82
(49,8) (50,8) 57
(50,8) (49,8) 66
(50,8) (51,8) 14
(51,8) (50,8) 85
(51,8) (52,8) 73
(52,8) (51,8) 60
(52,8) (53,8) 91
(53,8) (52,8) 36
(53,8) (54,8) 54
(54,8) (53,8) 62
(54,8) (55,8) 24
(55,8) (54,8) 103
(55,8) (56,8) 97
(56,8) (55,8) 86
(56,8) (57,8) 43
(57,8) (56,8) 63
(57,8) (58,8) 31
(58,8) (57,8) 34
(58,8) (59,8) 72
(59,8) (58,8) 92
(59,8) (60,8) 26
(60,8) (59,8) 68
(60,8) (61,8) 80
(61,8) (60,8) 57
(61,8) (62,8) 28
(62,8) (61,8) 67
(62,8) (63,8) 70
(63,8) (62,8) 25
(63,8) (64,8) 15
(64,8) (63,8) 16
(64,8) (65,8) 10
(65,8) (64,8) 34
(65,8) (66,8) 5
(66,8) (65,8) 35
(66,8) (67,8) 60
(67,8) (66,8) 50
(67,8) (68,8) 8
(68,8) (67,8) 90
(68,8) (69,8) 101
(69,8) (68,8) 38
(69,8) (70,8) 9
(70,8) (69,8) 45
(70,8) (71,8) 16
(71,8) (70,8) 48
(71,8) (72,8) 55
(72,8) (71,8) 52
(72,8) (73,8) 84
(73,8) (72,8) 17
(73,8) (74,8) 68
(74,8) (73,8) 73
(74,8) (75,8) 66
(75,8) (74,8) 39
(75,8) (76,8) 44
(76,8) (75,8) 19
(76,8) (77,8) 11
(77,8) (76,8) 29
(77,8) (78,8) 78
(78,8) (77,8) 103
(78,8) (79,8) 40
(79,8) (78,8) 9
(79,8) (80,8) 92
(80,8) (79,8) 15
(80,8) (81,8) 83
(81,8) (80,8) 47
(81,8) (82,8) 18
(82,8) (81,8) 29
(82,8) (83,8) 82
(83,8) (82,8) 36
(83,8) (84,8) 11
(84,8) (83,8) 9
(84,8) (85,8) 18
(85,8) (84,8) 54
(85,8) (86,8) 96
(86,8) (85,8) 20
(86,8) (87,8) 73
(87,8) (86,8) 12
(87,8) (88,8) 79
(88,8) (87,8) 32
(88,8) (89,8) 29
(89,8) (88,8) 86
(89,8) (90,8) 8
(90,8) (89,8) 98
(90,8) (91,8) 61
(91,8) (90,8) 13
(91,8) (92,8) 6
(92,8) (91,8) 95
(92,8) (93,8) 91
(93,8) (92,8) 41
(93,8) (94,8) 81
(94,8) (93,8) 42
(94,8) (95,8) 66
(95,8) (94,8) 85
(95,8) (96,8) 43
(96,8) (95,8) 48
(96,8) (97,8) 80
(97,8) (96,8) 69
(97,8) (98,8) 42
(98,8) (97,8) 42
(98,8) (99,8) 104
(99,8) (98,8) 87
(99,8) (100,8) 35
(100,8) (99,8) 84
(1,9) (2,9) 65
(2,9) (1,9) 8
(2,9) (3,9) 41
(3,9) (2,9) 20
(3,9) (4,9) 48
(4,9) (3,9) 97
(4,9) (5,9) 48
(5,9) (4,9) 93
(5,9) (6,9) 37
(6,9) (5,9) 89
(6,9) (7,9) 68
(7,9) (6,9) 89
(7,9) (8,9) 91
(8,9) (7,9) 51
(8,9) (9,9) 13
(9,9) (8,9) 78
(9,9) (10,9) 67
(10,9) (9,9) 93
(10,9) (11,9) 77
(11,9) (10,9) 92
(11,9) (12,9) 66
(12,9) (11,9) 40
(12,9) (13,9) 15
(13,9) (12,9) 9
(13,9) (14,9) 68
(14,9) (13,9) 87
(14,9) (15,9) 35
(15,9) (14,9) 87
(15,9) (16,9) 90
(16,9) (15,9) 56
(16,9) (17,9) 79
(17,9) (16,9) 20
(17,9) (18,9) 27
(18,9) (17,9) 98
(18,9) (19,9) 9
(19,9) (18,9) 76
(19,9) (20,9) 19
(20,9) (19,9) 48
(20,9) (21,9) 34
(21,9) (20,9) 103
(21,9) (22,9) 73
(22,9) (21,9) 55
(22,9) (23,9) 52
(23,9) (22,9) 14
(23,9) (24,9) 19
(24,9) (23,9) 63
(24,9) (25,9) 43
(25,9) (24,9) 35
(25,9) (26,9) 56
(26,9) (25,9) 76
(26,9) (27,9) 62
(27,9) (26,9) 57
(27,9) (28,9) 62
(28,9) (27,9) 20
(28,9) (29,9) 61
(29,9) (28,9) 45
(29,9) (30,9) 21
(30,9) (29,9) 14
(30,9) (31,9) 95
(31,9) (30,9) 92
(31,9) (32,9) 5
(32,9) (31,9) 9
(32,9) (33,9) 15
(33,9) (32,9) 103
(33,9) (34,9) 32
(34,9) (33,9) 75
(34,9) (35,9) 60
(35,9) (34,9) 38
(35,9) (36,9) 96
(36,9) (35,9) 13
(36,9) (37,9) 98
(37,9) (36,9) 102
(37,9) (38,9) 64
(38,9) (37,9) 68
(38,9) (39,9) 59
(39,9) (38,9) 28
(39,9) (40,9) 25
(40,9) (39,9) 6
(40,9) (41,9) 23
(41,9) (40,9) 98
(41,9) (42,9) 53
(42,9) (41,9) 27
(42,9) (43,9) 72
(43,9) (42,9) 56
(43,9) (44,9) 88
(44,9) (43,9) 12
(44,9) (45,9) 91
(45,9) (44,9) 101
(45,9) (46,9) 40
(46,9) (45,9) 33
(46,9) (47,9) 76
(47,9) (46,9) 29
(47,9) (48,9) 51
(48,9) (47,9) 67
(48,9) (49,9) 72
(49,9) (48,9) 47
(49,9) (50,9) 55
(50,9) (49,9) 21
(50,9) (51,9) 74
(51,9) (50,9) 12
(51,9) (52,9) 54
(52,9) (51,9) 44
(52,9) (53,9) 67
(53,9) (52,9) 27
(53,9) (54,9) 91
(54,9) (53,9) 19
(54,9) (55,9) 55
(55,9) (54,9) 28
(55,9) (56,9) 93
(56,9) (55,9) 56
(56,9) (57,9) 6
(57,9) (56,9) 71
(57,9) (58,9) 39
(58,9) (57,9) 17
(58,9) (59,9) 39
(59,9) (58,9) 66
(59,9) (60,9) 30
(60,9) (59,9) 35
(60,9) (61,9) 20
(61,9) (60,9) 8
(61,9) (62,9) 32
(62,9) (61,9) 89
(62,9) (63,9) 83
(63,9) (62,9) 25
(63,9) (64,9) 58
(64,9) (63,9) 18
(64,9) (65,9) 70
(65,9) (64,9) 27
(65,9) (66,9) 5
(66,9) (65,9) 48
(66,9) (67,9) 95
(67,9) (66,9) 79
(67,9) (68,9) 5
(68,9) (67,9) 97
(68,9) (69,9) 78
(69,9) (68,9) 80
(69,9) (70,9) 98
(70,9) (69,9) 44
(70,9) (71,9) 59
(71,9) (70,9) 46
(71,9) (72,9) 44
(72,9) (71,9) 62
(72,9) (73,9) 31
(73,9) (72,9) 15
(73,9) (74,9) 54
(74,9) (73,9) 43
(74,9) (75,9) 35
(75,9) (74,9) 91
(75,9) (76,9) 79
(76,9) (75,9) 23
(76,9) (77,9) 45
(77,9) (76,9) 14
(77,9) (78,9) 6
(78,9) (77,9) 41
(78,9) (79,9) 96
(79,9) (78,9) 62
(79,9) (80,9) 33
(80,9) (79,9) 67
(80,9) (81,9) 39
(81,9) (80,9) 104
(81,9) (82,9) 86
(82,9) (81,9) 22
(82,9) (83,9) 75
(83,9) (82,9) 31
(83,9) (84,9) 25
(84,9) (83,9) 85
(84,9) (85,9) 62
(85,9) (84,9) 100
(85,9) (86,9) 92
(86,9) (85,9) 100
(86,9) (87,9) 103
(87,9) (86,9) 97
(87,9) (88,9) 24
(88,9) (87,9) 6
(88,9) (89,9) 62
(89,9) (88,9) 45
(89,9) (90,9) 74
(90,9) (89,9) 28
(90,9) (91,9) 24
(91,9) (90,9) 75
(91,9) (92,9) 84
(92,9) (91,9) 67
(92,9) (93,9) 17
(93,9) (92,9) 27
(93,9) (94,9) 38
(94,9) (93,9) 14
(94,9) (95,9) 36
(95,9) (94,9) 77
(95,9) (96,9) 104
(96,9) (95,9) 76
(96,9) (97,9) 10
(97,9) (96,9) 40
(97,9) (98,9) 13
(98,9) (97,9) 52
(98,9) (99,9) 101
(99,9) (98,9) 59
(99,9) (100,9) 50
(100,9) (99,9) 30
(1,10) (2,10) 63
(2,10) (1,10) 24
(2,10) (3,10) 78
(3,10) (2,10) 51
(3,10) (4,10) 62
(4,10) (3,10) 43
(4,10) (5,10) 75
(5,10) (4,10) 18
(5,10) (6,10) 72
(6,10) (5,10) 38
(6,10) (7,10) 22
(7,10) (6,10) 5
(7,10) (8,10) 13
(8,10) (7,10) 37
(8,10) (9,10) 103
(9,10) (8,10) 103
(9,10) (10,10) 13
(10,10) (9,10) 19
(10,10) (11,10) 56
(11,10) (10,10) 19
(11,10) (12,10) 8
(12,10) (11,10) 85
(12,10) (13,10) 59
(13,10) (12,10) 75
(13,10) (14,10) 76
(14,10) (13,10) 57
(14,10) (15,10) 35
(15,10) (14,10) 104
(15,10) (16,10) 19
(16,10) (15,10) 37
(16,10) (17,10) 33
(17,10) (16,10) 89
(17,10) (18,10) 18
(18,10) (17,10) 94
(18,10) (19,10) 8
(19,10) (18,10) 64
(19,10) (20,10) 57
(20,10) (19,10) 22
(20,10) (21,10) 60
(21,10) (20,10) 60
(21,10) (22,10) 96
(22,10) (21,10) 84
(22,10) (23,10) 15
(23,10) (22,10) 10
(23,10) (24,10) 104
(24,10) (23,10) 46
(24,10) (25,10) 13
(25,10) (24,10) 63
(25,10) (26,10) 40
(26,10) (25,10) 87
(26,10) (27,10) 47
(27,10) (26,10) 5
(27,10) (28,10) 19
(28,10) (27,10) 41
(28,10) (29,10) 51
(29,10) (28,10) 70
(29,10) (30,10) 19
(30,10) (29,10) 83
(30,10) (31,10) 103
(31,10) (30,10) 70
(31,10) (32,10) 23
(32,10) (31,10) 99
(32,10) (33,10) 24
(33,10) (32,10) 79
(33,10) (34,10) 82
(34,10) (33,10) 29
(34,10) (35,10) 82
(35,10) (34,10) 40
(35,10) (36,10) 69
(36,10) (35,10) 71
(36,10) (37,10) 83
(37,10) (36,10) 82
(37,10) (38,10) 95
(38,10) (37,10) 101
(38,10) (39,10) 36
(39,10) (38,10) 69
(39,10) (40,10) 43
(40,10) (39,10) 14
(40,10) (41,10) 79
(41,10) (40,10) 6
(41,10) (42,10) 86
(42,10) (41,10) 78
(42,10) (43,10) 75
(43,10) (42,10) 92
(43,10) (44,10) 44
(44,10) (43,10) 48
(44,10) (45,10) 42
(45,10) (44,10) 15
(45,10) (46,10) 83
(46,10) (45,10) 36
(46,10) (47,10) 31
(47,10) (46,10) 85
(47,10) (48,10) 70
(48,10) (47,10) 102
(48,10) (49,10) 49
(49,10) (48,10) 86
(49,10) (50,10) 24
(50,10) (49,10) 9
(50,10) (51,10) 59
(51,10) (50,10) 94
(51,10) (52,10) 28
(52,10) (51,10) 5
(52,10) (53,10) 56
(53,10) (52,10) 6
(53,10) (54,10) 72
(54,10) (53,10) 33
(54,10) (55,10) 18
(55,10) (54,10) 89
(55,10) (56,10) 35
(56,10) (55,10) 37
(56,10) (57,10) 96
(57,10) (56,10) 26
(57,10) (58,10) 60
(58,10) (57,10) 21
(58,10) (59,10) 70
(59,10) (58,10) 79
(59,10) (60,10) 55
(60,10) (59,10) 99
(60,10) (61,10) 34
(61,10) (60,10) 44
(61,10) (62,10) 30
(62,10) (61,10) 62
(62,10) (63,10) 65
(63,10) (62,10) 82
(63,10) (64,10) 89
(64,10) (63,10) 53
(64,10) (65,10) 79
(65,10) (64,10) 68
(65,10) (66,10) 51
(66,10) (65,10) 51
(66,10) (67,10) 63
(67,10) (66,10) 63
(67,10) (68,10) 79
(68,10) (67,10) 86
(68,10) (69,10) 55
(69,10) (68,10) 14
(69,10) (70,10) 64
(70,10) (69,10) 78
(70,10) (71,10) 41
(71,10) (70,10) 40
(71,10) (72,10) 29
(72,10) (71,10) 99
(72,10) (73,10) 76
(73,10) (72,10) 46
(73,10) (74,10) 26
(74,10) (73,10) 63
(74,10) (75,10) 30
(75,10) (74,10) 94
(75,10) (76,10) 99
(76,10) (75,10) 6
(76,10) (77,10) 42
(77,10) (76,10) 103
(77,10) (78,10) 79
(78,10) (77,10) 44
(78,10) (79,10) 49
(79,10) (78,10) 72
(79,10) (80,10) 30
(80,10) (79,10) 54
(80,10) (81,10) 82
(81,10) (80,10) 43
(81,10) (82,10) 75
(82,10) (81,10) 37
(82,10) (83,10) 12
(83,10) (82,10) 30
(83,10) (84,10) 46
(84,10) (83,10) 56
(84,10) (85,10) 93
(85,10) (84,10) 84
(85,10) (86,10) 74
(86,10) (85,10) 102
(86,10) (87,10) 28
(87,10) (86,10) 82
(87,10) (88,10) 47
(88,10) (87,10) 31
(88,10) (89,10) 103
(89,10) (88,10) 70
(89,10) (90,10) 70
(90,10) (89,10) 32
(90,10) (91,10) 8
(91,10) (90,10) 14
(91,10) (92,10) 54
(92,10) (91,10) 9
(92,10) (93,10) 74
(93,10) (92,10) 46
(93,10) (94,10) 35
(94,10) (93,10) 75
(94,10) (95,10) 48
(95,10) (94,10) 32
(95,10) (96,10) 90
(96,10) (95,10) 11
(96,10) (97,10) 30
(97,10) (96,10) 17
(97,10) (98,10) 85
(98,10) (97,10) 82
(98,10) (99,10) 88
(99,10) (98,10) 64
(99,10) (100,10) 93
(100,10) (99,10) 12
(1,10) t 5
(2,10) t 10
(3,10) t 78
(4,10) t 12
(5,10) t 28
(6,10) t 64
(7,10) t 22
(8,10) t 22
(9,10) t 9
(10,10) t 74
(11,10) t 26
(12,10) t 32
(13,10) t 95
(14,10) t 11
(15,10) t 58
(16,10) t 43
(17,10) t 26
(18,10) t 43
(19,10) t 88
(20,10) t 42
(21,10) t 42
(22,10) t 49
(23,10) t 97
(24,10) t 25
(25,10) t 23
(26,10) t 100
(27,10) t 20
(28,10) t 7
(29,10) t 67
(30,10) t 76
(31,10) t 36
(32,10) t 78
(33,10) t 14
(34,10) t 75
(35,10) t 93
(36,10) t 72
(37,10) t 77
(38,10) t 46
(39,10) t 66
(40,10) t 96
(41,10) t 39
(42,10) t 30
(43,10) t 82
(44,10) t 83
(45,10) t 36
(46,10) t 92
(47,10) t 80
(48,10) t 22
(49,10) t 43
(50,10) t 85
(51,10) t 38
(52,10) t 41
(53,10) t 63
(54,10) t 80
(55,10) t 11
(56,10) t 40
(57,10) t 30
(58,10) t 70
(59,10) t 9
(60,10) t 42
(61,10) t 7
(62,10) t 95
(63,10) t 30
(64,10) t 82
(65,10) t 78
(66,10) t 74
(67,10) t 90
(68,10) t 47
(69,10) t 58
(70,10) t 23
(71,10) t 75
(72,10) t 81
(73,10) t 87
(74,10) t 38
(75,10) t 64
(76,10) t 26
(77,10) t 11
(78,10) t 5
(79,10) t 77
(80,10) t 64
(81,10) t 15
(82,10) t 99
(83,10) t 27
(84,10) t 88
(85,10) t 42
(86,10) t 76
(87,10) t 32
(88,10) t 67
(89,10) t 42
(90,10) t 69
(91,10) t 51
(92,10) t 10
(93,10) t 42
(94,10) t 60
(95,10) t 81
(96,10) t 95
(97,10) t 76
(98,10) t 77
(99,10) t 45
(100,10) t 72
