s (1,1) 58
s (2,1) 115
s (3,1) 80
s (4,1) 80
s (5,1) 50
s (6,1) 63
s (7,1) 53
s (8,1) 105
s (9,1) 99
s (10,1) 76
s (11,1) 58
s (12,1) 79
s (13,1) 129
s (14,1) 106
s (15,1) 75
s (16,1) 66
s (17,1) 100
s (18,1) 98
s (19,1) 45
s (20,1) 85
s (21,1) 110
s (22,1) 104
s (23,1) 144
s (24,1) 61
s (25,1) 122
s (26,1) 125
s (27,1) 58
s (28,1) 93
s (29,1) 127
s (30,1) 72
s (31,1) 114
s (32,1) 138
s (33,1) 126
s (34,1) 48
s (35,1) 61
s (36,1) 83
s (37,1) 139
s (38,1) 139
s (39,1) 52
s (40,1) 87
s (41,1) 107
s (42,1) 82
s (43,1) 59
s (44,1) 119
s (45,1) 67
s (46,1) 70
s (47,1) 87
s (48,1) 140
s (49,1) 91
s (50,1) 135
s (51,1) 143
s (52,1) 121
s (53,1) 106
s (54,1) 92
s (55,1) 82
s (56,1) 66
s (57,1) 50
s (58,1) 66
s (59,1) 120
s (60,1) 77
s (61,1) 96
s (62,1) 134
s (63,1) 90
s (64,1) 98
s (65,1) 89
s (66,1) 82
s (67,1) 56
s (68,1) 46
s (69,1) 80
s (70,1) 132
s (71,1) 98
s (72,1) 112
s (73,1) 103
s (74,1) 72
s (75,1) 80
s (76,1) 49
s (77,1) 142
s (78,1) 143
s (79,1) 95
s (80,1) 82
s (81,1) 87
s (82,1) 112
s (83,1) 140
s (84,1) 80
s (85,1) 92
s (86,1) 135
s (87,1) 64
s (88,1) 80
s (89,1) 104
s (90,1) 113
s (91,1) 103
s (92,1) 105
s (93,1) 56
s (94,1) 88
s (95,1) 100
s (96,1) 95
s (97,1) 67
s (98,1) 68
s (99,1) 81
s (100,1) 50
(1,1) (1,2) 64
(2,1) (2,2) 126
(3,1) (3,2) 122
(4,1) (4,2) 96
(5,1) (5,2) 64
(6,1) (6,2) 141
(7,1) (7,2) 47
(8,1) (8,2) 136
(9,1) (9,2) 125
(10,1) (10,2) 90
(11,1) (11,2) 143
(12,1) (12,2) 52
(13,1) (13,2) 80
(14,1) (14,2) 90
(15,1) (15,2) 106
(16,1) (16,2) 74
(17,1) (17,2) 140
(18,1) (18,2) 125
(19,1) (19,2) 92
(20,1) (20,2) 75
(21,1) (21,2) 64
(22,1) (22,2) 105
(23,1) (23,2) 100
(24,1) (24,2) 84
(25,1) (25,2) 107
(26,1) (26,2) 70
(27,1) (27,2) 95
(28,1) (28,2) 47
(29,1) (29,2) 64
(30,1) (30,2) 131
(31,1) (31,2) 141
(32,1) (32,2) 71
(33,1) (33,2) 88
(34,1) (34,2) 53
(35,1) (35,2) 101
(36,1) (36,2) 123
(37,1) (37,2) 100
(38,1) (38,2) 89
(39,1) (39,2) 46
(40,1) (40,2) 69
(41,1) (41,2) 88
(42,1) (42,2) 120
(43,1) (43,2) 95
(44,1) (44,2) 86
(45,1) (45,2) 98
(46,1) (46,2) 137
(47,1) (47,2) 45
(48,1) (48,2) 126
(49,1) (49,2) 61
(50,1) (50,2) 101
(51,1) (51,2) 96
(52,1) (52,2) 99
(53,1) (53,2) 66
(54,1) (54,2) 107
(55,1) (55,2) 98
(56,1) (56,2) 68
(57,1) (57,2) 48
(58,1) (58,2) 99
(59,1) (59,2) 132
(60,1) (60,2) 77
(61,1) (61,2) 140
(62,1) (62,2) 121
(63,1) (63,2) 139
(64,1) (64,2) 124
(65,1) (65,2) 68
(66,1) (66,2) 88
(67,1) (67,2) 55
(68,1) (68,2) 74
(69,1) (69,2) 73
(70,1) (70,2) 53
(71,1) (71,2) 141
(72,1) (72,2) 99
(73,1) (73,2) 128
(74,1) (74,2) 67
(75,1) (75,2) 66
(76,1) (76,2) 73
(77,1) (77,2) 113
(78,1) (78,2) 123
(79,1) (79,2) 47
(80,1) (80,2) 121
(81,1) (81,2) 64
(82,1) (82,2) 97
(83,1) (83,2) 89
(84,1) (84,2) 129
(85,1) (85,2) 122
(86,1) (86,2) 125
(87,1) (87,2) 118
(88,1) (88,2) 111
(89,1) (89,2) 48
(90,1) (90,2) 65
(91,1) (91,2) 59
(92,1) (92,2) 73
(93,1) (93,2) 115
(94,1) (94,2) 122
(95,1) (95,2) 55
(96,1) (96,2) 114
(97,1) (97,2) 47
(98,1) (98,2) 101
(99,1) (99,2) 112
(100,1) (100,2) 115
(1,2) (1,3) 73
(2,2) (2,3) 100
(3,2) (3,3) 98
(4,2) (4,3) 112
(5,2) (5,3) 73
(6,2) (6,3) 116
(7,2) (7,3) 141
(8,2) (8,3) 127
(9,2) (9,3) 117
(10,2) (10,3) 142
(11,2) (11,3) 126
(12,2) (12,3) 115
(13,2) (13,3) 68
(14,2) (14,3) 55
(15,2) (15,3) 123
(16,2) (16,3) 96
(17,2) (17,3) 120
(18,2) (18,3) 62
(19,2) (19,3) 86
(20,2) (20,3) 81
(21,2) (21,3) 46
(22,2) (22,3) 102
(23,2) (23,3) 87
(24,2) (24,3) 123
(25,2) (25,3) 77
(26,2) (26,3) 116
(27,2) (27,3) 118
(28,2) (28,3) 84
(29,2) (29,3) 61
(30,2) (30,3) 47
(31,2) (31,3) 120
(32,2) (32,3) 76
(33,2) (33,3) 54
(34,2) (34,3) 110
(35,2) (35,3) 83
(36,2) (36,3) 53
(37,2) (37,3) 94
(38,2) (38,3) 50
(39,2) (39,3) 84
(40,2) (40,3) 70
(41,2) (41,3) 47
(42,2) (42,3) 86
(43,2) (43,3) 50
(44,2) (44,3) 132
(45,2) (45,3) 82
(46,2) (46,3) 53
(47,2) (47,3) 85
(48,2) (48,3) 76
(49,2) (49,3) 124
(50,2) (50,3) 144
(51,2) (51,3) 112
(52,2) (52,3) 95
(53,2) (53,3) 95
(54,2) (54,3) 63
(55,2) (55,3) 125
(56,2) (56,3) 71
(57,2) (57,3) 78
(58,2) (58,3) 70
(59,2) (59,3) 131
(60,2) (60,3) 143
(61,2) (61,3) 47
(62,2) (62,3) 65
(63,2) (63,3) 126
(64,2) (64,3) 144
(65,2) (65,3) 58
(66,2) (66,3) 96
(67,2) (67,3) 51
(68,2) (68,3) 45
(69,2) (69,3) 87
(70,2) (70,3) 87
(71,2) (71,3) 131
(72,2) (72,3) 77
(73,2) (73,3) 129
(74,2) (74,3) 74
(75,2) (75,3) 105
(76,2) (76,3) 131
(77,2) (77,3) 129
(78,2) (78,3) 141
(79,2) (79,3) 48
(80,2) (80,3) 49
(81,2) (81,3) 110
(82,2) (82,3) 127
(83,2) (83,3) 139
(84,2) (84,3) 125
(85,2) (85,3) 114
(86,2) (86,3) 125
(87,2) (87,3) 106
(88,2) (88,3) 93
(89,2) (89,3) 138
(90,2) (90,3) 61
(91,2) (91,3) 114
(92,2) (92,3) 143
(93,2) (93,3) 53
(94,2) (94,3) 84
(95,2) (95,3) 60
(96,2) (96,3) 51
(97,2) (97,3) 107
(98,2) (98,3) 122
(99,2) (99,3) 62
(100,2) (100,3) 86
(1,3) (1,4) 49
(2,3) (2,4) 94
(3,3) (3,4) 122
(4,3) (4,4) 72
(5,3) (5,4) 76
(6,3) (6,4) 126
(7,3) (7,4) 125
(8,3) (8,4) 96
(9,3) (9,4) 70
(10,3) (10,4) 97
(11,3) (11,4) 100
(12,3) (12,4) 111
(13,3) (13,4) 142
(14,3) (14,4) 95
(15,3) (15,4) 88
(16,3) (16,4) 99
(17,3) (17,4) 56
(18,3) (18,4) 114
(19,3) (19,4) 115
(20,3) (20,4) 86
(21,3) (21,4) 82
(22,3) (22,4) 143
(23,3) (23,4) 119
(24,3) (24,4) 132
(25,3) (25,4) 138
(26,3) (26,4) 121
(27,3) (27,4) 56
(28,3) (28,4) 126
(29,3) (29,4) 79
(30,3) (30,4) 106
(31,3) (31,4) 97
(32,3) (32,4) 113
(33,3) (33,4) 104
(34,3) (34,4) 83
(35,3) (35,4) 76
(36,3) (36,4) 103
(37,3) (37,4) 140
(38,3) (38,4) 131
(39,3) (39,4) 69
(40,3) (40,4) 105
(41,3) (41,4) 133
(42,3) (42,4) 87
(43,3) (43,4) 77
(44,3) (44,4) 74
(45,3) (45,4) 136
(46,3) (46,4) 117
(47,3) (47,4) 94
(48,3) (48,4) 80
(49,3) (49,4) 53
(50,3) (50,4) 95
(51,3) (51,4) 75
(52,3) (52,4) 49
(53,3) (53,4) 72
(54,3) (54,4) 96
(55,3) (55,4) 95
(56,3) (56,4) 45
(57,3) (57,4) 139
(58,3) (58,4) 122
(59,3) (59,4) 118
(60,3) (60,4) 71
(61,3) (61,4) 52
(62,3) (62,4) 123
(63,3) (63,4) 131
(64,3) (64,4) 137
(65,3) (65,4) 47
(66,3) (66,4) 45
(67,3) (67,4) 94
(68,3) (68,4) 142
(69,3) (69,4) 73
(70,3) (70,4) 64
(71,3) (71,4) 133
(72,3) (72,4) 68
(73,3) (73,4) 105
(74,3) (74,4) 108
(75,3) (75,4) 139
(76,3) (76,4) 47
(77,3) (77,4) 108
(78,3) (78,4) 105
(79,3) (79,4) 85
(80,3) (80,4) 113
(81,3) (81,4) 108
(82,3) (82,4) 84
(83,3) (83,4) 129
(84,3) (84,4) 58
(85,3) (85,4) 101
(86,3) (86,4) 95
(87,3) (87,4) 97
(88,3) (88,4) 143
(89,3) (89,4) 111
(90,3) (90,4) 132
(91,3) (91,4) 52
(92,3) (92,4) 92
(93,3) (93,4) 93
(94,3) (94,4) 134
(95,3) (95,4) 72
(96,3) (96,4) 84
(97,3) (97,4) 79
(98,3) (98,4) 113
(99,3) (99,4) 60
(100,3) (100,4) 130
(1,4) (1,5) 108
(2,4) (2,5) 50
(3,4) (3,5) 74
(4,4) (4,5) 137
(5,4) (5,5) 54
(6,4) (6,5) 64
(7,4) (7,5) 89
(8,4) (8,5) 120
(9,4) (9,5) 118
(10,4) (10,5) 121
(11,4) (11,5) 125
(12,4) (12,5) 121
(13,4) (13,5) 85
(14,4) (14,5) 137
(15,4) (15,5) 104
(16,4) (16,5) 89
(17,4) (17,5) 61
(18,4) (18,5) 96
(19,4) (19,5) 61
(20,4) (20,5) 121
(21,4) (21,5) 95
(22,4) (22,5) 83
(23,4) (23,5) 80
(24,4) (24,5) 111
(25,4) (25,5) 133
(26,4) (26,5) 77
(27,4) (27,5) 108
(28,4) (28,5) 127
(29,4) (29,5) 63
(30,4) (30,5) 56
(31,4) (31,5) 117
(32,4) (32,5) 101
(33,4) (33,5) 71
(34,4) (34,5) 88
(35,4) (35,5) 139
(36,4) (36,5) 106
(37,4) (37,5) 77
(38,4) (38,5) 139
(39,4) (39,5) 129
(40,4) (40,5) 131
(41,4) (41,5) 114
(42,4) (42,5) 108
(43,4) (43,5) 83
(44,4) (44,5) 69
(45,4) (45,5) 133
(46,4) (46,5) 85
(47,4) (47,5) 113
(48,4) (48,5) 142
(49,4) (49,5) 73
(50,4) (50,5) 79
(51,4) (51,5) 132
(52,4) (52,5) 117
(53,4) (53,5) 106
(54,4) (54,5) 107
(55,4) (55,5) 51
(56,4) (56,5) 58
(57,4) (57,5) 134
(58,4) (58,5) 135
(59,4) (59,5) 112
(60,4) (60,5) 105
(61,4) (61,5) 68
(62,4) (62,5) 100
(63,4) (63,5) 103
(64,4) (64,5) 141
(65,4) (65,5) 135
(66,4) (66,5) 50
(67,4) (67,5) 72
(68,4) (68,5) 61
(69,4) (69,5) 97
(70,4) (70,5) 109
(71,4) (71,5) 129
(72,4) (72,5) 123
(73,4) (73,5) 81
(74,4) (74,5) 95
(75,4) (75,5) 65
(76,4) (76,5) 113
(77,4) (77,5) 52
(78,4) (78,5) 126
(79,4) (79,5) 72
(80,4) (80,5) 101
(81,4) (81,5) 103
(82,4) (82,5) 141
(83,4) (83,5) 72
(84,4) (84,5) 104
(85,4) (85,5) 93
(86,4) (86,5) 83
(87,4) (87,5) 109
(88,4) (88,5) 48
(89,4) (89,5) 115
(90,4) (90,5) 101
(91,4) (91,5) 59
(92,4) (92,5) 96
(93,4) (93,5) 81
(94,4) (94,5) 102
(95,4) (95,5) 88
(96,4) (96,5) 77
(97,4) (97,5) 109
(98,4) (98,5) 101
(99,4) (99,5) 89
(100,4) (100,5) 82
(1,5) (1,6) 88
(2,5) (2,6) 73
(3,5) (3,6) 61
(4,5) (4,6) 92
(5,5) (5,6) 73
(6,5) (6,6) 88
(7,5) (7,6) 90
(8,5) (8,6) 124
(9,5) (9,6) 121
(10,5) (10,6) 51
(11,5) (11,6) 136
(12,5) (12,6) 51
(13,5) (13,6) 77
(14,5) (14,6) 118
(15,5) (15,6) 120
(16,5) (16,6) 113
(17,5) (17,6) 127
(18,5) (18,6) 109
(19,5) (19,6) 70
(20,5) (20,6) 57
(21,5) (21,6) 100
(22,5) (22,6) 134
(23,5) (23,6) 49
(24,5) (24,6) 73
(25,5) (25,6) 63
(26,5) (26,6) 122
(27,5) (27,6) 93
(28,5) (28,6) 105
(29,5) (29,6) 83
(30,5) (30,6) 100
(31,5) (31,6) 47
(32,5) (32,6) 143
(33,5) (33,6) 83
(34,5) (34,6) 57
(35,5) (35,6) 67
(36,5) (36,6) 126
(37,5) (37,6) 95
(38,5) (38,6) 91
(39,5) (39,6) 51
(40,5) (40,6) 63
(41,5) (41,6) 124
(42,5) (42,6) 59
(43,5) (43,6) 79
(44,5) (44,6) 131
(45,5) (45,6) 141
(46,5) (46,6) 45
(47,5) (47,6) 137
(48,5) (48,6) 62
(49,5) (49,6) 65
(50,5) (50,6) 136
(51,5) (51,6) 57
(52,5) (52,6) 122
(53,5) (53,6) 120
(54,5) (54,6) 55
(55,5) (55,6) 47
(56,5) (56,6) 107
(57,5) (57,6) 73
(58,5) (58,6) 68
(59,5) (59,6) 110
(60,5) (60,6) 102
(61,5) (61,6) 103
(62,5) (62,6) 59
(63,5) (63,6) 113
(64,5) (64,6) 110
(65,5) (65,6) 88
(66,5) (66,6) 76
(67,5) (67,6) 69
(68,5) (68,6) 82
(69,5) (69,6) 56
(70,5) (70,6) 134
(71,5) (71,6) 90
(72,5) (72,6) 50
(73,5) (73,6) 134
(74,5) (74,6) 139
(75,5) (75,6) 79
(76,5) (76,6) 93
(77,5) (77,6) 121
(78,5) (78,6) 46
(79,5) (79,6) 81
(80,5) (80,6) 84
(81,5) (81,6) 74
(82,5) (82,6) 47
(83,5) (83,6) 80
(84,5) (84,6) 117
(85,5) (85,6) 61
(86,5) (86,6) 83
(87,5) (87,6) 112
(88,5) (88,6) 115
(89,5) (89,6) 80
(90,5) (90,6) 80
(91,5) (91,6) 78
(92,5) (92,6) 114
(93,5) (93,6) 127
(94,5) (94,6) 91
(95,5) (95,6) 63
(96,5) (96,6) 135
(97,5) (97,6) 55
(98,5) (98,6) 45
(99,5) (99,6) 124
(100,5) (100,6) 59
(1,6) (1,7) 86
(2,6) (2,7) 132
(3,6) (3,7) 110
(4,6) (4,7) 105
(5,6) (5,7) 67
(6,6) (6,7) 124
(7,6) (7,7) 137
(8,6) (8,7) 101
(9,6) (9,7) 63
(10,6) (10,7) 78
(11,6) (11,7) 63
(12,6) (12,7) 142
(13,6) (13,7) 99
(14,6) (14,7) 56
(15,6) (15,7) 93
(16,6) (16,7) 104
(17,6) (17,7) 58
(18,6) (18,7) 126
(19,6) (19,7) 124
(20,6) (20,7) 101
(21,6) (21,7) 51
(22,6) (22,7) 138
(23,6) (23,7) 99
(24,6) (24,7) 139
(25,6) (25,7) 65
(26,6) (26,7) 72
(27,6) (27,7) 78
(28,6) (28,7) 67
(29,6) (29,7) 59
(30,6) (30,7) 85
(31,6) (31,7) 136
(32,6) (32,7) 144
(33,6) (33,7) 114
(34,6) (34,7) 98
(35,6) (35,7) 139
(36,6) (36,7) 135
(37,6) (37,7) 90
(38,6) (38,7) 100
(39,6) (39,7) 77
(40,6) (40,7) 131
(41,6) (41,7) 97
(42,6) (42,7) 84
(43,6) (43,7) 67
(44,6) (44,7) 85
(45,6) (45,7) 83
(46,6) (46,7) 65
(47,6) (47,7) 128
(48,6) (48,7) 74
(49,6) (49,7) 111
(50,6) (50,7) 141
(51,6) (51,7) 123
(52,6) (52,7) 136
(53,6) (53,7) 67
(54,6) (54,7) 117
(55,6) (55,7) 123
(56,6) (56,7) 79
(57,6) (57,7) 51
(58,6) (58,7) 125
(59,6) (59,7) 129
(60,6) (60,7) 86
(61,6) (61,7) 105
(62,6) (62,7) 109
(63,6) (63,7) 85
(64,6) (64,7) 79
(65,6) (65,7) 113
(66,6) (66,7) 114
(67,6) (67,7) 86
(68,6) (68,7) 128
(69,6) (69,7) 76
(70,6) (70,7) 104
(71,6) (71,7) 66
(72,6) (72,7) 59
(73,6) (73,7) 109
(74,6) (74,7) 144
(75,6) (75,7) 125
(76,6) (76,7) 125
(77,6) (77,7) 79
(78,6) (78,7) 87
(79,6) (79,7) 127
(80,6) (80,7) 87
(81,6) (81,7) 76
(82,6) (82,7) 56
(83,6) (83,7) 54
(84,6) (84,7) 85
(85,6) (85,7) 128
(86,6) (86,7) 107
(87,6) (87,7) 143
(88,6) (88,7) 52
(89,6) (89,7) 143
(90,6) (90,7) 130
(91,6) (91,7) 100
(92,6) (92,7) 56
(93,6) (93,7) 72
(94,6) (94,7) 47
(95,6) (95,7) 91
(96,6) (96,7) 135
(97,6) (97,7) 53
(98,6) (98,7) 68
(99,6) (99,7) 45
(100,6) (100,7) 106
(1,7) (1,8) 140
(2,7) (2,8) 84
(3,7) (3,8) 49
(4,7) (4,8) 106
(5,7) (5,8) 49
(6,7) (6,8) 123
(7,7) (7,8) 134
(8,7) (8,8) 73
(9,7) (9,8) 75
(10,7) (10,8) 94
(11,7) (11,8) 80
(12,7) (12,8) 135
(13,7) (13,8) 129
(14,7) (14,8) 69
(15,7) (15,8) 80
(16,7) (16,8) 76
(17,7) (17,8) 73
(18,7) (18,8) 122
(19,7) (19,8) 114
(20,7) (20,8) 97
(21,7) (21,8) 79
(22,7) (22,8) 107
(23,7) (23,8) 112
(24,7) (24,8) 68
(25,7) (25,8) 97
(26,7) (26,8) 68
(27,7) (27,8) 113
(28,7) (28,8) 92
(29,7) (29,8) 88
(30,7) (30,8) 58
(31,7) (31,8) 107
(32,7) (32,8) 75
(33,7) (33,8) 79
(34,7) (34,8) 72
(35,7) (35,8) 78
(36,7) (36,8) 70
(37,7) (37,8) 95
(38,7) (38,8) 129
(39,7) (39,8) 93
(40,7) (40,8) 95
(41,7) (41,8) 98
(42,7) (42,8) 94
(43,7) (43,8) 68
(44,7) (44,8) 126
(45,7) (45,8) 70
(46,7) (46,8) 102
(47,7) (47,8) 141
(48,7) (48,8) 112
(49,7) (49,8) 90
(50,7) (50,8) 100
(51,7) (51,8) 118
(52,7) (52,8) 59
(53,7) (53,8) 73
(54,7) (54,8) 121
(55,7) (55,8) 75
(56,7) (56,8) 95
(57,7) (57,8) 135
(58,7) (58,8) 72
(59,7) (59,8) 60
(60,7) (60,8) 67
(61,7) (61,8) 72
(62,7) (62,8) 111
(63,7) (63,8) 45
(64,7) (64,8) 99
(65,7) (65,8) 136
(66,7) (66,8) 140
(67,7) (67,8) 57
(68,7) (68,8) 117
(69,7) (69,8) 49
(70,7) (70,8) 124
(71,7) (71,8) 122
(72,7) (72,8) 104
(73,7) (73,8) 85
(74,7) (74,8) 83
(75,7) (75,8) 123
(76,7) (76,8) 57
(77,7) (77,8) 135
(78,7) (78,8) 131
(79,7) (79,8) 142
(80,7) (80,8) 126
(81,7) (81,8) 69
(82,7) (82,8) 119
(83,7) (83,8) 57
(84,7) (84,8) 68
(85,7) (85,8) 92
(86,7) (86,8) 112
(87,7) (87,8) 139
(88,7) (88,8) 125
(89,7) (89,8) 119
(90,7) (90,8) 99
(91,7) (91,8) 136
(92,7) (92,8) 106
(93,7) (93,8) 131
(94,7) (94,8) 80
(95,7) (95,8) 77
(96,7) (96,8) 56
(97,7) (97,8) 136
(98,7) (98,8) 116
(99,7) (99,8) 106
(100,7) (100,8) 94
(1,8) (1,9) 46
(2,8) (2,9) 126
(3,8) (3,9) 62
(4,8) (4,9) 111
(5,8) (5,9) 131
(6,8) (6,9) 113
(7,8) (7,9) 125
(8,8) (8,9) 54
(9,8) (9,9) 104
(10,8) (10,9) 122
(11,8) (11,9) 70
(12,8) (12,9) 82
(13,8) (13,9) 143
(14,8) (14,9) 56
(15,8) (15,9) 88
(16,8) (16,9) 77
(17,8) (17,9) 131
(18,8) (18,9) 139
(19,8) (19,9) 132
(20,8) (20,9) 57
(21,8) (21,9) 92
(22,8) (22,9) 144
(23,8) (23,9) 72
(24,8) (24,9) 99
(25,8) (25,9) 63
(26,8) (26,9) 123
(27,8) (27,9) 46
(28,8) (28,9) 116
(29,8) (29,9) 82
(30,8) (30,9) 63
(31,8) (31,9) 60
(32,8) (32,9) 69
(33,8) (33,9) 85
(34,8) (34,9) 71
(35,8) (35,9) 100
(36,8) (36,9) 138
(37,8) (37,9) 120
(38,8) (38,9) 112
(39,8) (39,9) 130
(40,8) (40,9) 91
(41,8) (41,9) 73
(42,8) (42,9) 106
(43,8) (43,9) 117
(44,8) (44,9) 63
(45,8) (45,9) 110
(46,8) (46,9) 131
(47,8) (47,9) 103
(48,8) (48,9) 79
(49,8) (49,9) 144
(50,8) (50,9) 110
(51,8) (51,9) 88
(52,8) (52,9) 60
(53,8) (53,9) 139
(54,8) (54,9) 89
(55,8) (55,9) 126
(56,8) (56,9) 113
(57,8) (57,9) 126
(58,8) (58,9) 72
(59,8) (59,9) 76
(60,8) (60,9) 119
(61,8) (61,9) 67
(62,8) (62,9) 59
(63,8) (63,9) 92
(64,8) (64,9) 46
(65,8) (65,9) 140
(66,8) (66,9) 138
(67,8) (67,9) 68
(68,8) (68,9) 69
(69,8) (69,9) 65
(70,8) (70,9) 99
(71,8) (71,9) 129
(72,8) (72,9) 51
(73,8) (73,9) 54
(74,8) (74,9) 80
(75,8) (75,9) 55
(76,8) (76,9) 62
(77,8) (77,9) 46
(78,8) (78,9) 68
(79,8) (79,9) 86
(80,8) (80,9) 97
(81,8) (81,9) 78
(82,8) (82,9) 126
(83,8) (83,9) 121
(84,8) (84,9) 93
(85,8) (85,9) 88
(86,8) (86,9) 53
(87,8) (87,9) 92
(88,8) (88,9) 64
(89,8) (89,9) 79
(90,8) (90,9) 46
(91,8) (91,9) 91
(92,8) (92,9) 111
(93,8) (93,9) 119
(94,8) (94,9) 98
(95,8) (95,9) 54
(96,8) (96,9) 82
(97,8) (97,9) 122
(98,8) (98,9) 91
(99,8) (99,9) 131
(100,8) (100,9) 118
(1,9) (1,10) 78
(2,9) (2,10) 52
(3,9) (3,10) 87
(4,9) (4,10) 130
(5,9) (5,10) 107
(6,9) (6,10) 78
(7,9) (7,10) 81
(8,9) (8,10) 99
(9,9) (9,10) 122
(10,9) (10,10) 63
(11,9) (11,10) 112
(12,9) (12,10) 115
(13,9) (13,10) 137
(14,9) (14,10) 50
(15,9) (15,10) 142
(16,9) (16,10) 69
(17,9) (17,10) 69
(18,9) (18,10) 143
(19,9) (19,10) 83
(20,9) (20,10) 96
(21,9) (21,10) 141
(22,9) (22,10) 97
(23,9) (23,10) 72
(24,9) (24,10) 82
(25,9) (25,10) 133
(26,9) (26,10) 62
(27,9) (27,10) 102
(28,9) (28,10) 47
(29,9) (29,10) 79
(30,9) (30,10) 119
(31,9) (31,10) 91
(32,9) (32,10) 91
(33,9) (33,10) 58
(34,9) (34,10) 73
(35,9) (35,10) 120
(36,9) (36,10) 72
(37,9) (37,10) 101
(38,9) (38,10) 100
(39,9) (39,10) 114
(40,9) (40,10) 57
(41,9) (41,10) 135
(42,9) (42,10) 48
(43,9) (43,10) 134
(44,9) (44,10) 105
(45,9) (45,10) 124
(46,9) (46,10) 98
(47,9) (47,10) 47
(48,9) (48,10) 80
(49,9) (49,10) 137
(50,9) (50,10) 85
(51,9) (51,10) 94
(52,9) (52,10) 129
(53,9) (53,10) 110
(54,9) (54,10) 130
(55,9) (55,10) 118
(56,9) (56,10) 116
(57,9) (57,10) 61
(58,9) (58,10) 69
(59,9) (59,10) 140
(60,9) (60,10) 51
(61,9) (61,10) 107
(62,9) (62,10) 97
(63,9) (63,10) 86
(64,9) (64,10) 64
(65,9) (65,10) 126
(66,9) (66,10) 112
(67,9) (67,10) 87
(68,9) (68,10) 74
(69,9) (69,10) 78
(70,9) (70,10) 117
(71,9) (71,10) 50
(72,9) (72,10) 129
(73,9) (73,10) 80
(74,9) (74,10) 87
(75,9) (75,10) 64
(76,9) (76,10) 59
(77,9) (77,10) 121
(78,9) (78,10) 59
(79,9) (79,10) 77
(80,9) (80,10) 106
(81,9) (81,10) 54
(82,9) (82,10) 105
(83,9) (83,10) 67
(84,9) (84,10) 72
(85,9) (85,10) 105
(86,9) (86,10) 100
(87,9) (87,10) 46
(88,9) (88,10) 139
(89,9) (89,10) 80
(90,9) (90,10) 120
(91,9) (91,10) 143
(92,9) (92,10) 77
(93,9) (93,10) 141
(94,9) (94,10) 46
(95,9) (95,10) 92
(96,9) (96,10) 95
(97,9) (97,10) 89
(98,9) (98,10) 139
(99,9) (99,10) 142
(100,9) (100,10) 62
(1,1) (2,1) 139
(2,1) (1,1) 137
(2,1) (3,1) 142
(3,1) (2,1) 95
(3,1) (4,1) 94
(4,1) (3,1) 143
(4,1) (5,1) 122
(5,1) (4,1) 86
(5,1) (6,1) 99
(6,1) (5,1) 124
(6,1) (7,1) 91
(7,1) (6,1) 134
(7,1) (8,1) 125
(8,1) (7,1) 128
(8,1) (9,1) 132
(9,1) (8,1) 144
(9,1) (10,1) 65
(10,1) (9,1) 139
(10,1) (11,1) 46
(11,1) (10,1) 125
(11,1) (12,1) 54
(12,1) (11,1) 107
(12,1) (13,1) 52
(13,1) (12,1) 101
(13,1) (14,1) 103
(14,1) (13,1) 121
(14,1) (15,1) 131
(15,1) (14,1) 110
(15,1) (16,1) 84
(16,1) (15,1) 63
(16,1) (17,1) 79
(17,1) (16,1) 114
(17,1) (18,1) 108
(18,1) (17,1) 137
(18,1) (19,1) 60
(19,1) (18,1) 106
(19,1) (20,1) 136
(20,1) (19,1) 94
(20,1) (21,1) 95
(21,1) (20,1) 69
(21,1) (22,1) 54
(22,1) (21,1) 106
(22,1) (23,1) 93
(23,1) (22,1) 73
(23,1) (24,1) 61
(24,1) (23,1) 142
(24,1) (25,1) 66
(25,1) (24,1) 68
(25,1) (26,1) 64
(26,1) (25,1) 68
(26,1) (27,1) 80
(27,1) (26,1) 62
(27,1) (28,1) 102
(28,1) (27,1) 134
(28,1) (29,1) 47
(29,1) (28,1) 79
(29,1) (30,1) 136
(30,1) (29,1) 138
(30,1) (31,1) 137
(31,1) (30,1) 85
(31,1) (32,1) 134
(32,1) (31,1) 52
(32,1) (33,1) 51
(33,1) (32,1) 45
(33,1) (34,1) 58
(34,1) (33,1) 116
(34,1) (35,1) 102
(35,1) (34,1) 91
(35,1) (36,1) 91
(36,1) (35,1) 66
(36,1) (37,1) 124
(37,1) (36,1) 71
(37,1) (38,1) 98
(38,1) (37,1) 116
(38,1) (39,1) 52
(39,1) (38,1) 122
(39,1) (40,1) 94
(40,1) (39,1) 127
(40,1) (41,1) 129
(41,1) (40,1) 82
(41,1) (42,1) 89
(42,1) (41,1) 135
(42,1) (43,1) 123
(43,1) (42,1) 123
(43,1) (44,1) 84
(44,1) (43,1) 65
(44,1) (45,1) 144
(45,1) (44,1) 108
(45,1) (46,1) 88
(46,1) (45,1) 82
(46,1) (47,1) 69
(47,1) (46,1) 122
(47,1) (48,1) 92
(48,1) (47,1) 62
(48,1) (49,1) 133
(49,1) (48,1) 123
(49,1) (50,1) 143
(50,1) (49,1) 58
(50,1) (51,1) 68
(51,1) (50,1) 78
(51,1) (52,1) 62
(52,1) (51,1) 57
(52,1) (53,1) 81
(53,1) (52,1) 66
(53,1) (54,1) 59
(54,1) (53,1) 74
(54,1) (55,1) 55
(55,1) (54,1) 130
(55,1) (56,1) 93
(56,1) (55,1) 91
(56,1) (57,1) 105
(57,1) (56,1) 53
(57,1) (58,1) 84
(58,1) (57,1) 74
(58,1) (59,1) 60
(59,1) (58,1) 132
(59,1) (60,1) 110
(60,1) (59,1) 88
(60,1) (61,1) 114
(61,1) (60,1) 94
(61,1) (62,1) 139
(62,1) (61,1) 56
(62,1) (63,1) 72
(63,1) (62,1) 139
(63,1) (64,1) 102
(64,1) (63,1) 113
(64,1) (65,1) 91
(65,1) (64,1) 64
(65,1) (66,1) 72
(66,1) (65,1) 128
(66,1) (67,1) 80
(67,1) (66,1) 142
(67,1) (68,1) 78
(68,1) (67,1) 45
(68,1) (69,1) 122
(69,1) (68,1) 57
(69,1) (70,1) 73
(70,1) (69,1) 85
(70,1) (71,1) 106
(71,1) (70,1) 61
(71,1) (72,1) 66
(72,1) (71,1) 78
(72,1) (73,1) 69
(73,1) (72,1) 118
(73,1) (74,1) 109
(74,1) (73,1) 107
(74,1) (75,1) 126
(75,1) (74,1) 101
(75,1) (76,1) 57
(76,1) (75,1) 58
(76,1) (77,1) 138
(77,1) (76,1) 71
(77,1) (78,1) 137
(78,1) (77,1) 105
(78,1) (79,1) 105
(79,1) (78,1) 124
(79,1) (80,1) 115
(80,1) (79,1) 105
(80,1) (81,1) 119
(81,1) (80,1) 52
(81,1) (82,1) 142
(82,1) (81,1) 98
(82,1) (83,1) 104
(83,1) (82,1) 68
(83,1) (84,1) 103
(84,1) (83,1) 111
(84,1) (85,1) 99
(85,1) (84,1) 129
(85,1) (86,1) 64
(86,1) (85,1) 45
(86,1) (87,1) 65
(87,1) (86,1) 54
(87,1) (88,1) 100
(88,1) (87,1) 124
(88,1) (89,1) 130
(89,1) (88,1) 127
(89,1) (90,1) 64
(90,1) (89,1) 62
(90,1) (91,1) 85
(91,1) (90,1) 65
(91,1) (92,1) 64
(92,1) (91,1) 141
(92,1) (93,1) 68
(93,1) (92,1) 102
(93,1) (94,1) 54
(94,1) (93,1) 144
(94,1) (95,1) 64
(95,1) (94,1) 58
(95,1) (96,1) 79
(96,1) (95,1) 58
(96,1) (97,1) 70
(97,1) (96,1) 48
(97,1) (98,1) 71
(98,1) (97,1) 90
(98,1) (99,1) 56
(99,1) (98,1) 71
(99,1) (100,1) 52
(100,1) (99,1) 127
(1,2) (2,2) 143
(2,2) (1,2) 84
(2,2) (3,2) 104
(3,2) (2,2) 60
(3,2) (4,2) 125
(4,2) (3,2) 47
(4,2) (5,2) 120
(5,2) (4,2) 53
(5,2) (6,2) 76
(6,2) (5,2) 130
(6,2) (7,2) 73
(7,2) (6,2) 82
(7,2) (8,2) 129
(8,2) (7,2) 69
(8,2) (9,2) 88
(9,2) (8,2) 52
(9,2) (10,2) 92
(10,2) (9,2) 83
(10,2) (11,2) 110
(11,2) (10,2) 49
(11,2) (12,2) 109
(12,2) (11,2) 81
(12,2) (13,2) 83
(13,2) (12,2) 123
(13,2) (14,2) 52
(14,2) (13,2) 55
(14,2) (15,2) 129
(15,2) (14,2) 95
(15,2) (16,2) 58
(16,2) (15,2) 52
(16,2) (17,2) 101
(17,2) (16,2) 89
(17,2) (18,2) 139
(18,2) (17,2) 60
(18,2) (19,2) 45
(19,2) (18,2) 52
(19,2) (20,2) 85
(20,2) (19,2) 121
(20,2) (21,2) 117
(21,2) (20,2) 104
(21,2) (22,2) 55
(22,2) (21,2) 81
(22,2) (23,2) 84
(23,2) (22,2) 55
(23,2) (24,2) 95
(24,2) (23,2) 116
(24,2) (25,2) 124
(25,2) (24,2) 134
(25,2) (26,2) 86
(26,2) (25,2) 110
(26,2) (27,2) 134
(27,2) (26,2) 105
(27,2) (28,2) 144
(28,2) (27,2) 97
(28,2) (29,2) 95
(29,2) (28,2) 134
(29,2) (30,2) 117
(30,2) (29,2) 76
(30,2) (31,2) 78
(31,2) (30,2) 122
(31,2) (32,2) 120
(32,2) (31,2) 55
(32,2) (33,2) 127
(33,2) (32,2) 105
(33,2) (34,2) 47
(34,2) (33,2) 131
(34,2) (35,2) 59
(35,2) (34,2) 121
(35,2) (36,2) 53
(36,2) (35,2) 79
(36,2) (37,2) 72
(37,2) (36,2) 59
(37,2) (38,2) 114
(38,2) (37,2) 62
(38,2) (39,2) 85
(39,2) (38,2) 74
(39,2) (40,2) 50
(40,2) (39,2) 80
(40,2) (41,2) 53
(41,2) (40,2) 140
(41,2) (42,2) 129
(42,2) (41,2) 107
(42,2) (43,2) 68
(43,2) (42,2) 63
(43,2) (44,2) 102
(44,2) (43,2) 57
(44,2) (45,2) 62
(45,2) (44,2) 61
(45,2) (46,2) 136
(46,2) (45,2) 105
(46,2) (47,2) 60
(47,2) (46,2) 73
(47,2) (48,2) 101
(48,2) (47,2) 112
(48,2) (49,2) 122
(49,2) (48,2) 119
(49,2) (50,2) 91
(50,2) (49,2) 103
(50,2) (51,2) 83
(51,2) (50,2) 142
(51,2) (52,2) 61
(52,2) (51,2) 139
(52,2) (53,2) 56
(53,2) (52,2) 140
(53,2) (54,2) 111
(54,2) (53,2) 68
(54,2) (55,2) 136
(55,2) (54,2) 130
(55,2) (56,2) 58
(56,2) (55,2) 94
(56,2) (57,2) 50
(57,2) (56,2) 55
(57,2) (58,2) 66
(58,2) (57,2) 138
(58,2) (59,2) 69
(59,2) (58,2) 116
(59,2) (60,2) 138
(60,2) (59,2) 138
(60,2) (61,2) 140
(61,2) (60,2) 62
(61,2) (62,2) 82
(62,2) (61,2) 125
(62,2) (63,2) 129
(63,2) (62,2) 119
(63,2) (64,2) 73
(64,2) (63,2) 78
(64,2) (65,2) 81
(65,2) (64,2) 142
(65,2) (66,2) 59
(66,2) (65,2) 123
(66,2) (67,2) 111
(67,2) (66,2) 135
(67,2) (68,2) 46
(68,2) (67,2) 65
(68,2) (69,2) 82
(69,2) (68,2) 112
(69,2) (70,2) 52
(70,2) (69,2) 107
(70,2) (71,2) 57
(71,2) (70,2) 80
(71,2) (72,2) 71
(72,2) (71,2) 133
(72,2) (73,2) 109
(73,2) (72,2) 49
(73,2) (74,2) 65
(74,2) (73,2) 80
(74,2) (75,2) 61
(75,2) (74,2) 131
(75,2) (76,2) 109
(76,2) (75,2) 111
(76,2) (77,2) 143
(77,2) (76,2) 99
(77,2) (78,2) 131
(78,2) (77,2) 105
(78,2) (79,2) 55
(79,2) (78,2) 57
(79,2) (80,2) 141
(80,2) (79,2) 122
(80,2) (81,2) 93
(81,2) (80,2) 48
(81,2) (82,2) 122
(82,2) (81,2) 139
(82,2) (83,2) 124
(83,2) (82,2) 97
(83,2) (84,2) 91
(84,2) (83,2) 59
(84,2) (85,2) 118
(85,2) (84,2) 67
(85,2) (86,2) 74
(86,2) (85,2) 76
(86,2) (87,2) 92
(87,2) (86,2) 95
(87,2) (88,2) 74
(88,2) (87,2) 123
(88,2) (89,2) 86
(89,2) (88,2) 115
(89,2) (90,2) 134
(90,2) (89,2) 128
(90,2) (91,2) 76
(91,2) (90,2) 132
(91,2) (92,2) 126
(92,2) (91,2) 82
(92,2) (93,2) 108
(93,2) (92,2) 133
(93,2) (94,2) 111
(94,2) (93,2) 99
(94,2) (95,2) 105
(95,2) (94,2) 66
(95,2) (96,2) 132
(96,2) (95,2) 95
(96,2) (97,2) 137
(97,2) (96,2) 71
(97,2) (98,2) 109
(98,2) (97,2) 92
(98,2) (99,2) 46
(99,2) (98,2) 67
(99,2) (100,2) 89
(100,2) (99,2) 127
(1,3) (2,3) 67
(2,3) (1,3) 98
(2,3) (3,3) 136
(3,3) (2,3) 77
(3,3) (4,3) 121
(4,3) (3,3) 91
(4,3) (5,3) 70
(5,3) (4,3) 117
(5,3) (6,3) 114
(6,3) (5,3) 93
(6,3) (7,3) 72
(7,3) (6,3) 110
(7,3) (8,3) 95
(8,3) (7,3) 108
(8,3) (9,3) 101
(9,3) (8,3) 89
(9,3) (10,3) 113
(10,3) (9,3) 52
(10,3) (11,3) 94
(11,3) (10,3) 65
(11,3) (12,3) 142
(12,3) (11,3) 51
(12,3) (13,3) 78
(13,3) (12,3) 50
(13,3) (14,3) 122
(14,3) (13,3) 61
(14,3) (15,3) 48
(15,3) (14,3) 76
(15,3) (16,3) 74
(16,3) (15,3) 118
(16,3) (17,3) 70
(17,3) (16,3) 133
(17,3) (18,3) 101
(18,3) (17,3) 63
(18,3) (19,3) 136
(19,3) (18,3) 84
(19,3) (20,3) 64
(20,3) (19,3) 81
(20,3) (21,3) 131
(21,3) (20,3) 134
(21,3) (22,3) 80
(22,3) (21,3) 99
(22,3) (23,3) 45
(23,3) (22,3) 138
(23,3) (24,3) 72
(24,3) (23,3) 74
(24,3) (25,3) 46
(25,3) (24,3) 60
(25,3) (26,3) 130
(26,3) (25,3) 100
(26,3) (27,3) 127
(27,3) (26,3) 57
(27,3) (28,3) 128
(28,3) (27,3) 83
(28,3) (29,3) 135
(29,3) (28,3) 59
(29,3) (30,3) 47
(30,3) (29,3) 100
(30,3) (31,3) 111
(31,3) (30,3) 109
(31,3) (32,3) 118
(32,3) (31,3) 97
(32,3) (33,3) 100
(33,3) (32,3) 123
(33,3) (34,3) 121
(34,3) (33,3) 78
(34,3) (35,3) 80
(35,3) (34,3) 80
(35,3) (36,3) 114
(36,3) (35,3) 120
(36,3) (37,3) 70
(37,3) (36,3) 83
(37,3) (38,3) 121
(38,3) (37,3) 48
(38,3) (39,3) 135
(39,3) (38,3) 60
(39,3) (40,3) 80
(40,3) (39,3) 143
(40,3) (41,3) 81
(41,3) (40,3) 96
(41,3) (42,3) 130
(42,3) (41,3) 73
(42,3) (43,3) 95
(43,3) (42,3) 45
(43,3) (44,3) 110
(44,3) (43,3) 74
(44,3) (45,3) 128
(45,3) (44,3) 58
(45,3) (46,3) 53
(46,3) (45,3) 121
(46,3) (47,3) 89
(47,3) (46,3) 110
(47,3) (48,3) 135
(48,3) (47,3) 80
(48,3) (49,3) 126
(49,3) (48,3) 103
(49,3) (50,3) 99
(50,3) (49,3) 69
(50,3) (51,3) 53
(51,3) (50,3) 109
(51,3) (52,3) 105
(52,3) (51,3) 60
(52,3) (53,3) 134
(53,3) (52,3) 116
(53,3) (54,3) 89
(54,3) (53,3) 114
(54,3) (55,3) 58
(55,3) (54,3) 100
(55,3) (56,3) 128
(56,3) (55,3) 54
(56,3) (57,3) 135
(57,3) (56,3) 45
(57,3) (58,3) 50
(58,3) (57,3) 51
(58,3) (59,3) 138
(59,3) (58,3) 68
(59,3) (60,3) 127
(60,3) (59,3) 57
(60,3) (61,3) 84
(61,3) (60,3) 58
(61,3) (62,3) 95
(62,3) (61,3) 88
(62,3) (63,3) 63
(63,3) (62,3) 79
(63,3) (64,3) 138
(64,3) (63,3) 48
(64,3) (65,3) 117
(65,3) (64,3) 73
(65,3) (66,3) 114
(66,3) (65,3) 135
(66,3) (67,3) 111
(67,3) (66,3) 47
(67,3) (68,3) 98
(68,3) (67,3) 46
(68,3) (69,3) 127
(69,3) (68,3) 121
(69,3) (70,3) 131
(70,3) (69,3) 144
(70,3) (71,3) 128
(71,3) (70,3) 67
(71,3) (72,3) 126
(72,3) (71,3) 76
(72,3) (73,3) 63
(73,3) (72,3) 58
(73,3) (74,3) 129
(74,3) (73,3) 129
(74,3) (75,3) 144
(75,3) (74,3) 63
(75,3) (76,3) 69
(76,3) (75,3) 75
(76,3) (77,3) 107
(77,3) (76,3) 124
(77,3) (78,3) 50
(78,3) (77,3) 74
(78,3) (79,3) 101
(79,3) (78,3) 52
(79,3) (80,3) 57
(80,3) (79,3) 140
(80,3) (81,3) 143
(81,3) (80,3) 71
(81,3) (82,3) 126
(82,3) (81,3) 76
(82,3) (83,3) 101
(83,3) (82,3) 130
(83,3) (84,3) 77
(84,3) (83,3) 50
(84,3) (85,3) 45
(85,3) (84,3) 121
(85,3) (86,3) 136
(86,3) (85,3) 109
(86,3) (87,3) 115
(87,3) (86,3) 76
(87,3) (88,3) 115
(88,3) (87,3) 95
(88,3) (89,3) 58
(89,3) (88,3) 141
(89,3) (90,3) 136
(90,3) (89,3) 117
(90,3) (91,3) 128
(91,3) (90,3) 64
(91,3) (92,3) 111
(92,3) (91,3) 121
(92,3) (93,3) 126
(93,3) (92,3) 67
(93,3) (94,3) 49
(94,3) (93,3) 68
(94,3) (95,3) 51
(95,3) (94,3) 45
(95,3) (96,3) 98
(96,3) (95,3) 80
(96,3) (97,3) 90
(97,3) (96,3) 127
(97,3) (98,3) 132
(98,3) (97,3) 87
(98,3) (99,3) 85
(99,3) (98,3) 99
(99,3) (100,3) 91
(100,3) (99,3) 55
(1,4) (2,4) 85
(2,4) (1,4) 49
(2,4) (3,4) 103
(3,4) (2,4) 54
(3,4) (4,4) 61
(4,4) (3,4) 51
(4,4) (5,4) 120
(5,4) (4,4) 50
(5,4) (6,4) 114
(6,4) (5,4) 79
(6,4) (7,4) 51
(7,4) (6,4) 117
(7,4) (8,4) 139
(8,4) (7,4) 93
(8,4) (9,4) 93
(9,4) (8,4) 90
(9,4) (10,4) 132
(10,4) (9,4) 72
(10,4) (11,4) 45
(11,4) (10,4) 109
(11,4) (12,4) 121
(12,4) (11,4) 71
(12,4) (13,4) 71
(13,4) (12,4) 65
(13,4) (14,4) 126
(14,4) (13,4) 121
(14,4) (15,4) 48
(15,4) (14,4) 66
(15,4) (16,4) 45
(16,4) (15,4) 64
(16,4) (17,4) 138
(17,4) (16,4) 105
(17,4) (18,4) 130
(18,4) (17,4) 140
(18,4) (19,4) 76
(19,4) (18,4) 48
(19,4) (20,4) 135
(20,4) (19,4) 140
(20,4) (21,4) 103
(21,4) (20,4) 78
(21,4) (22,4) 109
(22,4) (21,4) 67
(22,4) (23,4) 125
(23,4) (22,4) 131
(23,4) (24,4) 45
(24,4) (23,4) 64
(24,4) (25,4) 51
(25,4) (24,4) 106
(25,4) (26,4) 105
(26,4) (25,4) 63
(26,4) (27,4) 53
(27,4) (26,4) 104
(27,4) (28,4) 90
(28,4) (27,4) 56
(28,4) (29,4) 78
(29,4) (28,4) 47
(29,4) (30,4) 89
(30,4) (29,4) 91
(30,4) (31,4) 97
(31,4) (30,4) 123
(31,4) (32,4) 54
(32,4) (31,4) 139
(32,4) (33,4) 99
(33,4) (32,4) 104
(33,4) (34,4) 113
(34,4) (33,4) 123
(34,4) (35,4) 88
(35,4) (34,4) 113
(35,4) (36,4) 64
(36,4) (35,4) 111
(36,4) (37,4) 82
(37,4) (36,4) 81
(37,4) (38,4) 114
(38,4) (37,4) 59
(38,4) (39,4) 130
(39,4) (38,4) 125
(39,4) (40,4) 54
(40,4) (39,4) 71
(40,4) (41,4) 53
(41,4) (40,4) 70
(41,4) (42,4) 73
(42,4) (41,4) 71
(42,4) (43,4) 134
(43,4) (42,4) 85
(43,4) (44,4) 67
(44,4) (43,4) 78
(44,4) (45,4) 101
(45,4) (44,4) 113
(45,4) (46,4) 45
(46,4) (45,4) 126
(46,4) (47,4) 76
(47,4) (46,4) 123
(47,4) (48,4) 115
(48,4) (47,4) 71
(48,4) (49,4) 91
(49,4) (48,4) 62
(49,4) (50,4) 128
(50,4) (49,4) 134
(50,4) (51,4) 139
(51,4) (50,4) 62
(51,4) (52,4) 127
(52,4) (51,4) 112
(52,4) (53,4) 60
(53,4) (52,4) 139
(53,4) (54,4) 86
(54,4) (53,4) 120
(54,4) (55,4) 59
(55,4) (54,4) 104
(55,4) (56,4) 74
(56,4) (55,4) 61
(56,4) (57,4) 83
(57,4) (56,4) 101
(57,4) (58,4) 141
(58,4) (57,4) 45
(58,4) (59,4) 92
(59,4) (58,4) 139
(59,4) (60,4) 132
(60,4) (59,4) 144
(60,4) (61,4) 102
(61,4) (60,4) 111
(61,4) (62,4) 61
(62,4) (61,4) 133
(62,4) (63,4) 144
(63,4) (62,4) 82
(63,4) (64,4) 118
(64,4) (63,4) 52
(64,4) (65,4) 120
(65,4) (64,4) 108
(65,4) (66,4) 93
(66,4) (65,4) 52
(66,4) (67,4) 68
(67,4) (66,4) 131
(67,4) (68,4) 123
(68,4) (67,4) 56
(68,4) (69,4) 84
(69,4) (68,4) 91
(69,4) (70,4) 132
(70,4) (69,4) 93
(70,4) (71,4) 63
(71,4) (70,4) 76
(71,4) (72,4) 128
(72,4) (71,4) 110
(72,4) (73,4) 125
(73,4) (72,4) 80
(73,4) (74,4) 84
(74,4) (73,4) 141
(74,4) (75,4) 110
(75,4) (74,4) 72
(75,4) (76,4) 61
(76,4) (75,4) 98
(76,4) (77,4) 127
(77,4) (76,4) 81
(77,4) (78,4) 130
(78,4) (77,4) 74
(78,4) (79,4) 70
(79,4) (78,4) 64
(79,4) (80,4) 113
(80,4) (79,4) 46
(80,4) (81,4) 76
(81,4) (80,4) 140
(81,4) (82,4) 63
(82,4) (81,4) 138
(82,4) (83,4) 120
(83,4) (82,4) 96
(83,4) (84,4) 97
(84,4) (83,4) 121
(84,4) (85,4) 80
(85,4) (84,4) 81
(85,4) (86,4) 108
(86,4) (85,4) 135
(86,4) (87,4) 60
(87,4) (86,4) 65
(87,4) (88,4) 137
(88,4) (87,4) 115
(88,4) (89,4) 111
(89,4) (88,4) 122
(89,4) (90,4) 94
(90,4) (89,4) 130
(90,4) (91,4) 112
(91,4) (90,4) 66
(91,4) (92,4) 93
(92,4) (91,4) 68
(92,4) (93,4) 78
(93,4) (92,4) 76
(93,4) (94,4) 126
(94,4) (93,4) 138
(94,4) (95,4) 49
(95,4) (94,4) 69
(95,4) (96,4) 61
(96,4) (95,4) 70
(96,4) (97,4) 113
(97,4) (96,4) 61
(97,4) (98,4) 86
(98,4) (97,4) 76
(98,4) (99,4) 103
(99,4) (98,4) 93
(99,4) (100,4) 89
(100,4) (99,4) 81
(1,5) (2,5) 134
(2,5) (1,5) 102
(2,5) (3,5) 98
(3,5) (2,5) 110
(3,5) (4,5) 63
(4,5) (3,5) 99
(4,5) (5,5) 57
(5,5) (4,5) 122
(5,5) (6,5) 105
(6,5) (5,5) 47
(6,5) (7,5) 84
(7,5) (6,5) 121
(7,5) (8,5) 71
(8,5) (7,5) 98
(8,5) (9,5) 97
(9,5) (8,5) 138
(9,5) (10,5) 78
(10,5) (9,5) 80
(10,5) (11,5) 131
(11,5) (10,5) 65
(11,5) (12,5) 118
(12,5) (11,5) 57
(12,5) (13,5) 46
(13,5) (12,5) 50
(13,5) (14,5) 65
(14,5) (13,5) 116
(14,5) (15,5) 51
(15,5) (14,5) 69
(15,5) (16,5) 83
(16,5) (15,5) 81
(16,5) (17,5) 51
(17,5) (16,5) 103
(17,5) (18,5) 72
(18,5) (17,5) 113
(18,5) (19,5) 59
(19,5) (18,5) 81
(19,5) (20,5) 86
(20,5) (19,5) 58
(20,5) (21,5) 60
(21,5) (20,5) 69
(21,5) (22,5) 95
(22,5) (21,5) 96
(22,5) (23,5) 61
(23,5) (22,5) 102
(23,5) (24,5) 115
(24,5) (23,5) 117
(24,5) (25,5) 141
(25,5) (24,5) 69
(25,5) (26,5) 62
(26,5) (25,5) 132
(26,5) (27,5) 57
(27,5) (26,5) 78
(27,5) (28,5) 92
(28,5) (27,5) 108
(28,5) (29,5) 64
(29,5) (28,5) 136
(29,5) (30,5) 63
(30,5) (29,5) 100
(30,5) (31,5) 141
(31,5) (30,5) 54
(31,5) (32,5) 95
(32,5) (31,5) 46
(32,5) (33,5) 70
(33,5) (32,5) 115
(33,5) (34,5) 49
(34,5) (33,5) 99
(34,5) (35,5) 62
(35,5) (34,5) 141
(35,5) (36,5) 133
(36,5) (35,5) 118
(36,5) (37,5) 129
(37,5) (36,5) 118
(37,5) (38,5) 141
(38,5) (37,5) 129
(38,5) (39,5) 49
(39,5) (38,5) 52
(39,5) (40,5) 139
(40,5) (39,5) 73
(40,5) (41,5) 97
(41,5) (40,5) 80
(41,5) (42,5) 56
(42,5) (41,5) 140
(42,5) (43,5) 142
(43,5) (42,5) 54
(43,5) (44,5) 104
(44,5) (43,5) 130
(44,5) (45,5) 118
(45,5) (44,5) 135
(45,5) (46,5) 70
(46,5) (45,5) 101
(46,5) (47,5) 132
(47,5) (46,5) 99
(47,5) (48,5) 49
(48,5) (47,5) 59
(48,5) (49,5) 71
(49,5) (48,5) 93
(49,5) (50,5) 49
(50,5) (49,5) 122
(50,5) (51,5) 91
(51,5) (50,5) 134
(51,5) (52,5) 83
(52,5) (51,5) 51
(52,5) (53,5) 74
(53,5) (52,5) 111
(53,5) (54,5) 123
(54,5) (53,5) 116
(54,5) (55,5) 132
(55,5) (54,5) 120
(55,5) (56,5) 96
(56,5) (55,5) 55
(56,5) (57,5) 137
(57,5) (56,5) 90
(57,5) (58,5) 135
(58,5) (57,5) 101
(58,5) (59,5) 136
(59,5) (58,5) 96
(59,5) (60,5) 66
(60,5) (59,5) 82
(60,5) (61,5) 141
(61,5) (60,5) 59
(61,5) (62,5) 84
(62,5) (61,5) 64
(62,5) (63,5) 137
(63,5) (62,5) 127
(63,5) (64,5) 129
(64,5) (63,5) 115
(64,5) (65,5) 90
(65,5) (64,5) 78
(65,5) (66,5) 123
(66,5) (65,5) 45
(66,5) (67,5) 90
(67,5) (66,5) 143
(67,5) (68,5) 77
(68,5) (67,5) 128
(68,5) (69,5) 81
(69,5) (68,5) 55
(69,5) (70,5) 77
(70,5) (69,5) 87
(70,5) (71,5) 135
(71,5) (70,5) 122
(71,5) (72,5) 45
(72,5) (71,5) 99
(72,5) (73,5) 56
(73,5) (72,5) 121
(73,5) (74,5) 119
(74,5) (73,5) 110
(74,5) (75,5) 50
(75,5) (74,5) 70
(75,5) (76,5) 125
(76,5) (75,5) 74
(76,5) (77,5) 93
(77,5) (76,5) 88
(77,5) (78,5) 107
(78,5) (77,5) 92
(78,5) (79,5) 47
(79,5) (78,5) 87
(79,5) (80,5) 104
(80,5) (79,5) 79
(80,5) (81,5) 83
(81,5) (80,5) 104
(81,5) (82,5) 89
(82,5) (81,5) 46
(82,5) (83,5) 80
(83,5) (82,5) 97
(83,5) (84,5) 66
(84,5) (83,5) 67
(84,5) (85,5) 127
(85,5) (84,5) 123
(85,5) (86,5) 115
(86,5) (85,5) 94
(86,5) (87,5) 101
(87,5) (86,5) 101
(87,5) (88,5) 115
(88,5) (87,5) 76
(88,5) (89,5) 51
(89,5) (88,5) 101
(89,5) (90,5) 139
(90,5) (89,5) 119
(90,5) (91,5) 81
(91,5) (90,5) 57
(91,5) (92,5) 49
(92,5) (91,5) 112
(92,5) (93,5) 66
(93,5) (92,5) 46
(93,5) (94,5) 61
(94,5) (93,5) 118
(94,5) (95,5) 66
(95,5) (94,5) 127
(95,5) (96,5) 46
(96,5) (95,5) 72
(96,5) (97,5) 45
(97,5) (96,5) 105
(97,5) (98,5) 142
(98,5) (97,5) 69
(98,5) (99,5) 96
(99,5) (98,5) 132
(99,5) (100,5) 135
(100,5) (99,5) 74
(1,6) (2,6) 103
(2,6) (1,6) 105
(2,6) (3,6) 54
(3,6) (2,6) 92
(3,6) (4,6) 138
(4,6) (3,6) 122
(4,6) (5,6) 109
(5,6) (4,6) 124
(5,6) (6,6) 110
(6,6) (5,6) 140
(6,6) (7,6) 117
(7,6) (6,6) 101
(7,6) (8,6) 103
(8,6) (7,6) 100
(8,6) (9,6) 63
(9,6) (8,6) 70
(9,6) (10,6) 103
(10,6) (9,6) 94
(10,6) (11,6) 141
(11,6) (10,6) 69
(11,6) (12,6) 54
(12,6) (11,6) 130
(12,6) (13,6) 122
(13,6) (12,6) 48
(13,6) (14,6) 74
(14,6) (13,6) 136
(14,6) (15,6) 110
(15,6) (14,6) 118
(15,6) (16,6) 67
(16,6) (15,6) 115
(16,6) (17,6) 95
(17,6) (16,6) 114
(17,6) (18,6) 103
(18,6) (17,6) 63
(18,6) (19,6) 88
(19,6) (18,6) 137
(19,6) (20,6) 103
(20,6) (19,6) 109
(20,6) (21,6) 68
(21,6) (20,6) 142
(21,6) (22,6) 81
(22,6) (21,6) 95
(22,6) (23,6) 80
(23,6) (22,6) 103
(23,6) (24,6) 114
(24,6) (23,6) 53
(24,6) (25,6) 99
(25,6) (24,6) 70
(25,6) (26,6) 70
(26,6) (25,6) 138
(26,6) (27,6) 71
(27,6) (26,6) 94
(27,6) (28,6) 104
(28,6) (27,6) 105
(28,6) (29,6) 56
(29,6) (28,6) 76
(29,6) (30,6) 132
(30,6) (29,6) 125
(30,6) (31,6) 53
(31,6) (30,6) 62
(31,6) (32,6) 115
(32,6) (31,6) 87
(32,6) (33,6) 59
(33,6) (32,6) 51
(33,6) (34,6) 89
(34,6) (33,6) 131
(34,6) (35,6) 126
(35,6) (34,6) 106
(35,6) (36,6) 82
(36,6) (35,6) 73
(36,6) (37,6) 59
(37,6) (36,6) 137
(37,6) (38,6) 119
(38,6) (37,6) 71
(38,6) (39,6) 108
(39,6) (38,6) 102
(39,6) (40,6) 62
(40,6) (39,6) 121
(40,6) (41,6) 48
(41,6) (40,6) 69
(41,6) (42,6) 93
(42,6) (41,6) 48
(42,6) (43,6) 70
(43,6) (42,6) 127
(43,6) (44,6) 123
(44,6) (43,6) 75
(44,6) (45,6) 53
(45,6) (44,6) 52
(45,6) (46,6) 72
(46,6) (45,6) 84
(46,6) (47,6) 103
(47,6) (46,6) 57
(47,6) (48,6) 86
(48,6) (47,6) 56
(48,6) (49,6) 134
(49,6) (48,6) 101
(49,6) (50,6) 102
(50,6) (49,6) 131
(50,6) (51,6) 116
(51,6) (50,6) 126
(51,6) (52,6) 141
(52,6) (51,6) 95
(52,6) (53,6) 75
(53,6) (52,6) 99
(53,6) (54,6) 142
(54,6) (53,6) 95
(54,6) (55,6) 81
(55,6) (54,6) 57
(55,6) (56,6) 117
(56,6) (55,6) 119
(56,6) (57,6) 46
(57,6) (56,6) 135
(57,6) (58,6) 116
(58,6) (57,6) 103
(58,6) (59,6) 144
(59,6) (58,6) 87
(59,6) (60,6) 59
(60,6) (59,6) 134
(60,6) (61,6) 49
(61,6) (60,6) 72
(61,6) (62,6) 137
(62,6) (61,6) 106
(62,6) (63,6) 64
(63,6) (62,6) 129
(63,6) (64,6) 107
(64,6) (63,6) 61
(64,6) (65,6) 93
(65,6) (64,6) 92
(65,6) (66,6) 45
(66,6) (65,6) 78
(66,6) (67,6) 143
(67,6) (66,6) 121
(67,6) (68,6) 72
(68,6) (67,6) 142
(68,6) (69,6) 91
(69,6) (68,6) 134
(69,6) (70,6) 56
(70,6) (69,6) 87
(70,6) (71,6) 123
(71,6) (70,6) 52
(71,6) (72,6) 89
(72,6) (71,6) 52
(72,6) (73,6) 46
(73,6) (72,6) 92
(73,6) (74,6) 141
(74,6) (73,6) 135
(74,6) (75,6) 136
(75,6) (74,6) 96
(75,6) (76,6) 128
(76,6) (75,6) 140
(76,6) (77,6) 59
(77,6) (76,6) 132
(77,6) (78,6) 45
(78,6) (77,6) 69
(78,6) (79,6) 80
(79,6) (78,6) 57
(79,6) (80,6) 71
(80,6) (79,6) 99
(80,6) (81,6) 51
(81,6) (80,6) 76
(81,6) (82,6) 100
(82,6) (81,6) 48
(82,6) (83,6) 89
(83,6) (82,6) 76
(83,6) (84,6) 105
(84,6) (83,6) 128
(84,6) (85,6) 76
(85,6) (84,6) 79
(85,6) (86,6) 117
(86,6) (85,6) 111
(86,6) (87,6) 122
(87,6) (86,6) 60
(87,6) (88,6) 73
(88,6) (87,6) 128
(88,6) (89,6) 68
(89,6) (88,6) 128
(89,6) (90,6) 62
(90,6) (89,6) 108
(90,6) (91,6) 82
(91,6) (90,6) 74
(91,6) (92,6) 131
(92,6) (91,6) 97
(92,6) (93,6) 72
(93,6) (92,6) 95
(93,6) (94,6) 86
(94,6) (93,6) 119
(94,6) (95,6) 139
(95,6) (94,6) 122
(95,6) (96,6) 108
(96,6) (95,6) 102
(96,6) (97,6) 53
(97,6) (96,6) 69
(97,6) (98,6) 125
(98,6) (97,6) 134
(98,6) (99,6) 144
(99,6) (98,6) 122
(99,6) (100,6) 142
(100,6) (99,6) 59
(1,7) (2,7) 58
(2,7) (1,7) 90
(2,7) (3,7) 107
(3,7) (2,7) 51
(3,7) (4,7) 94
(4,7) (3,7) 125
(4,7) (5,7) 57
(5,7) (4,7) 131
(5,7) (6,7) 95
(6,7) (5,7) 131
(6,7) (7,7) 97
(7,7) (6,7) 135
(7,7) (8,7) 102
(8,7) (7,7) 137
(8,7) (9,7) 123
(9,7) (8,7) 50
(9,7) (10,7) 135
(10,7) (9,7) 127
(10,7) (11,7) 57
(11,7) (10,7) 127
(11,7) (12,7) 129
(12,7) (11,7) 78
(12,7) (13,7) 120
(13,7) (12,7) 45
(13,7) (14,7) 99
(14,7) (13,7) 123
(14,7) (15,7) 137
(15,7) (14,7) 78
(15,7) (16,7) 134
(16,7) (15,7) 132
(16,7) (17,7) 79
(17,7) (16,7) 51
(17,7) (18,7) 144
(18,7) (17,7) 63
(18,7) (19,7) 108
(19,7) (18,7) 136
(19,7) (20,7) 115
(20,7) (19,7) 105
(20,7) (21,7) 94
(21,7) (20,7) 84
(21,7) (22,7) 104
(22,7) (21,7) 52
(22,7) (23,7) 56
(23,7) (22,7) 90
(23,7) (24,7) 76
(24,7) (23,7) 86
(24,7) (25,7) 77
(25,7) (24,7) 71
(25,7) (26,7) 73
(26,7) (25,7) 50
(26,7) (27,7) 62
(27,7) (26,7) 53
(27,7) (28,7) 74
(28,7) (27,7) 113
(28,7) (29,7) 59
(29,7) (28,7) 93
(29,7) (30,7) 52
(30,7) (29,7) 81
(30,7) (31,7) 68
(31,7) (30,7) 82
(31,7) (32,7) 60
(32,7) (31,7) 137
(32,7) (33,7) 94
(33,7) (32,7) 53
(33,7) (34,7) 46
(34,7) (33,7) 102
(34,7) (35,7) 102
(35,7) (34,7) 76
(35,7) (36,7) 101
(36,7) (35,7) 126
(36,7) (37,7) 87
(37,7) (36,7) 123
(37,7) (38,7) 126
(38,7) (37,7) 85
(38,7) (39,7) 115
(39,7) (38,7) 67
(39,7) (40,7) 124
(40,7) (39,7) 112
(40,7) (41,7) 99
(41,7) (40,7) 80
(41,7) (42,7) 65
(42,7) (41,7) 130
(42,7) (43,7) 140
(43,7) (42,7) 57
(43,7) (44,7) 90
(44,7) (43,7) 77
(44,7) (45,7) 71
(45,7) (44,7) 85
(45,7) (46,7) 136
(46,7) (45,7) 85
(46,7) (47,7) 62
(47,7) (46,7) 85
(47,7) (48,7) 47
(48,7) (47,7) 102
(48,7) (49,7) 117
(49,7) (48,7) 141
(49,7) (50,7) 61
(50,7) (49,7) 143
(50,7) (51,7) 71
(51,7) (50,7) 121
(51,7) (52,7) 108
(52,7) (51,7) 60
(52,7) (53,7) 48
(53,7) (52,7) 118
(53,7) (54,7) 50
(54,7) (53,7) 144
(54,7) (55,7) 76
(55,7) (54,7) 49
(55,7) (56,7) 50
(56,7) (55,7) 48
(56,7) (57,7) 139
(57,7) (56,7) 140
(57,7) (58,7) 96
(58,7) (57,7) 49
(58,7) (59,7) 125
(59,7) (58,7) 47
(59,7) (60,7) 113
(60,7) (59,7) 89
(60,7) (61,7) 82
(61,7) (60,7) 55
(61,7) (62,7) 140
(62,7) (61,7) 89
(62,7) (63,7) 50
(63,7) (62,7) 87
(63,7) (64,7) 81
(64,7) (63,7) 134
(64,7) (65,7) 67
(65,7) (64,7) 87
(65,7) (66,7) 57
(66,7) (65,7) 142
(66,7) (67,7) 127
(67,7) (66,7) 50
(67,7) (68,7) 81
(68,7) (67,7) 114
(68,7) (69,7) 66
(69,7) (68,7) 131
(69,7) (70,7) 59
(70,7) (69,7) 79
(70,7) (71,7) 69
(71,7) (70,7) 64
(71,7) (72,7) 54
(72,7) (71,7) 85
(72,7) (73,7) 140
(73,7) (72,7) 128
(73,7) (74,7) 73
(74,7) (73,7) 52
(74,7) (75,7) 119
(75,7) (74,7) 139
(75,7) (76,7) 143
(76,7) (75,7) 70
(76,7) (77,7) 143
(77,7) (76,7) 133
(77,7) (78,7) 100
(78,7) (77,7) 123
(78,7) (79,7) 45
(79,7) (78,7) 136
(79,7) (80,7) 60
(80,7) (79,7) 85
(80,7) (81,7) 144
(81,7) (80,7) 90
(81,7) (82,7) 57
(82,7) (81,7) 59
(82,7) (83,7) 88
(83,7) (82,7) 95
(83,7) (84,7) 106
(84,7) (83,7) 120
(84,7) (85,7) 95
(85,7) (84,7) 82
(85,7) (86,7) 106
(86,7) (85,7) 84
(86,7) (87,7) 51
(87,7) (86,7) 84
(87,7) (88,7) 60
(88,7) (87,7) 128
(88,7) (89,7) 51
(89,7) (88,7) 47
(89,7) (90,7) 105
(90,7) (89,7) 104
(90,7) (91,7) 107
(91,7) (90,7) 94
(91,7) (92,7) 53
(92,7) (91,7) 122
(92,7) (93,7) 79
(93,7) (92,7) 99
(93,7) (94,7) 59
(94,7) (93,7) 93
(94,7) (95,7) 47
(95,7) (94,7) 140
(95,7) (96,7) 139
(96,7) (95,7) 144
(96,7) (97,7) 93
(97,7) (96,7) 79
(97,7) (98,7) 142
(98,7) (97,7) 113
(98,7) (99,7) 128
(99,7) (98,7) 116
(99,7) (100,7) 88
(100,7) (99,7) 63
(1,8) (2,8) 109
(2,8) (1,8) 81
(2,8) (3,8) 119
(3,8) (2,8) 124
(3,8) (4,8) 62
(4,8) (3,8) 54
(4,8) (5,8) 96
(5,8) (4,8) 116
(5,8) (6,8) 67
(6,8) (5,8) 118
(6,8) (7,8) 103
(7,8) (6,8) 59
(7,8) (8,8) 68
(8,8) (7,8) 115
(8,8) (9,8) 93
(9,8) (8,8) 133
(9,8) (10,8) 136
(10,8) (9,8) 106
(10,8) (11,8) 90
(11,8) (10,8) 68
(11,8) (12,8) 96
(12,8) (11,8) 127
(12,8) (13,8) 73
(13,8) (12,8) 74
(13,8) (14,8) 53
(14,8) (13,8) 81
(14,8) (15,8) 99
(15,8) (14,8) 138
(15,8) (16,8) 128
(16,8) (15,8) 125
(16,8) (17,8) 75
(17,8) (16,8) 66
(17,8) (18,8) 60
(18,8) (17,8) 66
(18,8) (19,8) 45
(19,8) (18,8) 135
(19,8) (20,8) 138
(20,8) (19,8) 124
(20,8) (21,8) 110
(21,8) (20,8) 97
(21,8) (22,8) 84
(22,8) (21,8) 45
(22,8) (23,8) 52
(23,8) (22,8) 134
(23,8) (24,8) 108
(24,8) (23,8) 138
(24,8) (25,8) 80
(25,8) (24,8) 130
(25,8) (26,8) 140
(26,8) (25,8) 110
(26,8) (27,8) 112
(27,8) (26,8) 120
(27,8) (28,8) 124
(28,8) (27,8) 54
(28,8) (29,8) 88
(29,8) (28,8) 84
(29,8) (30,8) 52
(30,8) (29,8) 109
(30,8) (31,8) 68
(31,8) (30,8) 136
(31,8) (32,8) 108
(32,8) (31,8) 83
(32,8) (33,8) 136
(33,8) (32,8) 110
(33,8) (34,8) 118
(34,8) (33,8) 98
(34,8) (35,8) 140
(35,8) (34,8) 117
(35,8) (36,8) 114
(36,8) (35,8) 56
(36,8) (37,8) 127
(37,8) (36,8) 52
(37,8) (38,8) 142
(38,8) (37,8) 60
(38,8) (39,8) 144
(39,8) (38,8) 100
(39,8) (40,8) 109
(40,8) (39,8) 67
(40,8) (41,8) 142
(41,8) (40,8) 97
(41,8) (42,8) 99
(42,8) (41,8) 103
(42,8) (43,8) 58
(43,8) (42,8) 109
(43,8) (44,8) 94
(44,8) (43,8) 120
(44,8) (45,8) 59
(45,8) (44,8) 109
(45,8) (46,8) 70
(46,8) (45,8) 63
(46,8) (47,8) 115
(47,8) (46,8) 61
(47,8) (48,8) 52
(48,8) (47,8) 96
(48,8) (49,8) 105
(49,8) (48,8) 74
(49,8) (50,8) 125
(50,8) (49,8) 48
(50,8) (51,8) 129
(51,8) (50,8) 122
(51,8) (52,8) 91
(52,8) (51,8) 93
(52,8) (53,8) 85
(53,8) (52,8) 116
(53,8) (54,8) 118
(54,8) (53,8) 114
(54,8) (55,8) 78
(55,8) (54,8) 99
(55,8) (56,8) 64
(56,8) (55,8) 54
(56,8) (57,8) 100
(57,8) (56,8) 59
(57,8) (58,8) 63
(58,8) (57,8) 80
(58,8) (59,8) 83
(59,8) (58,8) 87
(59,8) (60,8) 59
(60,8) (59,8) 133
(60,8) (61,8) 81
(61,8) (60,8) 53
(61,8) (62,8) 52
(62,8) (61,8) 115
(62,8) (63,8) 129
(63,8) (62,8) 83
(63,8) (64,8) 51
(64,8) (63,8) 74
(64,8) (65,8) 83
(65,8) (64,8) 94
(65,8) (66,8) 100
(66,8) (65,8) 81
(66,8) (67,8) 64
(67,8) (66,8) 66
(67,8) (68,8) 57
(68,8) (67,8) 83
(68,8) (69,8) 125
(69,8) (68,8) 78
(69,8) (70,8) 58
(70,8) (69,8) 128
(70,8) (71,8) 130
(71,8) (70,8) 130
(71,8) (72,8) 133
(72,8) (71,8) 127
(72,8) (73,8) 104
(73,8) (72,8) 67
(73,8) (74,8) 46
(74,8) (73,8) 98
(74,8) (75,8) 132
(75,8) (74,8) 122
(75,8) (76,8) 99
(76,8) (75,8) 81
(76,8) (77,8) 68
(77,8) (76,8) 57
(77,8) (78,8) 89
(78,8) (77,8) 84
(78,8) (79,8) 113
(79,8) (78,8) 127
(79,8) (80,8) 130
(80,8) (79,8) 104
(80,8) (81,8) 143
(81,8) (80,8) 51
(81,8) (82,8) 84
(82,8) (81,8) 105
(82,8) (83,8) 108
(83,8) (82,8) 45
(83,8) (84,8) 140
(84,8) (83,8) 94
(84,8) (85,8) 71
(85,8) (84,8) 109
(85,8) (86,8) 73
(86,8) (85,8) 137
(86,8) (87,8) 49
(87,8) (86,8) 136
(87,8) (88,8) 72
(88,8) (87,8) 123
(88,8) (89,8) 59
(89,8) (88,8) 141
(89,8) (90,8) 87
(90,8) (89,8) 56
(90,8) (91,8) 96
(91,8) (90,8) 65
(91,8) (92,8) 58
(92,8) (91,8) 100
(92,8) (93,8) 115
(93,8) (92,8) 132
(93,8) (94,8) 53
(94,8) (93,8) 114
(94,8) (95,8) 80
(95,8) (94,8) 73
(95,8) (96,8) 45
(96,8) (95,8) 62
(96,8) (97,8) 143
(97,8) (96,8) 124
(97,8) (98,8) 116
(98,8) (97,8) 91
(98,8) (99,8) 121
(99,8) (98,8) 126
(99,8) (100,8) 132
(100,8) (99,8) 110
(1,9) (2,9) 124
(2,9) (1,9) 101
(2,9) (3,9) 68
(3,9) (2,9) 74
(3,9) (4,9) 99
(4,9) (3,9) 107
(4,9) (5,9) 88
(5,9) (4,9) 93
(5,9) (6,9) 94
(6,9) (5,9) 46
(6,9) (7,9) 118
(7,9) (6,9) 139
(7,9) (8,9) 80
(8,9) (7,9) 70
(8,9) (9,9) 91
(9,9) (8,9) 98
(9,9) (10,9) 106
(10,9) (9,9) 47
(10,9) (11,9) 53
(11,9) (10,9) 143
(11,9) (12,9) 113
(12,9) (11,9) 137
(12,9) (13,9) 140
(13,9) (12,9) 61
(13,9) (14,9) 57
(14,9) (13,9) 126
(14,9) (15,9) 68
(15,9) (14,9) 84
(15,9) (16,9) 112
(16,9) (15,9) 87
(16,9) (17,9) 72
(17,9) (16,9) 71
(17,9) (18,9) 130
(18,9) (17,9) 75
(18,9) (19,9) 113
(19,9) (18,9) 99
(19,9) (20,9) 139
(20,9) (19,9) 93
(20,9) (21,9) 74
(21,9) (20,9) 133
(21,9) (22,9) 135
(22,9) (21,9) 89
(22,9) (23,9) 92
(23,9) (22,9) 59
(23,9) (24,9) 47
(24,9) (23,9) 111
(24,9) (25,9) 63
(25,9) (24,9) 88
(25,9) (26,9) 125
(26,9) (25,9) 101
(26,9) (27,9) 76
(27,9) (26,9) 49
(27,9) (28,9) 74
(28,9) (27,9) 99
(28,9) (29,9) 79
(29,9) (28,9) 91
(29,9) (30,9) 51
(30,9) (29,9) 51
(30,9) (31,9) 60
(31,9) (30,9) 107
(31,9) (32,9) 49
(32,9) (31,9) 90
(32,9) (33,9) 61
(33,9) (32,9) 58
(33,9) (34,9) 110
(34,9) (33,9) 118
(34,9) (35,9) 135
(35,9) (34,9) 111
(35,9) (36,9) 62
(36,9) (35,9) 140
(36,9) (37,9) 118
(37,9) (36,9) 95
(37,9) (38,9) 116
(38,9) (37,9) 75
(38,9) (39,9) 60
(39,9) (38,9) 131
(39,9) (40,9) 46
(40,9) (39,9) 66
(40,9) (41,9) 58
(41,9) (40,9) 52
(41,9) (42,9) 67
(42,9) (41,9) 106
(42,9) (43,9) 118
(43,9) (42,9) 113
(43,9) (44,9) 107
(44,9) (43,9) 142
(44,9) (45,9) 109
(45,9) (44,9) 66
(45,9) (46,9) 71
(46,9) (45,9) 106
(46,9) (47,9) 61
(47,9) (46,9) 82
(47,9) (48,9) 75
(48,9) (47,9) 45
(48,9) (49,9) 131
(49,9) (48,9) 114
(49,9) (50,9) 101
(50,9) (49,9) 95
(50,9) (51,9) 134
(51,9) (50,9) 135
(51,9) (52,9) 99
(52,9) (51,9) 106
(52,9) (53,9) 120
(53,9) (52,9) 139
(53,9) (54,9) 91
(54,9) (53,9) 75
(54,9) (55,9) 98
(55,9) (54,9) 97
(55,9) (56,9) 93
(56,9) (55,9) 117
(56,9) (57,9) 88
(57,9) (56,9) 96
(57,9) (58,9) 66
(58,9) (57,9) 123
(58,9) (59,9) 51
(59,9) (58,9) 110
(59,9) (60,9) 125
(60,9) (59,9) 144
(60,9) (61,9) 87
(61,9) (60,9) 92
(61,9) (62,9) 95
(62,9) (61,9) 57
(62,9) (63,9) 141
(63,9) (62,9) 135
(63,9) (64,9) 103
(64,9) (63,9) 58
(64,9) (65,9) 138
(65,9) (64,9) 95
(65,9) (66,9) 105
(66,9) (65,9) 113
(66,9) (67,9) 103
(67,9) (66,9) 139
(67,9) (68,9) 143
(68,9) (67,9) 120
(68,9) (69,9) 71
(69,9) (68,9) 97
(69,9) (70,9) 86
(70,9) (69,9) 141
(70,9) (71,9) 99
(71,9) (70,9) 102
(71,9) (72,9) 99
(72,9) (71,9) 101
(72,9) (73,9) 73
(73,9) (72,9) 51
(73,9) (74,9) 141
(74,9) (73,9) 87
(74,9) (75,9) 112
(75,9) (74,9) 101
(75,9) (76,9) 64
(76,9) (75,9) 144
(76,9) (77,9) 117
(77,9) (76,9) 79
(77,9) (78,9) 141
(78,9) (77,9) 144
(78,9) (79,9) 111
(79,9) (78,9) 50
(79,9) (80,9) 48
(80,9) (79,9) 70
(80,9) (81,9) 137
(81,9) (80,9) 133
(81,9) (82,9) 72
(82,9) (81,9) 116
(82,9) (83,9) 100
(83,9) (82,9) 46
(83,9) (84,9) 93
(84,9) (83,9) 106
(84,9) (85,9) 117
(85,9) (84,9) 74
(85,9) (86,9) 48
(86,9) (85,9) 110
(86,9) (87,9) 98
(87,9) (86,9) 61
(87,9) (88,9) 56
(88,9) (87,9) 58
(88,9) (89,9) 52
(89,9) (88,9) 97
(89,9) (90,9) 80
(90,9) (89,9) 127
(90,9) (91,9) 48
(91,9) (90,9) 62
(91,9) (92,9) 75
(92,9) (91,9) 77
(92,9) (93,9) 83
(93,9) (92,9) 130
(93,9) (94,9) 67
(94,9) (93,9) 143
(94,9) (95,9) 48
(95,9) (94,9) 92
(95,9) (96,9) 91
(96,9) (95,9) 45
(96,9) (97,9) 106
(97,9) (96,9) 72
(97,9) (98,9) 132
(98,9) (97,9) 121
(98,9) (99,9) 64
(99,9) (98,9) 97
(99,9) (100,9) 62
(100,9) (99,9) 124
(1,10) (2,10) 76
(2,10) (1,10) 92
(2,10) (3,10) 140
(3,10) (2,10) 134
(3,10) (4,10) 123
(4,10) (3,10) 108
(4,10) (5,10) 45
(5,10) (4,10) 77
(5,10) (6,10) 86
(6,10) (5,10) 71
(6,10) (7,10) 107
(7,10) (6,10) 74
(7,10) (8,10) 119
(8,10) (7,10) 104
(8,10) (9,10) 50
(9,10) (8,10) 121
(9,10) (10,10) 80
(10,10) (9,10) 66
(10,10) (11,10) 63
(11,10) (10,10) 68
(11,10) (12,10) 114
(12,10) (11,10) 97
(12,10) (13,10) 143
(13,10) (12,10) 71
(13,10) (14,10) 51
(14,10) (13,10) 100
(14,10) (15,10) 87
(15,10) (14,10) 75
(15,10) (16,10) 68
(16,10) (15,10) 132
(16,10) (17,10) 57
(17,10) (16,10) 126
(17,10) (18,10) 65
(18,10) (17,10) 93
(18,10) (19,10) 96
(19,10) (18,10) 95
(19,10) (20,10) 130
(20,10) (19,10) 71
(20,10) (21,10) 90
(21,10) (20,10) 111
(21,10) (22,10) 83
(22,10) (21,10) 79
(22,10) (23,10) 54
(23,10) (22,10) 64
(23,10) (24,10) 62
(24,10) (23,10) 100
(24,10) (25,10) 118
(25,10) (24,10) 94
(25,10) (26,10) 121
(26,10) (25,10) 85
(26,10) (27,10) 60
(27,10) (26,10) 64
(27,10) (28,10) 128
(28,10) (27,10) 97
(28,10) (29,10) 73
(29,10) (28,10) 80
(29,10) (30,10) 72
(30,10) (29,10) 70
(30,10) (31,10) 131
(31,10) (30,10) 139
(31,10) (32,10) 46
(32,10) (31,10) 118
(32,10) (33,10) 111
(33,10) (32,10) 91
(33,10) (34,10) 63
(34,10) (33,10) 120
(34,10) (35,10) 131
(35,10) (34,10) 76
(35,10) (36,10) 60
(36,10) (35,10) 120
(36,10) (37,10) 46
(37,10) (36,10) 111
(37,10) (38,10) 47
(38,10) (37,10) 127
(38,10) (39,10) 77
(39,10) (38,10) 78
(39,10) (40,10) 64
(40,10) (39,10) 142
(40,10) (41,10) 127
(41,10) (40,10) 61
(41,10) (42,10) 134
(42,10) (41,10) 56
(42,10) (43,10) 81
(43,10) (42,10) 73
(43,10) (44,10) 54
(44,10) (43,10) 59
(44,10) (45,10) 140
(45,10) (44,10) 80
(45,10) (46,10) 119
(46,10) (45,10) 53
(46,10) (47,10) 78
(47,10) (46,10) 112
(47,10) (48,10) 81
(48,10) (47,10) 84
(48,10) (49,10) 59
(49,10) (48,10) 77
(49,10) (50,10) 92
(50,10) (49,10) 113
(50,10) (51,10) 52
(51,10) (50,10) 78
(51,10) (52,10) 80
(52,10) (51,10) 93
(52,10) (53,10) 61
(53,10) (52,10) 96
(53,10) (54,10) 133
(54,10) (53,10) 74
(54,10) (55,10) 49
(55,10) (54,10) 79
(55,10) (56,10) 49
(56,10) (55,10) 141
(56,10) (57,10) 52
(57,10) (56,10) 46
(57,10) (58,10) 51
(58,10) (57,10) 88
(58,10) (59,10) 84
(59,10) (58,10) 74
(59,10) (60,10) 53
(60,10) (59,10) 64
(60,10) (61,10) 57
(61,10) (60,10) 94
(61,10) (62,10) 126
(62,10) (61,10) 52
(62,10) (63,10) 50
(63,10) (62,10) 66
(63,10) (64,10) 121
(64,10) (63,10) 110
(64,10) (65,10) 58
(65,10) (64,10) 143
(65,10) (66,10) 74
(66,10) (65,10) 88
(66,10) (67,10) 113
(67,10) (66,10) 115
(67,10) (68,10) 142
(68,10) (67,10) 123
(68,10) (69,10) 109
(69,10) (68,10) 94
(69,10) (70,10) 59
(70,10) (69,10) 132
(70,10) (71,10) 116
(71,10) (70,10) 132
(71,10) (72,10) 69
(72,10) (71,10) 86
(72,10) (73,10) 138
(73,10) (72,10) 53
(73,10) (74,10) 80
(74,10) (73,10) 104
(74,10) (75,10) 64
(75,10) (74,10) 132
(75,10) (76,10) 59
(76,10) (75,10) 87
(76,10) (77,10) 140
(77,10) (76,10) 76
(77,10) (78,10) 114
(78,10) (77,10) 141
(78,10) (79,10) 141
(79,10) (78,10) 78
(79,10) (80,10) 74
(80,10) (79,10) 83
(80,10) (81,10) 83
(81,10) (80,10) 128
(81,10) (82,10) 58
(82,10) (81,10) 70
(82,10) (83,10) 57
(83,10) (82,10) 66
(83,10) (84,10) 86
(84,10) (83,10) 101
(84,10) (85,10) 91
(85,10) (84,10) 108
(85,10) (86,10) 63
(86,10) (85,10) 117
(86,10) (87,10) 95
(87,10) (86,10) 84
(87,10) (88,10) 53
(88,10) (87,10) 69
(88,10) (89,10) 124
(89,10) (88,10) 102
(89,10) (90,10) 68
(90,10) (89,10) 68
(90,10) (91,10) 65
(91,10) (90,10) 86
(91,10) (92,10) 115
(92,10) (91,10) 78
(92,10) (93,10) 132
(93,10) (92,10) 129
(93,10) (94,10) 71
(94,10) (93,10) 136
(94,10) (95,10) 126
(95,10) (94,10) 136
(95,10) (96,10) 61
(96,10) (95,10) 136
(96,10) (97,10) 143
(97,10) (96,10) 77
(97,10) (98,10) 99
(98,10) (97,10) 65
(98,10) (99,10) 64
(99,10) (98,10) 124
(99,10) (100,10) 57
(100,10) (99,10) 64
(1,10) t 77
(2,10) t 116
(3,10) t 129
(4,10) t 45
(5,10) t 46
(6,10) t 52
(7,10) t 76
(8,10) t 81
(9,10) t 131
(10,10) t 101
(11,10) t 96
(12,10) t 76
(13,10) t 94
(14,10) t 104
(15,10) t 122
(16,10) t 142
(17,10) t 45
(18,10) t 84
(19,10) t 69
(20,10) t 75
(21,10) t 108
(22,10) t 62
(23,10) t 53
(24,10) t 73
(25,10) t 62
(26,10) t 111
(27,10) t 67
(28,10) t 91
(29,10) t 137
(30,10) t 72
(31,10) t 62
(32,10) t 80
(33,10) t 103
(34,10) t 80
(35,10) t 119
(36,10) t 56
(37,10) t 53
(38,10) t 98
(39,10) t 66
(40,10) t 83
(41,10) t 58
(42,10) t 97
(43,10) t 124
(44,10) t 60
(45,10) t 117
(46,10) t 111
(47,10) t 110
(48,10) t 66
(49,10) t 140
(50,10) t 110
(51,10) t 60
(52,10) t 127
(53,10) t 109
(54,10) t 86
(55,10) t 67
(56,10) t 113
(57,10) t 71
(58,10) t 128
(59,10) t 72
(60,10) t 135
(61,10) t 46
(62,10) t 63
(63,10) t 89
(64,10) t 120
(65,10) t 52
(66,10) t 105
(67,10) t 103
(68,10) t 59
(69,10) t 112
(70,10) t 105
(71,10) t 60
(72,10) t 127
(73,10) t 78
(74,10) t 80
(75,10) t 108
(76,10) t 137
(77,10) t 117
(78,10) t 78
(79,10) t 122
(80,10) t 52
(81,10) t 101
(82,10) t 120
(83,10) t 119
(84,10) t 93
(85,10) t 140
(86,10) t 80
(87,10) t 109
(88,10) t 133
(89,10) t 82
(90,10) t 73
(91,10) t 139
(92,10) t 129
(93,10) t 142
(94,10) t 52
(95,10) t 79
(96,10) t 113
(97,10) t 49
(98,10) t 99
(99,10) t 103
(100,10) t 97
