s (1,1) 126
s (2,1) 118
s (3,1) 70
s (4,1) 79
s (5,1) 63
s (6,1) 57
s (7,1) 95
s (8,1) 138
s (9,1) 108
s (10,1) 149
s (11,1) 127
s (12,1) 132
s (13,1) 132
s (14,1) 98
s (15,1) 119
s (16,1) 66
s (17,1) 112
s (18,1) 99
s (19,1) 93
s (20,1) 139
s (21,1) 67
s (22,1) 133
s (23,1) 68
s (24,1) 144
s (25,1) 70
s (26,1) 139
s (27,1) 92
s (28,1) 154
s (29,1) 67
s (30,1) 119
s (31,1) 125
s (32,1) 150
s (33,1) 77
s (34,1) 73
s (35,1) 148
s (36,1) 83
s (37,1) 67
s (38,1) 133
s (39,1) 90
s (40,1) 133
s (41,1) 78
s (42,1) 148
s (43,1) 106
s (44,1) 85
s (45,1) 57
s (46,1) 148
s (47,1) 102
s (48,1) 92
s (49,1) 108
s (50,1) 65
s (51,1) 98
s (52,1) 129
s (53,1) 101
s (54,1) 67
s (55,1) 109
s (56,1) 95
s (57,1) 132
s (58,1) 137
s (59,1) 124
s (60,1) 154
s (61,1) 81
s (62,1) 141
s (63,1) 77
s (64,1) 69
s (65,1) 100
s (66,1) 94
s (67,1) 77
s (68,1) 57
s (69,1) 100
s (70,1) 144
s (71,1) 134
s (72,1) 60
s (73,1) 89
s (74,1) 126
s (75,1) 93
s (76,1) 88
s (77,1) 96
s (78,1) 154
s (79,1) 123
s (80,1) 153
s (81,1) 150
s (82,1) 138
s (83,1) 75
s (84,1) 106
s (85,1) 66
s (86,1) 90
s (87,1) 145
s (88,1) 81
s (89,1) 87
s (90,1) 96
s (91,1) 58
s (92,1) 93
s (93,1) 66
s (94,1) 107
s (95,1) 57
s (96,1) 108
s (97,1) 57
s (98,1) 141
s (99,1) 152
s (100,1) 91
(1,1) (1,2) 154
(2,1) (2,2) 124
(3,1) (3,2) 80
(4,1) (4,2) 149
(5,1) (5,2) 118
(6,1) (6,2) 127
(7,1) (7,2) 79
(8,1) (8,2) 133
(9,1) (9,2) 70
(10,1) (10,2) 66
(11,1) (11,2) 72
(12,1) (12,2) 104
(13,1) (13,2) 127
(14,1) (14,2) 143
(15,1) (15,2) 62
(16,1) (16,2) 82
(17,1) (17,2) 118
(18,1) (18,2) 101
(19,1) (19,2) 153
(20,1) (20,2) 62
(21,1) (21,2) 72
(22,1) (22,2) 79
(23,1) (23,2) 150
(24,1) (24,2) 104
(25,1) (25,2) 148
(26,1) (26,2) 123
(27,1) (27,2) 98
(28,1) (28,2) 148
(29,1) (29,2) 116
(30,1) (30,2) 85
(31,1) (31,2) 119
(32,1) (32,2) 141
(33,1) (33,2) 97
(34,1) (34,2) 146
(35,1) (35,2) 91
(36,1) (36,2) 79
(37,1) (37,2) 68
(38,1) (38,2) 86
(39,1) (39,2) 130
(40,1) (40,2) 136
(41,1) (41,2) 101
(42,1) (42,2) 125
(43,1) (43,2) 86
(44,1) (44,2) 89
(45,1) (45,2) 66
(46,1) (46,2) 75
(47,1) (47,2) 126
(48,1) (48,2) 137
(49,1) (49,2) 69
(50,1) (50,2) 132
(51,1) (51,2) 148
(52,1) (52,2) 110
(53,1) (53,2) 87
(54,1) (54,2) 135
(55,1) (55,2) 104
(56,1) (56,2) 127
(57,1) (57,2) 94
(58,1) (58,2) 55
(59,1) (59,2) 55
(60,1) (60,2) 123
(61,1) (61,2) 91
(62,1) (62,2) 67
(63,1) (63,2) 129
(64,1) (64,2) 109
(65,1) (65,2) 145
(66,1) (66,2) 150
(67,1) (67,2) 79
(68,1) (68,2) 99
(69,1) (69,2) 57
(70,1) (70,2) 99
(71,1) (71,2) 64
(72,1) (72,2) 76
(73,1) (73,2) 111
(74,1) (74,2) 100
(75,1) (75,2) 151
(76,1) (76,2) 92
(77,1) (77,2) 153
(78,1) (78,2) 63
(79,1) (79,2) 114
(80,1) (80,2) 126
(81,1) (81,2) 111
(82,1) (82,2) 71
(83,1) (83,2) 59
(84,1) (84,2) 86
(85,1) (85,2) 88
(86,1) (86,2) 95
(87,1) (87,2) 88
(88,1) (88,2) 78
(89,1) (89,2) 109
(90,1) (90,2) 116
(91,1) (91,2) 100
(92,1) (92,2) 131
(93,1) (93,2) 123
(94,1) (94,2) 82
(95,1) (95,2) 57
(96,1) (96,2) 105
(97,1) (97,2) 75
(98,1) (98,2) 77
(99,1) (99,2) 101
(100,1) (100,2) 71
(1,2) (1,3) 98
(2,2) (2,3) 127
(3,2) (3,3) 135
(4,2) (4,3) 142
(5,2) (5,3) 115
(6,2) (6,3) 81
(7,2) (7,3) 74
(8,2) (8,3) 82
(9,2) (9,3) 97
(10,2) (10,3) 135
(11,2) (11,3) 104
(12,2) (12,3) 122
(13,2) (13,3) 89
(14,2) (14,3) 109
(15,2) (15,3) 113
(16,2) (16,3) 124
(17,2) (17,3) 62
(18,2) (18,3) 92
(19,2) (19,3) 70
(20,2) (20,3) 61
(21,2) (21,3) 111
(22,2) (22,3) 131
(23,2) (23,3) 62
(24,2) (24,3) 112
(25,2) (25,3) 131
(26,2) (26,3) 150
(27,2) (27,3) 105
(28,2) (28,3) 86
(29,2) (29,3) 85
(30,2) (30,3) 129
(31,2) (31,3) 56
(32,2) (32,3) 133
(33,2) (33,3) 150
(34,2) (34,3) 58
(35,2) (35,3) 117
(36,2) (36,3) 122
(37,2) (37,3) 97
(38,2) (38,3) 74
(39,2) (39,3) 68
(40,2) (40,3) 58
(41,2) (41,3) 85
(42,2) (42,3) 61
(43,2) (43,3) 86
(44,2) (44,3) 137
(45,2) (45,3) 86
(46,2) (46,3) 120
(47,2) (47,3) 98
(48,2) (48,3) 119
(49,2) (49,3) 121
(50,2) (50,3) 61
(51,2) (51,3) 150
(52,2) (52,3) 111
(53,2) (53,3) 62
(54,2) (54,3) 98
(55,2) (55,3) 69
(56,2) (56,3) 84
(57,2) (57,3) 125
(58,2) (58,3) 81
(59,2) (59,3) 79
(60,2) (60,3) 152
(61,2) (61,3) 141
(62,2) (62,3) 132
(63,2) (63,3) 101
(64,2) (64,3) 141
(65,2) (65,3) 74
(66,2) (66,3) 87
(67,2) (67,3) 107
(68,2) (68,3) 104
(69,2) (69,3) 117
(70,2) (70,3) 133
(71,2) (71,3) 132
(72,2) (72,3) 68
(73,2) (73,3) 118
(74,2) (74,3) 124
(75,2) (75,3) 126
(76,2) (76,3) 59
(77,2) (77,3) 94
(78,2) (78,3) 55
(79,2) (79,3) 75
(80,2) (80,3) 72
(81,2) (81,3) 107
(82,2) (82,3) 119
(83,2) (83,3) 112
(84,2) (84,3) 133
(85,2) (85,3) 145
(86,2) (86,3) 63
(87,2) (87,3) 76
(88,2) (88,3) 73
(89,2) (89,3) 114
(90,2) (90,3) 116
(91,2) (91,3) 132
(92,2) (92,3) 67
(93,2) (93,3) 110
(94,2) (94,3) 68
(95,2) (95,3) 91
(96,2) (96,3) 65
(97,2) (97,3) 86
(98,2) (98,3) 67
(99,2) (99,3) 109
(100,2) (100,3) 67
(1,3) (1,4) 67
(2,3) (2,4) 132
(3,3) (3,4) 62
(4,3) (4,4) 60
(5,3) (5,4) 84
(6,3) (6,4) 106
(7,3) (7,4) 102
(8,3) (8,4) 112
(9,3) (9,4) 65
(10,3) (10,4) 86
(11,3) (11,4) 79
(12,3) (12,4) 117
(13,3) (13,4) 62
(14,3) (14,4) 138
(15,3) (15,4) 119
(16,3) (16,4) 123
(17,3) (17,4) 67
(18,3) (18,4) 96
(19,3) (19,4) 59
(20,3) (20,4) 118
(21,3) (21,4) 122
(22,3) (22,4) 61
(23,3) (23,4) 57
(24,3) (24,4) 150
(25,3) (25,4) 132
(26,3) (26,4) 122
(27,3) (27,4) 114
(28,3) (28,4) 87
(29,3) (29,4) 65
(30,3) (30,4) 77
(31,3) (31,4) 123
(32,3) (32,4) 73
(33,3) (33,4) 72
(34,3) (34,4) 105
(35,3) (35,4) 111
(36,3) (36,4) 139
(37,3) (37,4) 78
(38,3) (38,4) 115
(39,3) (39,4) 111
(40,3) (40,4) 135
(41,3) (41,4) 127
(42,3) (42,4) 145
(43,3) (43,4) 111
(44,3) (44,4) 69
(45,3) (45,4) 82
(46,3) (46,4) 109
(47,3) (47,4) 137
(48,3) (48,4) 85
(49,3) (49,4) 111
(50,3) (50,4) 87
(51,3) (51,4) 138
(52,3) (52,4) 80
(53,3) (53,4) 132
(54,3) (54,4) 108
(55,3) (55,4) 108
(56,3) (56,4) 83
(57,3) (57,4) 143
(58,3) (58,4) 95
(59,3) (59,4) 83
(60,3) (60,4) 142
(61,3) (61,4) 136
(62,3) (62,4) 102
(63,3) (63,4) 117
(64,3) (64,4) 68
(65,3) (65,4) 90
(66,3) (66,4) 150
(67,3) (67,4) 107
(68,3) (68,4) 96
(69,3) (69,4) 93
(70,3) (70,4) 112
(71,3) (71,4) 121
(72,3) (72,4) 65
(73,3) (73,4) 144
(74,3) (74,4) 68
(75,3) (75,4) 70
(76,3) (76,4) 76
(77,3) (77,4) 73
(78,3) (78,4) 96
(79,3) (79,4) 80
(80,3) (80,4) 114
(81,3) (81,4) 142
(82,3) (82,4) 135
(83,3) (83,4) 118
(84,3) (84,4) 129
(85,3) (85,4) 117
(86,3) (86,4) 77
(87,3) (87,4) 82
(88,3) (88,4) 88
(89,3) (89,4) 132
(90,3) (90,4) 117
(91,3) (91,4) 129
(92,3) (92,4) 143
(93,3) (93,4) 127
(94,3) (94,4) 137
(95,3) (95,4) 115
(96,3) (96,4) 69
(97,3) (97,4) 103
(98,3) (98,4) 62
(99,3) (99,4) 132
(100,3) (100,4) 116
(1,4) (1,5) 109
(2,4) (2,5) 129
(3,4) (3,5) 112
(4,4) (4,5) 130
(5,4) (5,5) 140
(6,4) (6,5) 55
(7,4) (7,5) 140
(8,4) (8,5) 138
(9,4) (9,5) 133
(10,4) (10,5) 113
(11,4) (11,5) 61
(12,4) (12,5) 147
(13,4) (13,5) 137
(14,4) (14,5) 103
(15,4) (15,5) 55
(16,4) (16,5) 147
(17,4) (17,5) 69
(18,4) (18,5) 70
(19,4) (19,5) 106
(20,4) (20,5) 69
(21,4) (21,5) 77
(22,4) (22,5) 154
(23,4) (23,5) 113
(24,4) (24,5) 132
(25,4) (25,5) 117
(26,4) (26,5) 59
(27,4) (27,5) 149
(28,4) (28,5) 71
(29,4) (29,5) 70
(30,4) (30,5) 124
(31,4) (31,5) 125
(32,4) (32,5) 101
(33,4) (33,5) 118
(34,4) (34,5) 57
(35,4) (35,5) 140
(36,4) (36,5) 86
(37,4) (37,5) 152
(38,4) (38,5) 98
(39,4) (39,5) 138
(40,4) (40,5) 120
(41,4) (41,5) 146
(42,4) (42,5) 61
(43,4) (43,5) 96
(44,4) (44,5) 76
(45,4) (45,5) 57
(46,4) (46,5) 141
(47,4) (47,5) 140
(48,4) (48,5) 86
(49,4) (49,5) 87
(50,4) (50,5) 94
(51,4) (51,5) 98
(52,4) (52,5) 132
(53,4) (53,5) 140
(54,4) (54,5) 141
(55,4) (55,5) 110
(56,4) (56,5) 103
(57,4) (57,5) 55
(58,4) (58,5) 107
(59,4) (59,5) 83
(60,4) (60,5) 80
(61,4) (61,5) 147
(62,4) (62,5) 94
(63,4) (63,5) 75
(64,4) (64,5) 149
(65,4) (65,5) 79
(66,4) (66,5) 105
(67,4) (67,5) 80
(68,4) (68,5) 84
(69,4) (69,5) 127
(70,4) (70,5) 153
(71,4) (71,5) 95
(72,4) (72,5) 105
(73,4) (73,5) 66
(74,4) (74,5) 142
(75,4) (75,5) 70
(76,4) (76,5) 69
(77,4) (77,5) 96
(78,4) (78,5) 96
(79,4) (79,5) 117
(80,4) (80,5) 148
(81,4) (81,5) 108
(82,4) (82,5) 119
(83,4) (83,5) 81
(84,4) (84,5) 119
(85,4) (85,5) 92
(86,4) (86,5) 113
(87,4) (87,5) 136
(88,4) (88,5) 83
(89,4) (89,5) 117
(90,4) (90,5) 134
(91,4) (91,5) 68
(92,4) (92,5) 66
(93,4) (93,5) 138
(94,4) (94,5) 71
(95,4) (95,5) 88
(96,4) (96,5) 135
(97,4) (97,5) 68
(98,4) (98,5) 128
(99,4) (99,5) 98
(100,4) (100,5) 114
(1,5) (1,6) 117
(2,5) (2,6) 124
(3,5) (3,6) 92
(4,5) (4,6) 110
(5,5) (5,6) 71
(6,5) (6,6) 100
(7,5) (7,6) 105
(8,5) (8,6) 106
(9,5) (9,6) 64
(10,5) (10,6) 136
(11,5) (11,6) 111
(12,5) (12,6) 135
(13,5) (13,6) 127
(14,5) (14,6) 125
(15,5) (15,6) 71
(16,5) (16,6) 56
(17,5) (17,6) 73
(18,5) (18,6) 84
(19,5) (19,6) 100
(20,5) (20,6) 101
(21,5) (21,6) 134
(22,5) (22,6) 140
(23,5) (23,6) 93
(24,5) (24,6) 106
(25,5) (25,6) 56
(26,5) (26,6) 127
(27,5) (27,6) 111
(28,5) (28,6) 84
(29,5) (29,6) 115
(30,5) (30,6) 143
(31,5) (31,6) 81
(32,5) (32,6) 78
(33,5) (33,6) 134
(34,5) (34,6) 84
(35,5) (35,6) 104
(36,5) (36,6) 61
(37,5) (37,6) 149
(38,5) (38,6) 130
(39,5) (39,6) 141
(40,5) (40,6) 82
(41,5) (41,6) 56
(42,5) (42,6) 56
(43,5) (43,6) 89
(44,5) (44,6) 110
(45,5) (45,6) 145
(46,5) (46,6) 97
(47,5) (47,6) 115
(48,5) (48,6) 128
(49,5) (49,6) 107
(50,5) (50,6) 136
(51,5) (51,6) 122
(52,5) (52,6) 124
(53,5) (53,6) 71
(54,5) (54,6) 144
(55,5) (55,6) 139
(56,5) (56,6) 84
(57,5) (57,6) 75
(58,5) (58,6) 129
(59,5) (59,6) 113
(60,5) (60,6) 63
(61,5) (61,6) 66
(62,5) (62,6) 105
(63,5) (63,6) 64
(64,5) (64,6) 113
(65,5) (65,6) 102
(66,5) (66,6) 115
(67,5) (67,6) 91
(68,5) (68,6) 144
(69,5) (69,6) 98
(70,5) (70,6) 141
(71,5) (71,6) 124
(72,5) (72,6) 62
(73,5) (73,6) 112
(74,5) (74,6) 102
(75,5) (75,6) 131
(76,5) (76,6) 70
(77,5) (77,6) 134
(78,5) (78,6) 134
(79,5) (79,6) 70
(80,5) (80,6) 122
(81,5) (81,6) 90
(82,5) (82,6) 87
(83,5) (83,6) 104
(84,5) (84,6) 112
(85,5) (85,6) 56
(86,5) (86,6) 102
(87,5) (87,6) 108
(88,5) (88,6) 127
(89,5) (89,6) 73
(90,5) (90,6) 87
(91,5) (91,6) 133
(92,5) (92,6) 116
(93,5) (93,6) 149
(94,5) (94,6) 63
(95,5) (95,6) 77
(96,5) (96,6) 66
(97,5) (97,6) 117
(98,5) (98,6) 126
(99,5) (99,6) 70
(100,5) (100,6) 83
(1,6) (1,7) 124
(2,6) (2,7) 80
(3,6) (3,7) 93
(4,6) (4,7) 114
(5,6) (5,7) 145
(6,6) (6,7) 141
(7,6) (7,7) 150
(8,6) (8,7) 145
(9,6) (9,7) 122
(10,6) (10,7) 117
(11,6) (11,7) 153
(12,6) (12,7) 81
(13,6) (13,7) 87
(14,6) (14,7) 60
(15,6) (15,7) 108
(16,6) (16,7) 97
(17,6) (17,7) 72
(18,6) (18,7) 127
(19,6) (19,7) 129
(20,6) (20,7) 68
(21,6) (21,7) 77
(22,6) (22,7) 88
(23,6) (23,7) 80
(24,6) (24,7) 115
(25,6) (25,7) 114
(26,6) (26,7) 84
(27,6) (27,7) 110
(28,6) (28,7) 79
(29,6) (29,7) 56
(30,6) (30,7) 109
(31,6) (31,7) 129
(32,6) (32,7) 108
(33,6) (33,7) 91
(34,6) (34,7) 96
(35,6) (35,7) 132
(36,6) (36,7) 138
(37,6) (37,7) 109
(38,6) (38,7) 101
(39,6) (39,7) 145
(40,6) (40,7) 109
(41,6) (41,7) 120
(42,6) (42,7) 90
(43,6) (43,7) 94
(44,6) (44,7) 136
(45,6) (45,7) 140
(46,6) (46,7) 127
(47,6) (47,7) 126
(48,6) (48,7) 140
(49,6) (49,7) 148
(50,6) (50,7) 79
(51,6) (51,7) 70
(52,6) (52,7) 128
(53,6) (53,7) 59
(54,6) (54,7) 76
(55,6) (55,7) 101
(56,6) (56,7) 89
(57,6) (57,7) 63
(58,6) (58,7) 113
(59,6) (59,7) 112
(60,6) (60,7) 134
(61,6) (61,7) 82
(62,6) (62,7) 57
(63,6) (63,7) 86
(64,6) (64,7) 65
(65,6) (65,7) 61
(66,6) (66,7) 120
(67,6) (67,7) 124
(68,6) (68,7) 117
(69,6) (69,7) 62
(70,6) (70,7) 66
(71,6) (71,7) 121
(72,6) (72,7) 93
(73,6) (73,7) 105
(74,6) (74,7) 152
(75,6) (75,7) 78
(76,6) (76,7) 104
(77,6) (77,7) 107
(78,6) (78,7) 100
(79,6) (79,7) 73
(80,6) (80,7) 148
(81,6) (81,7) 68
(82,6) (82,7) 113
(83,6) (83,7) 79
(84,6) (84,7) 64
(85,6) (85,7) 111
(86,6) (86,7) 123
(87,6) (87,7) 104
(88,6) (88,7) 140
(89,6) (89,7) 120
(90,6) (90,7) 89
(91,6) (91,7) 67
(92,6) (92,7) 144
(93,6) (93,7) 119
(94,6) (94,7) 60
(95,6) (95,7) 147
(96,6) (96,7) 97
(97,6) (97,7) 119
(98,6) (98,7) 149
(99,6) (99,7) 131
(100,6) (100,7) 141
(1,7) (1,8) 103
(2,7) (2,8) 76
(3,7) (3,8) 137
(4,7) (4,8) 142
(5,7) (5,8) 136
(6,7) (6,8) 112
(7,7) (7,8) 65
(8,7) (8,8) 153
(9,7) (9,8) 151
(10,7) (10,8) 114
(11,7) (11,8) 113
(12,7) (12,8) 69
(13,7) (13,8) 67
(14,7) (14,8) 73
(15,7) (15,8) 148
(16,7) (16,8) 131
(17,7) (17,8) 94
(18,7) (18,8) 109
(19,7) (19,8) 98
(20,7) (20,8) 131
(21,7) (21,8) 143
(22,7) (22,8) 105
(23,7) (23,8) 87
(24,7) (24,8) 64
(25,7) (25,8) 63
(26,7) (26,8) 87
(27,7) (27,8) 92
(28,7) (28,8) 72
(29,7) (29,8) 56
(30,7) (30,8) 126
(31,7) (31,8) 139
(32,7) (32,8) 64
(33,7) (33,8) 131
(34,7) (34,8) 131
(35,7) (35,8) 121
(36,7) (36,8) 107
(37,7) (37,8) 146
(38,7) (38,8) 93
(39,7) (39,8) 59
(40,7) (40,8) 91
(41,7) (41,8) 92
(42,7) (42,8) 147
(43,7) (43,8) 115
(44,7) (44,8) 116
(45,7) (45,8) 146
(46,7) (46,8) 125
(47,7) (47,8) 81
(48,7) (48,8) 60
(49,7) (49,8) 146
(50,7) (50,8) 82
(51,7) (51,8) 82
(52,7) (52,8) 103
(53,7) (53,8) 101
(54,7) (54,8) 116
(55,7) (55,8) 92
(56,7) (56,8) 148
(57,7) (57,8) 150
(58,7) (58,8) 95
(59,7) (59,8) 56
(60,7) (60,8) 135
(61,7) (61,8) 74
(62,7) (62,8) 148
(63,7) (63,8) 113
(64,7) (64,8) 55
(65,7) (65,8) 121
(66,7) (66,8) 127
(67,7) (67,8) 126
(68,7) (68,8) 80
(69,7) (69,8) 103
(70,7) (70,8) 76
(71,7) (71,8) 64
(72,7) (72,8) 113
(73,7) (73,8) 146
(74,7) (74,8) 66
(75,7) (75,8) 78
(76,7) (76,8) 55
(77,7) (77,8) 96
(78,7) (78,8) 106
(79,7) (79,8) 154
(80,7) (80,8) 114
(81,7) (81,8) 81
(82,7) (82,8) 126
(83,7) (83,8) 61
(84,7) (84,8) 70
(85,7) (85,8) 121
(86,7) (86,8) 103
(87,7) (87,8) 154
(88,7) (88,8) 66
(89,7) (89,8) 132
(90,7) (90,8) 98
(91,7) (91,8) 63
(92,7) (92,8) 149
(93,7) (93,8) 114
(94,7) (94,8) 139
(95,7) (95,8) 113
(96,7) (96,8) 145
(97,7) (97,8) 138
(98,7) (98,8) 152
(99,7) (99,8) 120
(100,7) (100,8) 73
(1,8) (1,9) 98
(2,8) (2,9) 68
(3,8) (3,9) 116
(4,8) (4,9) 80
(5,8) (5,9) 150
(6,8) (6,9) 143
(7,8) (7,9) 150
(8,8) (8,9) 112
(9,8) (9,9) 62
(10,8) (10,9) 75
(11,8) (11,9) 118
(12,8) (12,9) 138
(13,8) (13,9) 90
(14,8) (14,9) 109
(15,8) (15,9) 146
(16,8) (16,9) 147
(17,8) (17,9) 133
(18,8) (18,9) 78
(19,8) (19,9) 132
(20,8) (20,9) 75
(21,8) (21,9) 154
(22,8) (22,9) 86
(23,8) (23,9) 82
(24,8) (24,9) 126
(25,8) (25,9) 96
(26,8) (26,9) 78
(27,8) (27,9) 55
(28,8) (28,9) 88
(29,8) (29,9) 135
(30,8) (30,9) 154
(31,8) (31,9) 149
(32,8) (32,9) 131
(33,8) (33,9) 108
(34,8) (34,9) 105
(35,8) (35,9) 74
(36,8) (36,9) 64
(37,8) (37,9) 74
(38,8) (38,9) 122
(39,8) (39,9) 68
(40,8) (40,9) 111
(41,8) (41,9) 124
(42,8) (42,9) 85
(43,8) (43,9) 107
(44,8) (44,9) 152
(45,8) (45,9) 121
(46,8) (46,9) 151
(47,8) (47,9) 149
(48,8) (48,9) 98
(49,8) (49,9) 94
(50,8) (50,9) 132
(51,8) (51,9) 72
(52,8) (52,9) 59
(53,8) (53,9) 118
(54,8) (54,9) 149
(55,8) (55,9) 144
(56,8) (56,9) 135
(57,8) (57,9) 71
(58,8) (58,9) 129
(59,8) (59,9) 143
(60,8) (60,9) 90
(61,8) (61,9) 93
(62,8) (62,9) 149
(63,8) (63,9) 123
(64,8) (64,9) 137
(65,8) (65,9) 137
(66,8) (66,9) 69
(67,8) (67,9) 84
(68,8) (68,9) 101
(69,8) (69,9) 136
(70,8) (70,9) 67
(71,8) (71,9) 72
(72,8) (72,9) 130
(73,8) (73,9) 86
(74,8) (74,9) 111
(75,8) (75,9) 71
(76,8) (76,9) 103
(77,8) (77,9) 90
(78,8) (78,9) 108
(79,8) (79,9) 63
(80,8) (80,9) 72
(81,8) (81,9) 112
(82,8) (82,9) 57
(83,8) (83,9) 125
(84,8) (84,9) 146
(85,8) (85,9) 82
(86,8) (86,9) 148
(87,8) (87,9) 90
(88,8) (88,9) 94
(89,8) (89,9) 60
(90,8) (90,9) 77
(91,8) (91,9) 93
(92,8) (92,9) 148
(93,8) (93,9) 66
(94,8) (94,9) 153
(95,8) (95,9) 78
(96,8) (96,9) 67
(97,8) (97,9) 69
(98,8) (98,9) 146
(99,8) (99,9) 84
(100,8) (100,9) 74
(1,9) (1,10) 139
(2,9) (2,10) 146
(3,9) (3,10) 108
(4,9) (4,10) 127
(5,9) (5,10) 63
(6,9) (6,10) 70
(7,9) (7,10) 80
(8,9) (8,10) 60
(9,9) (9,10) 141
(10,9) (10,10) 124
(11,9) (11,10) 107
(12,9) (12,10) 107
(13,9) (13,10) 86
(14,9) (14,10) 134
(15,9) (15,10) 74
(16,9) (16,10) 127
(17,9) (17,10) 77
(18,9) (18,10) 144
(19,9) (19,10) 59
(20,9) (20,10) 109
(21,9) (21,10) 142
(22,9) (22,10) 126
(23,9) (23,10) 137
(24,9) (24,10) 150
(25,9) (25,10) 108
(26,9) (26,10) 58
(27,9) (27,10) 97
(28,9) (28,10) 129
(29,9) (29,10) 107
(30,9) (30,10) 112
(31,9) (31,10) 104
(32,9) (32,10) 121
(33,9) (33,10) 119
(34,9) (34,10) 123
(35,9) (35,10) 59
(36,9) (36,10) 141
(37,9) (37,10) 72
(38,9) (38,10) 73
(39,9) (39,10) 88
(40,9) (40,10) 116
(41,9) (41,10) 55
(42,9) (42,10) 76
(43,9) (43,10) 134
(44,9) (44,10) 74
(45,9) (45,10) 101
(46,9) (46,10) 95
(47,9) (47,10) 88
(48,9) (48,10) 127
(49,9) (49,10) 99
(50,9) (50,10) 120
(51,9) (51,10) 71
(52,9) (52,10) 72
(53,9) (53,10) 126
(54,9) (54,10) 79
(55,9) (55,10) 55
(56,9) (56,10) 135
(57,9) (57,10) 126
(58,9) (58,10) 129
(59,9) (59,10) 120
(60,9) (60,10) 84
(61,9) (61,10) 91
(62,9) (62,10) 124
(63,9) (63,10) 94
(64,9) (64,10) 88
(65,9) (65,10) 108
(66,9) (66,10) 114
(67,9) (67,10) 146
(68,9) (68,10) 69
(69,9) (69,10) 92
(70,9) (70,10) 82
(71,9) (71,10) 136
(72,9) (72,10) 128
(73,9) (73,10) 146
(74,9) (74,10) 142
(75,9) (75,10) 55
(76,9) (76,10) 86
(77,9) (77,10) 152
(78,9) (78,10) 59
(79,9) (79,10) 104
(80,9) (80,10) 90
(81,9) (81,10) 92
(82,9) (82,10) 111
(83,9) (83,10) 115
(84,9) (84,10) 129
(85,9) (85,10) 76
(86,9) (86,10) 61
(87,9) (87,10) 138
(88,9) (88,10) 80
(89,9) (89,10) 129
(90,9) (90,10) 148
(91,9) (91,10) 76
(92,9) (92,10) 127
(93,9) (93,10) 71
(94,9) (94,10) 125
(95,9) (95,10) 111
(96,9) (96,10) 76
(97,9) (97,10) 114
(98,9) (98,10) 103
(99,9) (99,10) 119
(100,9) (100,10) 98
(1,1) (2,1) 69
(2,1) (1,1) 105
(2,1) (3,1) 56
(3,1) (2,1) 79
(3,1) (4,1) 120
(4,1) (3,1) 103
(4,1) (5,1) 62
(5,1) (4,1) 149
(5,1) (6,1) 109
(6,1) (5,1) 55
(6,1) (7,1) 84
(7,1) (6,1) 60
(7,1) (8,1) 93
(8,1) (7,1) 91
(8,1) (9,1) 94
(9,1) (8,1) 150
(9,1) (10,1) 64
(10,1) (9,1) 103
(10,1) (11,1) 100
(11,1) (10,1) 81
(11,1) (12,1) 95
(12,1) (11,1) 72
(12,1) (13,1) 120
(13,1) (12,1) 139
(13,1) (14,1) 121
(14,1) (13,1) 56
(14,1) (15,1) 107
(15,1) (14,1) 96
(15,1) (16,1) 118
(16,1) (15,1) 138
(16,1) (17,1) 69
(17,1) (16,1) 136
(17,1) (18,1) 120
(18,1) (17,1) 83
(18,1) (19,1) 100
(19,1) (18,1) 116
(19,1) (20,1) 116
(20,1) (19,1) 55
(20,1) (21,1) 124
(21,1) (20,1) 78
(21,1) (22,1) 57
(22,1) (21,1) 146
(22,1) (23,1) 101
(23,1) (22,1) 129
(23,1) (24,1) 116
(24,1) (23,1) 94
(24,1) (25,1) 148
(25,1) (24,1) 98
(25,1) (26,1) 85
(26,1) (25,1) 74
(26,1) (27,1) 95
(27,1) (26,1) 106
(27,1) (28,1) 137
(28,1) (27,1) 101
(28,1) (29,1) 69
(29,1) (28,1) 154
(29,1) (30,1) 73
(30,1) (29,1) 81
(30,1) (31,1) 154
(31,1) (30,1) 142
(31,1) (32,1) 127
(32,1) (31,1) 112
(32,1) (33,1) 77
(33,1) (32,1) 139
(33,1) (34,1) 116
(34,1) (33,1) 107
(34,1) (35,1) 152
(35,1) (34,1) 102
(35,1) (36,1) 98
(36,1) (35,1) 87
(36,1) (37,1) 76
(37,1) (36,1) 105
(37,1) (38,1) 151
(38,1) (37,1) 93
(38,1) (39,1) 99
(39,1) (38,1) 84
(39,1) (40,1) 63
(40,1) (39,1) 110
(40,1) (41,1) 102
(41,1) (40,1) 142
(41,1) (42,1) 108
(42,1) (41,1) 77
(42,1) (43,1) 88
(43,1) (42,1) 115
(43,1) (44,1) 96
(44,1) (43,1) 144
(44,1) (45,1) 82
(45,1) (44,1) 82
(45,1) (46,1) 77
(46,1) (45,1) 126
(46,1) (47,1) 108
(47,1) (46,1) 84
(47,1) (48,1) 104
(48,1) (47,1) 91
(48,1) (49,1) 130
(49,1) (48,1) 80
(49,1) (50,1) 91
(50,1) (49,1) 114
(50,1) (51,1) 80
(51,1) (50,1) 122
(51,1) (52,1) 142
(52,1) (51,1) 141
(52,1) (53,1) 135
(53,1) (52,1) 150
(53,1) (54,1) 65
(54,1) (53,1) 135
(54,1) (55,1) 118
(55,1) (54,1) 70
(55,1) (56,1) 101
(56,1) (55,1) 62
(56,1) (57,1) 56
(57,1) (56,1) 133
(57,1) (58,1) 108
(58,1) (57,1) 85
(58,1) (59,1) 152
(59,1) (58,1) 131
(59,1) (60,1) 63
(60,1) (59,1) 107
(60,1) (61,1) 143
(61,1) (60,1) 114
(61,1) (62,1) 75
(62,1) (61,1) 74
(62,1) (63,1) 109
(63,1) (62,1) 83
(63,1) (64,1) 55
(64,1) (63,1) 84
(64,1) (65,1) 133
(65,1) (64,1) 70
(65,1) (66,1) 86
(66,1) (65,1) 120
(66,1) (67,1) 143
(67,1) (66,1) 72
(67,1) (68,1) 73
(68,1) (67,1) 138
(68,1) (69,1) 124
(69,1) (68,1) 90
(69,1) (70,1) 72
(70,1) (69,1) 149
(70,1) (71,1) 73
(71,1) (70,1) 143
(71,1) (72,1) 126
(72,1) (71,1) 94
(72,1) (73,1) 57
(73,1) (72,1) 75
(73,1) (74,1) 66
(74,1) (73,1) 105
(74,1) (75,1) 89
(75,1) (74,1) 136
(75,1) (76,1) 142
(76,1) (75,1) 75
(76,1) (77,1) 141
(77,1) (76,1) 79
(77,1) (78,1) 67
(78,1) (77,1) 127
(78,1) (79,1) 77
(79,1) (78,1) 75
(79,1) (80,1) 136
(80,1) (79,1) 91
(80,1) (81,1) 85
(81,1) (80,1) 81
(81,1) (82,1) 120
(82,1) (81,1) 152
(82,1) (83,1) 143
(83,1) (82,1) 111
(83,1) (84,1) 145
(84,1) (83,1) 79
(84,1) (85,1) 92
(85,1) (84,1) 132
(85,1) (86,1) 127
(86,1) (85,1) 130
(86,1) (87,1) 126
(87,1) (86,1) 95
(87,1) (88,1) 62
(88,1) (87,1) 65
(88,1) (89,1) 93
(89,1) (88,1) 96
(89,1) (90,1) 134
(90,1) (89,1) 118
(90,1) (91,1) 152
(91,1) (90,1) 68
(91,1) (92,1) 97
(92,1) (91,1) 121
(92,1) (93,1) 91
(93,1) (92,1) 72
(93,1) (94,1) 135
(94,1) (93,1) 118
(94,1) (95,1) 71
(95,1) (94,1) 59
(95,1) (96,1) 65
(96,1) (95,1) 97
(96,1) (97,1) 134
(97,1) (96,1) 101
(97,1) (98,1) 94
(98,1) (97,1) 78
(98,1) (99,1) 154
(99,1) (98,1) 125
(99,1) (100,1) 68
(100,1) (99,1) 90
(1,2) (2,2) 65
(2,2) (1,2) 85
(2,2) (3,2) 68
(3,2) (2,2) 135
(3,2) (4,2) 60
(4,2) (3,2) 133
(4,2) (5,2) 66
(5,2) (4,2) 89
(5,2) (6,2) 148
(6,2) (5,2) 117
(6,2) (7,2) 63
(7,2) (6,2) 103
(7,2) (8,2) 121
(8,2) (7,2) 143
(8,2) (9,2) 84
(9,2) (8,2) 139
(9,2) (10,2) 66
(10,2) (9,2) 153
(10,2) (11,2) 153
(11,2) (10,2) 154
(11,2) (12,2) 141
(12,2) (11,2) 89
(12,2) (13,2) 119
(13,2) (12,2) 108
(13,2) (14,2) 137
(14,2) (13,2) 99
(14,2) (15,2) 132
(15,2) (14,2) 116
(15,2) (16,2) 74
(16,2) (15,2) 104
(16,2) (17,2) 81
(17,2) (16,2) 89
(17,2) (18,2) 142
(18,2) (17,2) 99
(18,2) (19,2) 60
(19,2) (18,2) 75
(19,2) (20,2) 58
(20,2) (19,2) 154
(20,2) (21,2) 80
(21,2) (20,2) 129
(21,2) (22,2) 107
(22,2) (21,2) 148
(22,2) (23,2) 70
(23,2) (22,2) 97
(23,2) (24,2) 148
(24,2) (23,2) 131
(24,2) (25,2) 148
(25,2) (24,2) 131
(25,2) (26,2) 57
(26,2) (25,2) 102
(26,2) (27,2) 65
(27,2) (26,2) 95
(27,2) (28,2) 93
(28,2) (27,2) 139
(28,2) (29,2) 71
(29,2) (28,2) 69
(29,2) (30,2) 153
(30,2) (29,2) 142
(30,2) (31,2) 77
(31,2) (30,2) 147
(31,2) (32,2) 145
(32,2) (31,2) 109
(32,2) (33,2) 120
(33,2) (32,2) 66
(33,2) (34,2) 104
(34,2) (33,2) 144
(34,2) (35,2) 86
(35,2) (34,2) 107
(35,2) (36,2) 130
(36,2) (35,2) 90
(36,2) (37,2) 154
(37,2) (36,2) 81
(37,2) (38,2) 62
(38,2) (37,2) 136
(38,2) (39,2) 147
(39,2) (38,2) 107
(39,2) (40,2) 144
(40,2) (39,2) 146
(40,2) (41,2) 135
(41,2) (40,2) 59
(41,2) (42,2) 108
(42,2) (41,2) 147
(42,2) (43,2) 92
(43,2) (42,2) 75
(43,2) (44,2) 117
(44,2) (43,2) 78
(44,2) (45,2) 60
(45,2) (44,2) 129
(45,2) (46,2) 63
(46,2) (45,2) 82
(46,2) (47,2) 66
(47,2) (46,2) 105
(47,2) (48,2) 136
(48,2) (47,2) 68
(48,2) (49,2) 141
(49,2) (48,2) 139
(49,2) (50,2) 97
(50,2) (49,2) 148
(50,2) (51,2) 108
(51,2) (50,2) 154
(51,2) (52,2) 142
(52,2) (51,2) 93
(52,2) (53,2) 147
(53,2) (52,2) 85
(53,2) (54,2) 100
(54,2) (53,2) 58
(54,2) (55,2) 106
(55,2) (54,2) 150
(55,2) (56,2) 83
(56,2) (55,2) 97
(56,2) (57,2) 67
(57,2) (56,2) 89
(57,2) (58,2) 68
(58,2) (57,2) 153
(58,2) (59,2) 102
(59,2) (58,2) 139
(59,2) (60,2) 147
(60,2) (59,2) 133
(60,2) (61,2) 122
(61,2) (60,2) 134
(61,2) (62,2) 134
(62,2) (61,2) 76
(62,2) (63,2) 123
(63,2) (62,2) 142
(63,2) (64,2) 59
(64,2) (63,2) 124
(64,2) (65,2) 120
(65,2) (64,2) 118
(65,2) (66,2) 149
(66,2) (65,2) 125
(66,2) (67,2) 79
(67,2) (66,2) 69
(67,2) (68,2) 99
(68,2) (67,2) 55
(68,2) (69,2) 147
(69,2) (68,2) 117
(69,2) (70,2) 133
(70,2) (69,2) 64
(70,2) (71,2) 130
(71,2) (70,2) 74
(71,2) (72,2) 116
(72,2) (71,2) 112
(72,2) (73,2) 151
(73,2) (72,2) 63
(73,2) (74,2) 120
(74,2) (73,2) 83
(74,2) (75,2) 75
(75,2) (74,2) 102
(75,2) (76,2) 96
(76,2) (75,2) 98
(76,2) (77,2) 133
(77,2) (76,2) 78
(77,2) (78,2) 78
(78,2) (77,2) 75
(78,2) (79,2) 96
(79,2) (78,2) 133
(79,2) (80,2) 90
(80,2) (79,2) 142
(80,2) (81,2) 130
(81,2) (80,2) 109
(81,2) (82,2) 71
(82,2) (81,2) 149
(82,2) (83,2) 134
(83,2) (82,2) 88
(83,2) (84,2) 65
(84,2) (83,2) 95
(84,2) (85,2) 86
(85,2) (84,2) 85
(85,2) (86,2) 125
(86,2) (85,2) 125
(86,2) (87,2) 107
(87,2) (86,2) 86
(87,2) (88,2) 74
(88,2) (87,2) 59
(88,2) (89,2) 131
(89,2) (88,2) 55
(89,2) (90,2) 137
(90,2) (89,2) 118
(90,2) (91,2) 122
(91,2) (90,2) 105
(91,2) (92,2) 152
(92,2) (91,2) 87
(92,2) (93,2) 117
(93,2) (92,2) 119
(93,2) (94,2) 96
(94,2) (93,2) 123
(94,2) (95,2) 68
(95,2) (94,2) 131
(95,2) (96,2) 121
(96,2) (95,2) 154
(96,2) (97,2) 69
(97,2) (96,2) 74
(97,2) (98,2) 111
(98,2) (97,2) 107
(98,2) (99,2) 70
(99,2) (98,2) 86
(99,2) (100,2) 64
(100,2) (99,2) 138
(1,3) (2,3) 68
(2,3) (1,3) 85
(2,3) (3,3) 62
(3,3) (2,3) 85
(3,3) (4,3) 63
(4,3) (3,3) 58
(4,3) (5,3) 114
(5,3) (4,3) 145
(5,3) (6,3) 115
(6,3) (5,3) 120
(6,3) (7,3) 94
(7,3) (6,3) 149
(7,3) (8,3) 144
(8,3) (7,3) 83
(8,3) (9,3) 91
(9,3) (8,3) 125
(9,3) (10,3) 126
(10,3) (9,3) 59
(10,3) (11,3) 132
(11,3) (10,3) 108
(11,3) (12,3) 151
(12,3) (11,3) 75
(12,3) (13,3) 76
(13,3) (12,3) 112
(13,3) (14,3) 91
(14,3) (13,3) 67
(14,3) (15,3) 114
(15,3) (14,3) 95
(15,3) (16,3) 119
(16,3) (15,3) 148
(16,3) (17,3) 140
(17,3) (16,3) 128
(17,3) (18,3) 130
(18,3) (17,3) 57
(18,3) (19,3) 145
(19,3) (18,3) 152
(19,3) (20,3) 136
(20,3) (19,3) 107
(20,3) (21,3) 73
(21,3) (20,3) 116
(21,3) (22,3) 96
(22,3) (21,3) 105
(22,3) (23,3) 75
(23,3) (22,3) 76
(23,3) (24,3) 97
(24,3) (23,3) 65
(24,3) (25,3) 149
(25,3) (24,3) 92
(25,3) (26,3) 125
(26,3) (25,3) 144
(26,3) (27,3) 64
(27,3) (26,3) 139
(27,3) (28,3) 63
(28,3) (27,3) 98
(28,3) (29,3) 55
(29,3) (28,3) 144
(29,3) (30,3) 83
(30,3) (29,3) 91
(30,3) (31,3) 99
(31,3) (30,3) 130
(31,3) (32,3) 140
(32,3) (31,3) 153
(32,3) (33,3) 109
(33,3) (32,3) 113
(33,3) (34,3) 78
(34,3) (33,3) 81
(34,3) (35,3) 108
(35,3) (34,3) 59
(35,3) (36,3) 142
(36,3) (35,3) 105
(36,3) (37,3) 73
(37,3) (36,3) 126
(37,3) (38,3) 96
(38,3) (37,3) 64
(38,3) (39,3) 89
(39,3) (38,3) 87
(39,3) (40,3) 56
(40,3) (39,3) 102
(40,3) (41,3) 110
(41,3) (40,3) 55
(41,3) (42,3) 92
(42,3) (41,3) 112
(42,3) (43,3) 146
(43,3) (42,3) 95
(43,3) (44,3) 70
(44,3) (43,3) 144
(44,3) (45,3) 125
(45,3) (44,3) 93
(45,3) (46,3) 113
(46,3) (45,3) 114
(46,3) (47,3) 87
(47,3) (46,3) 91
(47,3) (48,3) 74
(48,3) (47,3) 145
(48,3) (49,3) 83
(49,3) (48,3) 68
(49,3) (50,3) 110
(50,3) (49,3) 93
(50,3) (51,3) 142
(51,3) (50,3) 65
(51,3) (52,3) 91
(52,3) (51,3) 123
(52,3) (53,3) 63
(53,3) (52,3) 111
(53,3) (54,3) 101
(54,3) (53,3) 96
(54,3) (55,3) 111
(55,3) (54,3) 134
(55,3) (56,3) 130
(56,3) (55,3) 80
(56,3) (57,3) 106
(57,3) (56,3) 96
(57,3) (58,3) 105
(58,3) (57,3) 81
(58,3) (59,3) 86
(59,3) (58,3) 104
(59,3) (60,3) 140
(60,3) (59,3) 104
(60,3) (61,3) 68
(61,3) (60,3) 92
(61,3) (62,3) 77
(62,3) (61,3) 135
(62,3) (63,3) 101
(63,3) (62,3) 98
(63,3) (64,3) 61
(64,3) (63,3) 125
(64,3) (65,3) 109
(65,3) (64,3) 99
(65,3) (66,3) 145
(66,3) (65,3) 93
(66,3) (67,3) 136
(67,3) (66,3) 143
(67,3) (68,3) 129
(68,3) (67,3) 146
(68,3) (69,3) 71
(69,3) (68,3) 97
(69,3) (70,3) 122
(70,3) (69,3) 113
(70,3) (71,3) 150
(71,3) (70,3) 98
(71,3) (72,3) 118
(72,3) (71,3) 135
(72,3) (73,3) 132
(73,3) (72,3) 133
(73,3) (74,3) 55
(74,3) (73,3) 121
(74,3) (75,3) 143
(75,3) (74,3) 130
(75,3) (76,3) 143
(76,3) (75,3) 110
(76,3) (77,3) 106
(77,3) (76,3) 89
(77,3) (78,3) 128
(78,3) (77,3) 132
(78,3) (79,3) 117
(79,3) (78,3) 108
(79,3) (80,3) 64
(80,3) (79,3) 113
(80,3) (81,3) 109
(81,3) (80,3) 124
(81,3) (82,3) 59
(82,3) (81,3) 145
(82,3) (83,3) 97
(83,3) (82,3) 103
(83,3) (84,3) 144
(84,3) (83,3) 137
(84,3) (85,3) 105
(85,3) (84,3) 86
(85,3) (86,3) 55
(86,3) (85,3) 98
(86,3) (87,3) 85
(87,3) (86,3) 94
(87,3) (88,3) 133
(88,3) (87,3) 144
(88,3) (89,3) 122
(89,3) (88,3) 139
(89,3) (90,3) 115
(90,3) (89,3) 71
(90,3) (91,3) 81
(91,3) (90,3) 146
(91,3) (92,3) 56
(92,3) (91,3) 71
(92,3) (93,3) 89
(93,3) (92,3) 68
(93,3) (94,3) 56
(94,3) (93,3) 60
(94,3) (95,3) 84
(95,3) (94,3) 147
(95,3) (96,3) 64
(96,3) (95,3) 80
(96,3) (97,3) 109
(97,3) (96,3) 139
(97,3) (98,3) 72
(98,3) (97,3) 154
(98,3) (99,3) 69
(99,3) (98,3) 143
(99,3) (100,3) 62
(100,3) (99,3) 57
(1,4) (2,4) 141
(2,4) (1,4) 92
(2,4) (3,4) 104
(3,4) (2,4) 101
(3,4) (4,4) 120
(4,4) (3,4) 115
(4,4) (5,4) 143
(5,4) (4,4) 91
(5,4) (6,4) 94
(6,4) (5,4) 142
(6,4) (7,4) 139
(7,4) (6,4) 90
(7,4) (8,4) 113
(8,4) (7,4) 115
(8,4) (9,4) 134
(9,4) (8,4) 142
(9,4) (10,4) 107
(10,4) (9,4) 145
(10,4) (11,4) 131
(11,4) (10,4) 103
(11,4) (12,4) 93
(12,4) (11,4) 61
(12,4) (13,4) 149
(13,4) (12,4) 67
(13,4) (14,4) 139
(14,4) (13,4) 122
(14,4) (15,4) 133
(15,4) (14,4) 118
(15,4) (16,4) 137
(16,4) (15,4) 99
(16,4) (17,4) 109
(17,4) (16,4) 81
(17,4) (18,4) 114
(18,4) (17,4) 152
(18,4) (19,4) 153
(19,4) (18,4) 145
(19,4) (20,4) 136
(20,4) (19,4) 123
(20,4) (21,4) 100
(21,4) (20,4) 143
(21,4) (22,4) 149
(22,4) (21,4) 93
(22,4) (23,4) 152
(23,4) (22,4) 104
(23,4) (24,4) 110
(24,4) (23,4) 114
(24,4) (25,4) 127
(25,4) (24,4) 93
(25,4) (26,4) 121
(26,4) (25,4) 119
(26,4) (27,4) 108
(27,4) (26,4) 61
(27,4) (28,4) 116
(28,4) (27,4) 66
(28,4) (29,4) 94
(29,4) (28,4) 61
(29,4) (30,4) 113
(30,4) (29,4) 99
(30,4) (31,4) 56
(31,4) (30,4) 150
(31,4) (32,4) 72
(32,4) (31,4) 105
(32,4) (33,4) 57
(33,4) (32,4) 86
(33,4) (34,4) 142
(34,4) (33,4) 89
(34,4) (35,4) 127
(35,4) (34,4) 94
(35,4) (36,4) 72
(36,4) (35,4) 76
(36,4) (37,4) 91
(37,4) (36,4) 136
(37,4) (38,4) 148
(38,4) (37,4) 97
(38,4) (39,4) 151
(39,4) (38,4) 88
(39,4) (40,4) 104
(40,4) (39,4) 141
(40,4) (41,4) 60
(41,4) (40,4) 113
(41,4) (42,4) 119
(42,4) (41,4) 83
(42,4) (43,4) 71
(43,4) (42,4) 90
(43,4) (44,4) 154
(44,4) (43,4) 140
(44,4) (45,4) 124
(45,4) (44,4) 115
(45,4) (46,4) 72
(46,4) (45,4) 120
(46,4) (47,4) 127
(47,4) (46,4) 94
(47,4) (48,4) 83
(48,4) (47,4) 115
(48,4) (49,4) 139
(49,4) (48,4) 131
(49,4) (50,4) 116
(50,4) (49,4) 58
(50,4) (51,4) 152
(51,4) (50,4) 132
(51,4) (52,4) 129
(52,4) (51,4) 94
(52,4) (53,4) 149
(53,4) (52,4) 75
(53,4) (54,4) 81
(54,4) (53,4) 122
(54,4) (55,4) 143
(55,4) (54,4) 126
(55,4) (56,4) 120
(56,4) (55,4) 106
(56,4) (57,4) 57
(57,4) (56,4) 124
(57,4) (58,4) 117
(58,4) (57,4) 65
(58,4) (59,4) 128
(59,4) (58,4) 121
(59,4) (60,4) 87
(60,4) (59,4) 89
(60,4) (61,4) 55
(61,4) (60,4) 113
(61,4) (62,4) 128
(62,4) (61,4) 79
(62,4) (63,4) 137
(63,4) (62,4) 95
(63,4) (64,4) 129
(64,4) (63,4) 92
(64,4) (65,4) 107
(65,4) (64,4) 93
(65,4) (66,4) 91
(66,4) (65,4) 62
(66,4) (67,4) 58
(67,4) (66,4) 139
(67,4) (68,4) 150
(68,4) (67,4) 123
(68,4) (69,4) 109
(69,4) (68,4) 148
(69,4) (70,4) 73
(70,4) (69,4) 68
(70,4) (71,4) 92
(71,4) (70,4) 94
(71,4) (72,4) 73
(72,4) (71,4) 73
(72,4) (73,4) 85
(73,4) (72,4) 62
(73,4) (74,4) 131
(74,4) (73,4) 141
(74,4) (75,4) 96
(75,4) (74,4) 64
(75,4) (76,4) 101
(76,4) (75,4) 100
(76,4) (77,4) 90
(77,4) (76,4) 141
(77,4) (78,4) 105
(78,4) (77,4) 60
(78,4) (79,4) 82
(79,4) (78,4) 115
(79,4) (80,4) 67
(80,4) (79,4) 136
(80,4) (81,4) 89
(81,4) (80,4) 111
(81,4) (82,4) 104
(82,4) (81,4) 94
(82,4) (83,4) 100
(83,4) (82,4) 87
(83,4) (84,4) 64
(84,4) (83,4) 81
(84,4) (85,4) 68
(85,4) (84,4) 82
(85,4) (86,4) 92
(86,4) (85,4) 103
(86,4) (87,4) 98
(87,4) (86,4) 83
(87,4) (88,4) 152
(88,4) (87,4) 136
(88,4) (89,4) 93
(89,4) (88,4) 118
(89,4) (90,4) 101
(90,4) (89,4) 82
(90,4) (91,4) 89
(91,4) (90,4) 154
(91,4) (92,4) 103
(92,4) (91,4) 154
(92,4) (93,4) 138
(93,4) (92,4) 58
(93,4) (94,4) 135
(94,4) (93,4) 125
(94,4) (95,4) 74
(95,4) (94,4) 63
(95,4) (96,4) 140
(96,4) (95,4) 100
(96,4) (97,4) 88
(97,4) (96,4) 142
(97,4) (98,4) 112
(98,4) (97,4) 70
(98,4) (99,4) 66
(99,4) (98,4) 88
(99,4) (100,4) 121
(100,4) (99,4) 151
(1,5) (2,5) 98
(2,5) (1,5) 86
(2,5) (3,5) 110
(3,5) (2,5) 90
(3,5) (4,5) 109
(4,5) (3,5) 115
(4,5) (5,5) 96
(5,5) (4,5) 69
(5,5) (6,5) 65
(6,5) (5,5) 69
(6,5) (7,5) 99
(7,5) (6,5) 65
(7,5) (8,5) 149
(8,5) (7,5) 83
(8,5) (9,5) 66
(9,5) (8,5) 81
(9,5) (10,5) 127
(10,5) (9,5) 150
(10,5) (11,5) 142
(11,5) (10,5) 56
(11,5) (12,5) 77
(12,5) (11,5) 68
(12,5) (13,5) 60
(13,5) (12,5) 135
(13,5) (14,5) 81
(14,5) (13,5) 98
(14,5) (15,5) 129
(15,5) (14,5) 141
(15,5) (16,5) 88
(16,5) (15,5) 102
(16,5) (17,5) 124
(17,5) (16,5) 69
(17,5) (18,5) 142
(18,5) (17,5) 143
(18,5) (19,5) 154
(19,5) (18,5) 146
(19,5) (20,5) 133
(20,5) (19,5) 149
(20,5) (21,5) 118
(21,5) (20,5) 87
(21,5) (22,5) 68
(22,5) (21,5) 98
(22,5) (23,5) 56
(23,5) (22,5) 70
(23,5) (24,5) 131
(24,5) (23,5) 59
(24,5) (25,5) 80
(25,5) (24,5) 151
(25,5) (26,5) 92
(26,5) (25,5) 101
(26,5) (27,5) 154
(27,5) (26,5) 122
(27,5) (28,5) 80
(28,5) (27,5) 96
(28,5) (29,5) 136
(29,5) (28,5) 121
(29,5) (30,5) 96
(30,5) (29,5) 118
(30,5) (31,5) 132
(31,5) (30,5) 69
(31,5) (32,5) 99
(32,5) (31,5) 97
(32,5) (33,5) 106
(33,5) (32,5) 84
(33,5) (34,5) 126
(34,5) (33,5) 110
(34,5) (35,5) 94
(35,5) (34,5) 59
(35,5) (36,5) 79
(36,5) (35,5) 65
(36,5) (37,5) 97
(37,5) (36,5) 142
(37,5) (38,5) 123
(38,5) (37,5) 102
(38,5) (39,5) 58
(39,5) (38,5) 137
(39,5) (40,5) 59
(40,5) (39,5) 127
(40,5) (41,5) 101
(41,5) (40,5) 68
(41,5) (42,5) 74
(42,5) (41,5) 56
(42,5) (43,5) 134
(43,5) (42,5) 131
(43,5) (44,5) 145
(44,5) (43,5) 93
(44,5) (45,5) 71
(45,5) (44,5) 91
(45,5) (46,5) 88
(46,5) (45,5) 78
(46,5) (47,5) 69
(47,5) (46,5) 92
(47,5) (48,5) 117
(48,5) (47,5) 81
(48,5) (49,5) 118
(49,5) (48,5) 83
(49,5) (50,5) 67
(50,5) (49,5) 82
(50,5) (51,5) 57
(51,5) (50,5) 145
(51,5) (52,5) 154
(52,5) (51,5) 59
(52,5) (53,5) 113
(53,5) (52,5) 83
(53,5) (54,5) 105
(54,5) (53,5) 108
(54,5) (55,5) 147
(55,5) (54,5) 118
(55,5) (56,5) 117
(56,5) (55,5) 105
(56,5) (57,5) 71
(57,5) (56,5) 66
(57,5) (58,5) 128
(58,5) (57,5) 83
(58,5) (59,5) 140
(59,5) (58,5) 95
(59,5) (60,5) 122
(60,5) (59,5) 101
(60,5) (61,5) 97
(61,5) (60,5) 67
(61,5) (62,5) 122
(62,5) (61,5) 103
(62,5) (63,5) 68
(63,5) (62,5) 139
(63,5) (64,5) 72
(64,5) (63,5) 70
(64,5) (65,5) 97
(65,5) (64,5) 142
(65,5) (66,5) 72
(66,5) (65,5) 120
(66,5) (67,5) 58
(67,5) (66,5) 88
(67,5) (68,5) 86
(68,5) (67,5) 147
(68,5) (69,5) 87
(69,5) (68,5) 141
(69,5) (70,5) 79
(70,5) (69,5) 61
(70,5) (71,5) 69
(71,5) (70,5) 84
(71,5) (72,5) 149
(72,5) (71,5) 102
(72,5) (73,5) 61
(73,5) (72,5) 127
(73,5) (74,5) 140
(74,5) (73,5) 125
(74,5) (75,5) 62
(75,5) (74,5) 65
(75,5) (76,5) 110
(76,5) (75,5) 150
(76,5) (77,5) 139
(77,5) (76,5) 119
(77,5) (78,5) 129
(78,5) (77,5) 93
(78,5) (79,5) 104
(79,5) (78,5) 70
(79,5) (80,5) 111
(80,5) (79,5) 140
(80,5) (81,5) 93
(81,5) (80,5) 122
(81,5) (82,5) 99
(82,5) (81,5) 139
(82,5) (83,5) 134
(83,5) (82,5) 87
(83,5) (84,5) 139
(84,5) (83,5) 101
(84,5) (85,5) 134
(85,5) (84,5) 84
(85,5) (86,5) 69
(86,5) (85,5) 124
(86,5) (87,5) 66
(87,5) (86,5) 132
(87,5) (88,5) 92
(88,5) (87,5) 150
(88,5) (89,5) 136
(89,5) (88,5) 62
(89,5) (90,5) 111
(90,5) (89,5) 62
(90,5) (91,5) 129
(91,5) (90,5) 154
(91,5) (92,5) 125
(92,5) (91,5) 86
(92,5) (93,5) 141
(93,5) (92,5) 115
(93,5) (94,5) 66
(94,5) (93,5) 103
(94,5) (95,5) 143
(95,5) (94,5) 64
(95,5) (96,5) 82
(96,5) (95,5) 116
(96,5) (97,5) 149
(97,5) (96,5) 102
(97,5) (98,5) 104
(98,5) (97,5) 56
(98,5) (99,5) 106
(99,5) (98,5) 99
(99,5) (100,5) 129
(100,5) (99,5) 113
(1,6) (2,6) 58
(2,6) (1,6) 100
(2,6) (3,6) 139
(3,6) (2,6) 102
(3,6) (4,6) 59
(4,6) (3,6) 130
(4,6) (5,6) 108
(5,6) (4,6) 61
(5,6) (6,6) 78
(6,6) (5,6) 104
(6,6) (7,6) 104
(7,6) (6,6) 124
(7,6) (8,6) 106
(8,6) (7,6) 70
(8,6) (9,6) 120
(9,6) (8,6) 55
(9,6) (10,6) 109
(10,6) (9,6) 85
(10,6) (11,6) 121
(11,6) (10,6) 121
(11,6) (12,6) 60
(12,6) (11,6) 82
(12,6) (13,6) 61
(13,6) (12,6) 128
(13,6) (14,6) 110
(14,6) (13,6) 106
(14,6) (15,6) 105
(15,6) (14,6) 146
(15,6) (16,6) 76
(16,6) (15,6) 112
(16,6) (17,6) 116
(17,6) (16,6) 75
(17,6) (18,6) 64
(18,6) (17,6) 138
(18,6) (19,6) 88
(19,6) (18,6) 122
(19,6) (20,6) 80
(20,6) (19,6) 90
(20,6) (21,6) 67
(21,6) (20,6) 152
(21,6) (22,6) 131
(22,6) (21,6) 83
(22,6) (23,6) 145
(23,6) (22,6) 136
(23,6) (24,6) 99
(24,6) (23,6) 73
(24,6) (25,6) 149
(25,6) (24,6) 92
(25,6) (26,6) 118
(26,6) (25,6) 59
(26,6) (27,6) 98
(27,6) (26,6) 61
(27,6) (28,6) 142
(28,6) (27,6) 85
(28,6) (29,6) 64
(29,6) (28,6) 81
(29,6) (30,6) 99
(30,6) (29,6) 130
(30,6) (31,6) 120
(31,6) (30,6) 66
(31,6) (32,6) 133
(32,6) (31,6) 122
(32,6) (33,6) 89
(33,6) (32,6) 120
(33,6) (34,6) 108
(34,6) (33,6) 93
(34,6) (35,6) 141
(35,6) (34,6) 105
(35,6) (36,6) 137
(36,6) (35,6) 147
(36,6) (37,6) 128
(37,6) (36,6) 125
(37,6) (38,6) 126
(38,6) (37,6) 81
(38,6) (39,6) 99
(39,6) (38,6) 84
(39,6) (40,6) 149
(40,6) (39,6) 59
(40,6) (41,6) 150
(41,6) (40,6) 108
(41,6) (42,6) 101
(42,6) (41,6) 92
(42,6) (43,6) 112
(43,6) (42,6) 92
(43,6) (44,6) 143
(44,6) (43,6) 70
(44,6) (45,6) 124
(45,6) (44,6) 63
(45,6) (46,6) 129
(46,6) (45,6) 91
(46,6) (47,6) 129
(47,6) (46,6) 136
(47,6) (48,6) 73
(48,6) (47,6) 152
(48,6) (49,6) 102
(49,6) (48,6) 118
(49,6) (50,6) 69
(50,6) (49,6) 138
(50,6) (51,6) 97
(51,6) (50,6) 67
(51,6) (52,6) 106
(52,6) (51,6) 91
(52,6) (53,6) 151
(53,6) (52,6) 113
(53,6) (54,6) 111
(54,6) (53,6) 118
(54,6) (55,6) 90
(55,6) (54,6) 108
(55,6) (56,6) 96
(56,6) (55,6) 79
(56,6) (57,6) 65
(57,6) (56,6) 85
(57,6) (58,6) 124
(58,6) (57,6) 125
(58,6) (59,6) 124
(59,6) (58,6) 105
(59,6) (60,6) 121
(60,6) (59,6) 108
(60,6) (61,6) 132
(61,6) (60,6) 87
(61,6) (62,6) 71
(62,6) (61,6) 123
(62,6) (63,6) 126
(63,6) (62,6) 131
(63,6) (64,6) 120
(64,6) (63,6) 63
(64,6) (65,6) 89
(65,6) (64,6) 110
(65,6) (66,6) 55
(66,6) (65,6) 151
(66,6) (67,6) 137
(67,6) (66,6) 123
(67,6) (68,6) 114
(68,6) (67,6) 56
(68,6) (69,6) 84
(69,6) (68,6) 84
(69,6) (70,6) 95
(70,6) (69,6) 148
(70,6) (71,6) 145
(71,6) (70,6) 151
(71,6) (72,6) 76
(72,6) (71,6) 90
(72,6) (73,6) 124
(73,6) (72,6) 62
(73,6) (74,6) 115
(74,6) (73,6) 73
(74,6) (75,6) 97
(75,6) (74,6) 145
(75,6) (76,6) 129
(76,6) (75,6) 69
(76,6) (77,6) 127
(77,6) (76,6) 119
(77,6) (78,6) 109
(78,6) (77,6) 85
(78,6) (79,6) 65
(79,6) (78,6) 79
(79,6) (80,6) 90
(80,6) (79,6) 115
(80,6) (81,6) 69
(81,6) (80,6) 128
(81,6) (82,6) 142
(82,6) (81,6) 146
(82,6) (83,6) 133
(83,6) (82,6) 145
(83,6) (84,6) 131
(84,6) (83,6) 130
(84,6) (85,6) 108
(85,6) (84,6) 119
(85,6) (86,6) 97
(86,6) (85,6) 73
(86,6) (87,6) 109
(87,6) (86,6) 74
(87,6) (88,6) 125
(88,6) (87,6) 88
(88,6) (89,6) 118
(89,6) (88,6) 130
(89,6) (90,6) 68
(90,6) (89,6) 56
(90,6) (91,6) 84
(91,6) (90,6) 135
(91,6) (92,6) 115
(92,6) (91,6) 127
(92,6) (93,6) 111
(93,6) (92,6) 124
(93,6) (94,6) 112
(94,6) (93,6) 122
(94,6) (95,6) 62
(95,6) (94,6) 141
(95,6) (96,6) 83
(96,6) (95,6) 112
(96,6) (97,6) 98
(97,6) (96,6) 152
(97,6) (98,6) 79
(98,6) (97,6) 142
(98,6) (99,6) 64
(99,6) (98,6) 78
(99,6) (100,6) 92
(100,6) (99,6) 67
(1,7) (2,7) 117
(2,7) (1,7) 80
(2,7) (3,7) 105
(3,7) (2,7) 132
(3,7) (4,7) 145
(4,7) (3,7) 140
(4,7) (5,7) 142
(5,7) (4,7) 68
(5,7) (6,7) 140
(6,7) (5,7) 131
(6,7) (7,7) 118
(7,7) (6,7) 114
(7,7) (8,7) 125
(8,7) (7,7) 120
(8,7) (9,7) 67
(9,7) (8,7) 56
(9,7) (10,7) 99
(10,7) (9,7) 131
(10,7) (11,7) 71
(11,7) (10,7) 100
(11,7) (12,7) 151
(12,7) (11,7) 73
(12,7) (13,7) 114
(13,7) (12,7) 154
(13,7) (14,7) 57
(14,7) (13,7) 67
(14,7) (15,7) 138
(15,7) (14,7) 140
(15,7) (16,7) 92
(16,7) (15,7) 138
(16,7) (17,7) 72
(17,7) (16,7) 81
(17,7) (18,7) 65
(18,7) (17,7) 61
(18,7) (19,7) 152
(19,7) (18,7) 74
(19,7) (20,7) 74
(20,7) (19,7) 70
(20,7) (21,7) 93
(21,7) (20,7) 72
(21,7) (22,7) 120
(22,7) (21,7) 152
(22,7) (23,7) 114
(23,7) (22,7) 144
(23,7) (24,7) 55
(24,7) (23,7) 103
(24,7) (25,7) 85
(25,7) (24,7) 60
(25,7) (26,7) 152
(26,7) (25,7) 74
(26,7) (27,7) 131
(27,7) (26,7) 110
(27,7) (28,7) 118
(28,7) (27,7) 118
(28,7) (29,7) 93
(29,7) (28,7) 60
(29,7) (30,7) 124
(30,7) (29,7) 91
(30,7) (31,7) 77
(31,7) (30,7) 74
(31,7) (32,7) 82
(32,7) (31,7) 124
(32,7) (33,7) 57
(33,7) (32,7) 62
(33,7) (34,7) 127
(34,7) (33,7) 152
(34,7) (35,7) 97
(35,7) (34,7) 149
(35,7) (36,7) 56
(36,7) (35,7) 80
(36,7) (37,7) 112
(37,7) (36,7) 62
(37,7) (38,7) 59
(38,7) (37,7) 125
(38,7) (39,7) 126
(39,7) (38,7) 100
(39,7) (40,7) 147
(40,7) (39,7) 142
(40,7) (41,7) 85
(41,7) (40,7) 65
(41,7) (42,7) 152
(42,7) (41,7) 127
(42,7) (43,7) 119
(43,7) (42,7) 132
(43,7) (44,7) 119
(44,7) (43,7) 104
(44,7) (45,7) 134
(45,7) (44,7) 119
(45,7) (46,7) 105
(46,7) (45,7) 65
(46,7) (47,7) 147
(47,7) (46,7) 154
(47,7) (48,7) 101
(48,7) (47,7) 89
(48,7) (49,7) 153
(49,7) (48,7) 131
(49,7) (50,7) 95
(50,7) (49,7) 135
(50,7) (51,7) 69
(51,7) (50,7) 151
(51,7) (52,7) 94
(52,7) (51,7) 137
(52,7) (53,7) 77
(53,7) (52,7) 79
(53,7) (54,7) 130
(54,7) (53,7) 78
(54,7) (55,7) 118
(55,7) (54,7) 141
(55,7) (56,7) 57
(56,7) (55,7) 57
(56,7) (57,7) 99
(57,7) (56,7) 101
(57,7) (58,7) 141
(58,7) (57,7) 120
(58,7) (59,7) 111
(59,7) (58,7) 67
(59,7) (60,7) 64
(60,7) (59,7) 109
(60,7) (61,7) 102
(61,7) (60,7) 59
(61,7) (62,7) 74
(62,7) (61,7) 62
(62,7) (63,7) 117
(63,7) (62,7) 144
(63,7) (64,7) 87
(64,7) (63,7) 84
(64,7) (65,7) 145
(65,7) (64,7) 147
(65,7) (66,7) 133
(66,7) (65,7) 136
(66,7) (67,7) 119
(67,7) (66,7) 59
(67,7) (68,7) 101
(68,7) (67,7) 141
(68,7) (69,7) 146
(69,7) (68,7) 131
(69,7) (70,7) 112
(70,7) (69,7) 139
(70,7) (71,7) 72
(71,7) (70,7) 88
(71,7) (72,7) 100
(72,7) (71,7) 129
(72,7) (73,7) 126
(73,7) (72,7) 69
(73,7) (74,7) 130
(74,7) (73,7) 91
(74,7) (75,7) 76
(75,7) (74,7) 86
(75,7) (76,7) 119
(76,7) (75,7) 70
(76,7) (77,7) 58
(77,7) (76,7) 108
(77,7) (78,7) 93
(78,7) (77,7) 92
(78,7) (79,7) 89
(79,7) (78,7) 150
(79,7) (80,7) 60
(80,7) (79,7) 129
(80,7) (81,7) 101
(81,7) (80,7) 109
(81,7) (82,7) 57
(82,7) (81,7) 57
(82,7) (83,7) 128
(83,7) (82,7) 74
(83,7) (84,7) 121
(84,7) (83,7) 77
(84,7) (85,7) 144
(85,7) (84,7) 114
(85,7) (86,7) 141
(86,7) (85,7) 88
(86,7) (87,7) 151
(87,7) (86,7) 67
(87,7) (88,7) 133
(88,7) (87,7) 66
(88,7) (89,7) 56
(89,7) (88,7) 121
(89,7) (90,7) 86
(90,7) (89,7) 102
(90,7) (91,7) 121
(91,7) (90,7) 141
(91,7) (92,7) 100
(92,7) (91,7) 126
(92,7) (93,7) 132
(93,7) (92,7) 73
(93,7) (94,7) 133
(94,7) (93,7) 61
(94,7) (95,7) 127
(95,7) (94,7) 106
(95,7) (96,7) 118
(96,7) (95,7) 82
(96,7) (97,7) 113
(97,7) (96,7) 64
(97,7) (98,7) 92
(98,7) (97,7) 76
(98,7) (99,7) 142
(99,7) (98,7) 135
(99,7) (100,7) 70
(100,7) (99,7) 101
(1,8) (2,8) 107
(2,8) (1,8) 63
(2,8) (3,8) 61
(3,8) (2,8) 61
(3,8) (4,8) 104
(4,8) (3,8) 65
(4,8) (5,8) 116
(5,8) (4,8) 115
(5,8) (6,8) 131
(6,8) (5,8) 129
(6,8) (7,8) 71
(7,8) (6,8) 71
(7,8) (8,8) 87
(8,8) (7,8) 96
(8,8) (9,8) 128
(9,8) (8,8) 150
(9,8) (10,8) 137
(10,8) (9,8) 139
(10,8) (11,8) 111
(11,8) (10,8) 91
(11,8) (12,8) 78
(12,8) (11,8) 139
(12,8) (13,8) 87
(13,8) (12,8) 137
(13,8) (14,8) 149
(14,8) (13,8) 129
(14,8) (15,8) 140
(15,8) (14,8) 123
(15,8) (16,8) 152
(16,8) (15,8) 106
(16,8) (17,8) 79
(17,8) (16,8) 72
(17,8) (18,8) 99
(18,8) (17,8) 87
(18,8) (19,8) 120
(19,8) (18,8) 66
(19,8) (20,8) 113
(20,8) (19,8) 98
(20,8) (21,8) 85
(21,8) (20,8) 132
(21,8) (22,8) 89
(22,8) (21,8) 100
(22,8) (23,8) 153
(23,8) (22,8) 153
(23,8) (24,8) 145
(24,8) (23,8) 72
(24,8) (25,8) 63
(25,8) (24,8) 121
(25,8) (26,8) 129
(26,8) (25,8) 122
(26,8) (27,8) 153
(27,8) (26,8) 100
(27,8) (28,8) 118
(28,8) (27,8) 110
(28,8) (29,8) 96
(29,8) (28,8) 146
(29,8) (30,8) 77
(30,8) (29,8) 72
(30,8) (31,8) 83
(31,8) (30,8) 61
(31,8) (32,8) 79
(32,8) (31,8) 99
(32,8) (33,8) 108
(33,8) (32,8) 150
(33,8) (34,8) 128
(34,8) (33,8) 134
(34,8) (35,8) 83
(35,8) (34,8) 135
(35,8) (36,8) 134
(36,8) (35,8) 90
(36,8) (37,8) 147
(37,8) (36,8) 118
(37,8) (38,8) 140
(38,8) (37,8) 76
(38,8) (39,8) 138
(39,8) (38,8) 79
(39,8) (40,8) 79
(40,8) (39,8) 108
(40,8) (41,8) 109
(41,8) (40,8) 116
(41,8) (42,8) 144
(42,8) (41,8) 70
(42,8) (43,8) 109
(43,8) (42,8) 118
(43,8) (44,8) 75
(44,8) (43,8) 117
(44,8) (45,8) 76
(45,8) (44,8) 86
(45,8) (46,8) 105
(46,8) (45,8) 97
(46,8) (47,8) 140
(47,8) (46,8) 57
(47,8) (48,8) 142
(48,8) (47,8) 63
(48,8) (49,8) 75
(49,8) (48,8) 84
(49,8) (50,8) 66
(50,8) (49,8) 128
(50,8) (51,8) 128
(51,8) (50,8) 136
(51,8) (52,8) 70
(52,8) (51,8) 102
(52,8) (53,8) 130
(53,8) (52,8) 85
(53,8) (54,8) 113
(54,8) (53,8) 111
(54,8) (55,8) 72
(55,8) (54,8) 67
(55,8) (56,8) 82
(56,8) (55,8) 136
(56,8) (57,8) 101
(57,8) (56,8) 154
(57,8) (58,8) 130
(58,8) (57,8) 95
(58,8) (59,8) 149
(59,8) (58,8) 91
(59,8) (60,8) 143
(60,8) (59,8) 138
(60,8) (61,8) 56
(61,8) (60,8) 124
(61,8) (62,8) 104
(62,8) (61,8) 79
(62,8) (63,8) 55
(63,8) (62,8) 109
(63,8) (64,8) 118
(64,8) (63,8) 117
(64,8) (65,8) 82
(65,8) (64,8) 134
(65,8) (66,8) 153
(66,8) (65,8) 112
(66,8) (67,8) 109
(67,8) (66,8) 93
(67,8) (68,8) 153
(68,8) (67,8) 89
(68,8) (69,8) 136
(69,8) (68,8) 152
(69,8) (70,8) 60
(70,8) (69,8) 58
(70,8) (71,8) 137
(71,8) (70,8) 112
(71,8) (72,8) 133
(72,8) (71,8) 81
(72,8) (73,8) 56
(73,8) (72,8) 73
(73,8) (74,8) 122
(74,8) (73,8) 116
(74,8) (75,8) 147
(75,8) (74,8) 114
(75,8) (76,8) 143
(76,8) (75,8) 68
(76,8) (77,8) 72
(77,8) (76,8) 69
(77,8) (78,8) 80
(78,8) (77,8) 139
(78,8) (79,8) 68
(79,8) (78,8) 152
(79,8) (80,8) 117
(80,8) (79,8) 101
(80,8) (81,8) 66
(81,8) (80,8) 67
(81,8) (82,8) 120
(82,8) (81,8) 143
(82,8) (83,8) 125
(83,8) (82,8) 90
(83,8) (84,8) 148
(84,8) (83,8) 92
(84,8) (85,8) 59
(85,8) (84,8) 128
(85,8) (86,8) 61
(86,8) (85,8) 64
(86,8) (87,8) 111
(87,8) (86,8) 73
(87,8) (88,8) 145
(88,8) (87,8) 110
(88,8) (89,8) 57
(89,8) (88,8) 137
(89,8) (90,8) 90
(90,8) (89,8) 126
(90,8) (91,8) 66
(91,8) (90,8) 122
(91,8) (92,8) 113
(92,8) (91,8) 68
(92,8) (93,8) 63
(93,8) (92,8) 64
(93,8) (94,8) 83
(94,8) (93,8) 97
(94,8) (95,8) 80
(95,8) (94,8) 74
(95,8) (96,8) 66
(96,8) (95,8) 59
(96,8) (97,8) 106
(97,8) (96,8) 80
(97,8) (98,8) 113
(98,8) (97,8) 97
(98,8) (99,8) 76
(99,8) (98,8) 99
(99,8) (100,8) 118
(100,8) (99,8) 117
(1,9) (2,9) 75
(2,9) (1,9) 116
(2,9) (3,9) 140
(3,9) (2,9) 138
(3,9) (4,9) 85
(4,9) (3,9) 80
(4,9) (5,9) 77
(5,9) (4,9) 55
(5,9) (6,9) 106
(6,9) (5,9) 139
(6,9) (7,9) 96
(7,9) (6,9) 125
(7,9) (8,9) 74
(8,9) (7,9) 105
(8,9) (9,9) 72
(9,9) (8,9) 81
(9,9) (10,9) 106
(10,9) (9,9) 134
(10,9) (11,9) 79
(11,9) (10,9) 73
(11,9) (12,9) 61
(12,9) (11,9) 74
(12,9) (13,9) 58
(13,9) (12,9) 144
(13,9) (14,9) 147
(14,9) (13,9) 92
(14,9) (15,9) 150
(15,9) (14,9) 70
(15,9) (16,9) 79
(16,9) (15,9) 88
(16,9) (17,9) 55
(17,9) (16,9) 142
(17,9) (18,9) 113
(18,9) (17,9) 100
(18,9) (19,9) 141
(19,9) (18,9) 121
(19,9) (20,9) 147
(20,9) (19,9) 128
(20,9) (21,9) 81
(21,9) (20,9) 68
(21,9) (22,9) 108
(22,9) (21,9) 127
(22,9) (23,9) 122
(23,9) (22,9) 125
(23,9) (24,9) 152
(24,9) (23,9) 126
(24,9) (25,9) 65
(25,9) (24,9) 87
(25,9) (26,9) 64
(26,9) (25,9) 103
(26,9) (27,9) 90
(27,9) (26,9) 106
(27,9) (28,9) 73
(28,9) (27,9) 110
(28,9) (29,9) 64
(29,9) (28,9) 115
(29,9) (30,9) 77
(30,9) (29,9) 112
(30,9) (31,9) 101
(31,9) (30,9) 154
(31,9) (32,9) 140
(32,9) (31,9) 101
(32,9) (33,9) 84
(33,9) (32,9) 127
(33,9) (34,9) 109
(34,9) (33,9) 118
(34,9) (35,9) 56
(35,9) (34,9) 71
(35,9) (36,9) 62
(36,9) (35,9) 153
(36,9) (37,9) 122
(37,9) (36,9) 62
(37,9) (38,9) 122
(38,9) (37,9) 128
(38,9) (39,9) 94
(39,9) (38,9) 121
(39,9) (40,9) 94
(40,9) (39,9) 104
(40,9) (41,9) 143
(41,9) (40,9) 66
(41,9) (42,9) 91
(42,9) (41,9) 130
(42,9) (43,9) 105
(43,9) (42,9) 62
(43,9) (44,9) 67
(44,9) (43,9) 145
(44,9) (45,9) 85
(45,9) (44,9) 148
(45,9) (46,9) 127
(46,9) (45,9) 123
(46,9) (47,9) 100
(47,9) (46,9) 104
(47,9) (48,9) 84
(48,9) (47,9) 71
(48,9) (49,9) 136
(49,9) (48,9) 70
(49,9) (50,9) 75
(50,9) (49,9) 152
(50,9) (51,9) 112
(51,9) (50,9) 116
(51,9) (52,9) 68
(52,9) (51,9) 55
(52,9) (53,9) 103
(53,9) (52,9) 88
(53,9) (54,9) 86
(54,9) (53,9) 150
(54,9) (55,9) 149
(55,9) (54,9) 87
(55,9) (56,9) 94
(56,9) (55,9) 73
(56,9) (57,9) 154
(57,9) (56,9) 131
(57,9) (58,9) 81
(58,9) (57,9) 63
(58,9) (59,9) 72
(59,9) (58,9) 131
(59,9) (60,9) 87
(60,9) (59,9) 95
(60,9) (61,9) 144
(61,9) (60,9) 84
(61,9) (62,9) 74
(62,9) (61,9) 110
(62,9) (63,9) 76
(63,9) (62,9) 69
(63,9) (64,9) 112
(64,9) (63,9) 100
(64,9) (65,9) 68
(65,9) (64,9) 105
(65,9) (66,9) 146
(66,9) (65,9) 58
(66,9) (67,9) 119
(67,9) (66,9) 118
(67,9) (68,9) 83
(68,9) (67,9) 70
(68,9) (69,9) 89
(69,9) (68,9) 122
(69,9) (70,9) 129
(70,9) (69,9) 134
(70,9) (71,9) 127
(71,9) (70,9) 121
(71,9) (72,9) 130
(72,9) (71,9) 144
(72,9) (73,9) 147
(73,9) (72,9) 149
(73,9) (74,9) 86
(74,9) (73,9) 59
(74,9) (75,9) 131
(75,9) (74,9) 58
(75,9) (76,9) 117
(76,9) (75,9) 116
(76,9) (77,9) 117
(77,9) (76,9) 150
(77,9) (78,9) 57
(78,9) (77,9) 132
(78,9) (79,9) 117
(79,9) (78,9) 73
(79,9) (80,9) 147
(80,9) (79,9) 81
(80,9) (81,9) 75
(81,9) (80,9) 123
(81,9) (82,9) 71
(82,9) (81,9) 125
(82,9) (83,9) 63
(83,9) (82,9) 143
(83,9) (84,9) 65
(84,9) (83,9) 118
(84,9) (85,9) 79
(85,9) (84,9) 72
(85,9) (86,9) 138
(86,9) (85,9) 116
(86,9) (87,9) 121
(87,9) (86,9) 96
(87,9) (88,9) 124
(88,9) (87,9) 77
(88,9) (89,9) 58
(89,9) (88,9) 116
(89,9) (90,9) 139
(90,9) (89,9) 74
(90,9) (91,9) 58
(91,9) (90,9) 78
(91,9) (92,9) 138
(92,9) (91,9) 84
(92,9) (93,9) 85
(93,9) (92,9) 114
(93,9) (94,9) 66
(94,9) (93,9) 146
(94,9) (95,9) 103
(95,9) (94,9) 60
(95,9) (96,9) 97
(96,9) (95,9) 127
(96,9) (97,9) 102
(97,9) (96,9) 76
(97,9) (98,9) 150
(98,9) (97,9) 64
(98,9) (99,9) 82
(99,9) (98,9) 104
(99,9) (100,9) 88
(100,9) (99,9) 147
(1,10) (2,10) 74
(2,10) (1,10) 91
(2,10) (3,10) 118
(3,10) (2,10) 103
(3,10) (4,10) 92
(4,10) (3,10) 87
(4,10) (5,10) 112
(5,10) (4,10) 140
(5,10) (6,10) 121
(6,10) (5,10) 121
(6,10) (7,10) 68
(7,10) (6,10) 111
(7,10) (8,10) 129
(8,10) (7,10) 149
(8,10) (9,10) 152
(9,10) (8,10) 75
(9,10) (10,10) 135
(10,10) (9,10) 113
(10,10) (11,10) 75
(11,10) (10,10) 83
(11,10) (12,10) 118
(12,10) (11,10) 146
(12,10) (13,10) 94
(13,10) (12,10) 100
(13,10) (14,10) 127
(14,10) (13,10) 85
(14,10) (15,10) 74
(15,10) (14,10) 64
(15,10) (16,10) 110
(16,10) (15,10) 105
(16,10) (17,10) 63
(17,10) (16,10) 89
(17,10) (18,10) 140
(18,10) (17,10) 114
(18,10) (19,10) 65
(19,10) (18,10) 68
(19,10) (20,10) 143
(20,10) (19,10) 104
(20,10) (21,10) 76
(21,10) (20,10) 100
(21,10) (22,10) 78
(22,10) (21,10) 58
(22,10) (23,10) 85
(23,10) (22,10) 151
(23,10) (24,10) 56
(24,10) (23,10) 89
(24,10) (25,10) 137
(25,10) (24,10) 145
(25,10) (26,10) 84
(26,10) (25,10) 65
(26,10) (27,10) 148
(27,10) (26,10) 116
(27,10) (28,10) 90
(28,10) (27,10) 110
(28,10) (29,10) 87
(29,10) (28,10) 89
(29,10) (30,10) 69
(30,10) (29,10) 101
(30,10) (31,10) 84
(31,10) (30,10) 56
(31,10) (32,10) 124
(32,10) (31,10) 110
(32,10) (33,10) 91
(33,10) (32,10) 72
(33,10) (34,10) 84
(34,10) (33,10) 66
(34,10) (35,10) 115
(35,10) (34,10) 90
(35,10) (36,10) 125
(36,10) (35,10) 69
(36,10) (37,10) 57
(37,10) (36,10) 111
(37,10) (38,10) 85
(38,10) (37,10) 97
(38,10) (39,10) 65
(39,10) (38,10) 133
(39,10) (40,10) 98
(40,10) (39,10) 107
(40,10) (41,10) 60
(41,10) (40,10) 146
(41,10) (42,10) 59
(42,10) (41,10) 148
(42,10) (43,10) 111
(43,10) (42,10) 85
(43,10) (44,10) 59
(44,10) (43,10) 125
(44,10) (45,10) 110
(45,10) (44,10) 147
(45,10) (46,10) 94
(46,10) (45,10) 140
(46,10) (47,10) 147
(47,10) (46,10) 69
(47,10) (48,10) 152
(48,10) (47,10) 118
(48,10) (49,10) 94
(49,10) (48,10) 92
(49,10) (50,10) 99
(50,10) (49,10) 113
(50,10) (51,10) 123
(51,10) (50,10) 70
(51,10) (52,10) 118
(52,10) (51,10) 71
(52,10) (53,10) 64
(53,10) (52,10) 136
(53,10) (54,10) 81
(54,10) (53,10) 86
(54,10) (55,10) 145
(55,10) (54,10) 74
(55,10) (56,10) 81
(56,10) (55,10) 147
(56,10) (57,10) 137
(57,10) (56,10) 142
(57,10) (58,10) 84
(58,10) (57,10) 130
(58,10) (59,10) 117
(59,10) (58,10) 105
(59,10) (60,10) 152
(60,10) (59,10) 107
(60,10) (61,10) 141
(61,10) (60,10) 72
(61,10) (62,10) 102
(62,10) (61,10) 107
(62,10) (63,10) 61
(63,10) (62,10) 59
(63,10) (64,10) 130
(64,10) (63,10) 146
(64,10) (65,10) 138
(65,10) (64,10) 89
(65,10) (66,10) 92
(66,10) (65,10) 65
(66,10) (67,10) 101
(67,10) (66,10) 147
(67,10) (68,10) 77
(68,10) (67,10) 142
(68,10) (69,10) 147
(69,10) (68,10) 59
(69,10) (70,10) 154
(70,10) (69,10) 103
(70,10) (71,10) 109
(71,10) (70,10) 129
(71,10) (72,10) 143
(72,10) (71,10) 112
(72,10) (73,10) 128
(73,10) (72,10) 69
(73,10) (74,10) 132
(74,10) (73,10) 137
(74,10) (75,10) 153
(75,10) (74,10) 100
(75,10) (76,10) 75
(76,10) (75,10) 95
(76,10) (77,10) 83
(77,10) (76,10) 142
(77,10) (78,10) 81
(78,10) (77,10) 100
(78,10) (79,10) 115
(79,10) (78,10) 73
(79,10) (80,10) 138
(80,10) (79,10) 142
(80,10) (81,10) 85
(81,10) (80,10) 143
(81,10) (82,10) 76
(82,10) (81,10) 105
(82,10) (83,10) 67
(83,10) (82,10) 86
(83,10) (84,10) 92
(84,10) (83,10) 105
(84,10) (85,10) 64
(85,10) (84,10) 96
(85,10) (86,10) 73
(86,10) (85,10) 70
(86,10) (87,10) 152
(87,10) (86,10) 151
(87,10) (88,10) 145
(88,10) (87,10) 116
(88,10) (89,10) 133
(89,10) (88,10) 99
(89,10) (90,10) 82
(90,10) (89,10) 59
(90,10) (91,10) 73
(91,10) (90,10) 147
(91,10) (92,10) 74
(92,10) (91,10) 87
(92,10) (93,10) 107
(93,10) (92,10) 107
(93,10) (94,10) 120
(94,10) (93,10) 65
(94,10) (95,10) 124
(95,10) (94,10) 84
(95,10) (96,10) 152
(96,10) (95,10) 82
(96,10) (97,10) 81
(97,10) (96,10) 58
(97,10) (98,10) 141
(98,10) (97,10) 66
(98,10) (99,10) 111
(99,10) (98,10) 66
(99,10) (100,10) 149
(100,10) (99,10) 69
(1,10) t 126
(2,10) t 71
(3,10) t 105
(4,10) t 98
(5,10) t 135
(6,10) t 131
(7,10) t 120
(8,10) t 93
(9,10) t 105
(10,10) t 80
(11,10) t 91
(12,10) t 119
(13,10) t 130
(14,10) t 114
(15,10) t 83
(16,10) t 121
(17,10) t 64
(18,10) t 125
(19,10) t 94
(20,10) t 106
(21,10) t 126
(22,10) t 75
(23,10) t 107
(24,10) t 113
(25,10) t 77
(26,10) t 74
(27,10) t 146
(28,10) t 55
(29,10) t 142
(30,10) t 88
(31,10) t 125
(32,10) t 82
(33,10) t 130
(34,10) t 65
(35,10) t 59
(36,10) t 128
(37,10) t 145
(38,10) t 86
(39,10) t 102
(40,10) t 116
(41,10) t 154
(42,10) t 149
(43,10) t 74
(44,10) t 74
(45,10) t 88
(46,10) t 152
(47,10) t 140
(48,10) t 118
(49,10) t 115
(50,10) t 151
(51,10) t 112
(52,10) t 153
(53,10) t 66
(54,10) t 70
(55,10) t 117
(56,10) t 133
(57,10) t 74
(58,10) t 76
(59,10) t 128
(60,10) t 96
(61,10) t 123
(62,10) t 135
(63,10) t 133
(64,10) t 112
(65,10) t 146
(66,10) t 68
(67,10) t 62
(68,10) t 87
(69,10) t 119
(70,10) t 100
(71,10) t 76
(72,10) t 104
(73,10) t 82
(74,10) t 60
(75,10) t 99
(76,10) t 150
(77,10) t 110
(78,10) t 74
(79,10) t 134
(80,10) t 82
(81,10) t 145
(82,10) t 140
(83,10) t 133
(84,10) t 64
(85,10) t 63
(86,10) t 94
(87,10) t 133
(88,10) t 92
(89,10) t 126
(90,10) t 154
(91,10) t 146
(92,10) t 105
(93,10) t 151
(94,10) t 112
(95,10) t 127
(96,10) t 123
(97,10) t 135
(98,10) t 105
(99,10) t 154
(100,10) t 115
