s (1,1) 79
s (2,1) 104
s (3,1) 146
s (4,1) 81
s (5,1) 140
s (6,1) 65
s (7,1) 156
s (8,1) 147
s (9,1) 118
s (10,1) 85
(1,1) (1,2) 132
(2,1) (2,2) 111
(3,1) (3,2) 108
(4,1) (4,2) 147
(5,1) (5,2) 144
(6,1) (6,2) 105
(7,1) (7,2) 126
(8,1) (8,2) 80
(9,1) (9,2) 93
(10,1) (10,2) 99
(1,2) (1,3) 141
(2,2) (2,3) 95
(3,2) (3,3) 132
(4,2) (4,3) 164
(5,2) (5,3) 92
(6,2) (6,3) 98
(7,2) (7,3) 157
(8,2) (8,3) 140
(9,2) (9,3) 102
(10,2) (10,3) 154
(1,3) (1,4) 139
(2,3) (2,4) 94
(3,3) (3,4) 87
(4,3) (4,4) 78
(5,3) (5,4) 89
(6,3) (6,4) 85
(7,3) (7,4) 153
(8,3) (8,4) 107
(9,3) (9,4) 163
(10,3) (10,4) 89
(1,4) (1,5) 66
(2,4) (2,5) 96
(3,4) (3,5) 148
(4,4) (4,5) 66
(5,4) (5,5) 105
(6,4) (6,5) 97
(7,4) (7,5) 66
(8,4) (8,5) 74
(9,4) (9,5) 123
(10,4) (10,5) 134
(1,5) (1,6) 67
(2,5) (2,6) 107
(3,5) (3,6) 121
(4,5) (4,6) 90
(5,5) (5,6) 97
(6,5) (6,6) 112
(7,5) (7,6) 144
(8,5) (8,6) 115
(9,5) (9,6) 66
(10,5) (10,6) 136
(1,6) (1,7) 112
(2,6) (2,7) 157
(3,6) (3,7) 119
(4,6) (4,7) 111
(5,6) (5,7) 161
(6,6) (6,7) 78
(7,6) (7,7) 83
(8,6) (8,7) 86
(9,6) (9,7) 80
(10,6) (10,7) 128
(1,7) (1,8) 99
(2,7) (2,8) 113
(3,7) (3,8) 107
(4,7) (4,8) 131
(5,7) (5,8) 116
(6,7) (6,8) 100
(7,7) (7,8) 93
(8,7) (8,8) 139
(9,7) (9,8) 69
(10,7) (10,8) 126
(1,8) (1,9) 157
(2,8) (2,9) 125
(3,8) (3,9) 87
(4,8) (4,9) 126
(5,8) (5,9) 157
(6,8) (6,9) 142
(7,8) (7,9) 147
(8,8) (8,9) 65
(9,8) (9,9) 106
(10,8) (10,9) 128
(1,9) (1,10) 103
(2,9) (2,10) 66
(3,9) (3,10) 99
(4,9) (4,10) 106
(5,9) (5,10) 153
(6,9) (6,10) 88
(7,9) (7,10) 124
(8,9) (8,10) 161
(9,9) (9,10) 157
(10,9) (10,10) 93
(1,10) (1,11) 66
(2,10) (2,11) 144
(3,10) (3,11) 142
(4,10) (4,11) 88
(5,10) (5,11) 132
(6,10) (6,11) 137
(7,10) (7,11) 65
(8,10) (8,11) 117
(9,10) (9,11) 145
(10,10) (10,11) 148
(1,11) (1,12) 111
(2,11) (2,12) 145
(3,11) (3,12) 141
(4,11) (4,12) 153
(5,11) (5,12) 68
(6,11) (6,12) 78
(7,11) (7,12) 133
(8,11) (8,12) 163
(9,11) (9,12) 84
(10,11) (10,12) 70
(1,12) (1,13) 144
(2,12) (2,13) 108
(3,12) (3,13) 118
(4,12) (4,13) 111
(5,12) (5,13) 136
(6,12) (6,13) 149
(7,12) (7,13) 108
(8,12) (8,13) 159
(9,12) (9,13) 134
(10,12) (10,13) 82
(1,13) (1,14) 131
(2,13) (2,14) 141
(3,13) (3,14) 154
(4,13) (4,14) 88
(5,13) (5,14) 144
(6,13) (6,14) 88
(7,13) (7,14) 99
(8,13) (8,14) 106
(9,13) (9,14) 87
(10,13) (10,14) 137
(1,14) (1,15) 143
(2,14) (2,15) 138
(3,14) (3,15) 100
(4,14) (4,15) 116
(5,14) (5,15) 86
(6,14) (6,15) 65
(7,14) (7,15) 104
(8,14) (8,15) 85
(9,14) (9,15) 138
(10,14) (10,15) 82
(1,15) (1,16) 139
(2,15) (2,16) 71
(3,15) (3,16) 88
(4,15) (4,16) 101
(5,15) (5,16) 144
(6,15) (6,16) 66
(7,15) (7,16) 137
(8,15) (8,16) 150
(9,15) (9,16) 88
(10,15) (10,16) 91
(1,16) (1,17) 72
(2,16) (2,17) 154
(3,16) (3,17) 105
(4,16) (4,17) 144
(5,16) (5,17) 104
(6,16) (6,17) 142
(7,16) (7,17) 139
(8,16) (8,17) 143
(9,16) (9,17) 117
(10,16) (10,17) 144
(1,17) (1,18) 158
(2,17) (2,18) 151
(3,17) (3,18) 137
(4,17) (4,18) 119
(5,17) (5,18) 120
(6,17) (6,18) 127
(7,17) (7,18) 121
(8,17) (8,18) 150
(9,17) (9,18) 137
(10,17) (10,18) 132
(1,18) (1,19) 70
(2,18) (2,19) 137
(3,18) (3,19) 117
(4,18) (4,19) 117
(5,18) (5,19) 74
(6,18) (6,19) 79
(7,18) (7,19) 69
(8,18) (8,19) 110
(9,18) (9,19) 140
(10,18) (10,19) 66
(1,19) (1,20) 122
(2,19) (2,20) 80
(3,19) (3,20) 65
(4,19) (4,20) 85
(5,19) (5,20) 123
(6,19) (6,20) 104
(7,19) (7,20) 92
(8,19) (8,20) 71
(9,19) (9,20) 158
(10,19) (10,20) 128
(1,20) (1,21) 77
(2,20) (2,21) 72
(3,20) (3,21) 134
(4,20) (4,21) 93
(5,20) (5,21) 97
(6,20) (6,21) 81
(7,20) (7,21) 80
(8,20) (8,21) 116
(9,20) (9,21) 158
(10,20) (10,21) 151
(1,21) (1,22) 105
(2,21) (2,22) 106
(3,21) (3,22) 115
(4,21) (4,22) 97
(5,21) (5,22) 152
(6,21) (6,22) 119
(7,21) (7,22) 68
(8,21) (8,22) 131
(9,21) (9,22) 125
(10,21) (10,22) 78
(1,22) (1,23) 136
(2,22) (2,23) 99
(3,22) (3,23) 105
(4,22) (4,23) 83
(5,22) (5,23) 86
(6,22) (6,23) 66
(7,22) (7,23) 109
(8,22) (8,23) 130
(9,22) (9,23) 118
(10,22) (10,23) 163
(1,23) (1,24) 146
(2,23) (2,24) 132
(3,23) (3,24) 105
(4,23) (4,24) 137
(5,23) (5,24) 119
(6,23) (6,24) 97
(7,23) (7,24) 81
(8,23) (8,24) 99
(9,23) (9,24) 84
(10,23) (10,24) 145
(1,24) (1,25) 145
(2,24) (2,25) 65
(3,24) (3,25) 82
(4,24) (4,25) 125
(5,24) (5,25) 112
(6,24) (6,25) 75
(7,24) (7,25) 87
(8,24) (8,25) 153
(9,24) (9,25) 156
(10,24) (10,25) 125
(1,25) (1,26) 140
(2,25) (2,26) 127
(3,25) (3,26) 77
(4,25) (4,26) 114
(5,25) (5,26) 118
(6,25) (6,26) 147
(7,25) (7,26) 127
(8,25) (8,26) 85
(9,25) (9,26) 110
(10,25) (10,26) 94
(1,26) (1,27) 142
(2,26) (2,27) 87
(3,26) (3,27) 145
(4,26) (4,27) 150
(5,26) (5,27) 114
(6,26) (6,27) 68
(7,26) (7,27) 125
(8,26) (8,27) 136
(9,26) (9,27) 92
(10,26) (10,27) 77
(1,27) (1,28) 110
(2,27) (2,28) 101
(3,27) (3,28) 109
(4,27) (4,28) 107
(5,27) (5,28) 85
(6,27) (6,28) 91
(7,27) (7,28) 97
(8,27) (8,28) 153
(9,27) (9,28) 127
(10,27) (10,28) 135
(1,28) (1,29) 70
(2,28) (2,29) 76
(3,28) (3,29) 153
(4,28) (4,29) 81
(5,28) (5,29) 87
(6,28) (6,29) 67
(7,28) (7,29) 116
(8,28) (8,29) 148
(9,28) (9,29) 112
(10,28) (10,29) 115
(1,29) (1,30) 132
(2,29) (2,30) 100
(3,29) (3,30) 141
(4,29) (4,30) 81
(5,29) (5,30) 91
(6,29) (6,30) 106
(7,29) (7,30) 139
(8,29) (8,30) 80
(9,29) (9,30) 136
(10,29) (10,30) 141
(1,30) (1,31) 95
(2,30) (2,31) 110
(3,30) (3,31) 109
(4,30) (4,31) 148
(5,30) (5,31) 102
(6,30) (6,31) 78
(7,30) (7,31) 86
(8,30) (8,31) 65
(9,30) (9,31) 94
(10,30) (10,31) 116
(1,31) (1,32) 115
(2,31) (2,32) 162
(3,31) (3,32) 128
(4,31) (4,32) 136
(5,31) (5,32) 146
(6,31) (6,32) 143
(7,31) (7,32) 102
(8,31) (8,32) 147
(9,31) (9,32) 151
(10,31) (10,32) 106
(1,32) (1,33) 140
(2,32) (2,33) 108
(3,32) (3,33) 125
(4,32) (4,33) 87
(5,32) (5,33) 130
(6,32) (6,33) 107
(7,32) (7,33) 111
(8,32) (8,33) 164
(9,32) (9,33) 154
(10,32) (10,33) 78
(1,33) (1,34) 163
(2,33) (2,34) 94
(3,33) (3,34) 80
(4,33) (4,34) 80
(5,33) (5,34) 130
(6,33) (6,34) 155
(7,33) (7,34) 142
(8,33) (8,34) 145
(9,33) (9,34) 69
(10,33) (10,34) 87
(1,34) (1,35) 71
(2,34) (2,35) 153
(3,34) (3,35) 80
(4,34) (4,35) 73
(5,34) (5,35) 148
(6,34) (6,35) 82
(7,34) (7,35) 74
(8,34) (8,35) 138
(9,34) (9,35) 111
(10,34) (10,35) 80
(1,35) (1,36) 136
(2,35) (2,36) 70
(3,35) (3,36) 159
(4,35) (4,36) 107
(5,35) (5,36) 139
(6,35) (6,36) 152
(7,35) (7,36) 120
(8,35) (8,36) 71
(9,35) (9,36) 145
(10,35) (10,36) 93
(1,36) (1,37) 84
(2,36) (2,37) 113
(3,36) (3,37) 80
(4,36) (4,37) 77
(5,36) (5,37) 140
(6,36) (6,37) 110
(7,36) (7,37) 87
(8,36) (8,37) 100
(9,36) (9,37) 127
(10,36) (10,37) 153
(1,37) (1,38) 118
(2,37) (2,38) 164
(3,37) (3,38) 100
(4,37) (4,38) 142
(5,37) (5,38) 65
(6,37) (6,38) 160
(7,37) (7,38) 98
(8,37) (8,38) 66
(9,37) (9,38) 88
(10,37) (10,38) 99
(1,38) (1,39) 116
(2,38) (2,39) 163
(3,38) (3,39) 106
(4,38) (4,39) 131
(5,38) (5,39) 115
(6,38) (6,39) 88
(7,38) (7,39) 116
(8,38) (8,39) 155
(9,38) (9,39) 81
(10,38) (10,39) 71
(1,39) (1,40) 162
(2,39) (2,40) 92
(3,39) (3,40) 152
(4,39) (4,40) 123
(5,39) (5,40) 153
(6,39) (6,40) 115
(7,39) (7,40) 140
(8,39) (8,40) 128
(9,39) (9,40) 72
(10,39) (10,40) 134
(1,40) (1,41) 114
(2,40) (2,41) 129
(3,40) (3,41) 92
(4,40) (4,41) 86
(5,40) (5,41) 78
(6,40) (6,41) 73
(7,40) (7,41) 162
(8,40) (8,41) 124
(9,40) (9,41) 107
(10,40) (10,41) 95
(1,41) (1,42) 137
(2,41) (2,42) 95
(3,41) (3,42) 163
(4,41) (4,42) 85
(5,41) (5,42) 102
(6,41) (6,42) 89
(7,41) (7,42) 130
(8,41) (8,42) 153
(9,41) (9,42) 133
(10,41) (10,42) 84
(1,42) (1,43) 137
(2,42) (2,43) 109
(3,42) (3,43) 101
(4,42) (4,43) 105
(5,42) (5,43) 104
(6,42) (6,43) 144
(7,42) (7,43) 99
(8,42) (8,43) 92
(9,42) (9,43) 87
(10,42) (10,43) 70
(1,43) (1,44) 116
(2,43) (2,44) 94
(3,43) (3,44) 86
(4,43) (4,44) 94
(5,43) (5,44) 117
(6,43) (6,44) 79
(7,43) (7,44) 160
(8,43) (8,44) 152
(9,43) (9,44) 144
(10,43) (10,44) 108
(1,44) (1,45) 107
(2,44) (2,45) 94
(3,44) (3,45) 66
(4,44) (4,45) 121
(5,44) (5,45) 87
(6,44) (6,45) 88
(7,44) (7,45) 139
(8,44) (8,45) 77
(9,44) (9,45) 77
(10,44) (10,45) 147
(1,45) (1,46) 86
(2,45) (2,46) 74
(3,45) (3,46) 70
(4,45) (4,46) 87
(5,45) (5,46) 106
(6,45) (6,46) 113
(7,45) (7,46) 85
(8,45) (8,46) 101
(9,45) (9,46) 115
(10,45) (10,46) 159
(1,46) (1,47) 69
(2,46) (2,47) 92
(3,46) (3,47) 71
(4,46) (4,47) 134
(5,46) (5,47) 100
(6,46) (6,47) 80
(7,46) (7,47) 76
(8,46) (8,47) 96
(9,46) (9,47) 86
(10,46) (10,47) 141
(1,47) (1,48) 86
(2,47) (2,48) 132
(3,47) (3,48) 154
(4,47) (4,48) 146
(5,47) (5,48) 97
(6,47) (6,48) 100
(7,47) (7,48) 112
(8,47) (8,48) 126
(9,47) (9,48) 93
(10,47) (10,48) 162
(1,48) (1,49) 111
(2,48) (2,49) 109
(3,48) (3,49) 107
(4,48) (4,49) 159
(5,48) (5,49) 65
(6,48) (6,49) 95
(7,48) (7,49) 94
(8,48) (8,49) 102
(9,48) (9,49) 90
(10,48) (10,49) 154
(1,49) (1,50) 127
(2,49) (2,50) 106
(3,49) (3,50) 70
(4,49) (4,50) 86
(5,49) (5,50) 105
(6,49) (6,50) 117
(7,49) (7,50) 144
(8,49) (8,50) 106
(9,49) (9,50) 120
(10,49) (10,50) 92
(1,50) (1,51) 148
(2,50) (2,51) 66
(3,50) (3,51) 145
(4,50) (4,51) 124
(5,50) (5,51) 107
(6,50) (6,51) 152
(7,50) (7,51) 147
(8,50) (8,51) 67
(9,50) (9,51) 78
(10,50) (10,51) 149
(1,51) (1,52) 133
(2,51) (2,52) 116
(3,51) (3,52) 113
(4,51) (4,52) 96
(5,51) (5,52) 100
(6,51) (6,52) 97
(7,51) (7,52) 159
(8,51) (8,52) 159
(9,51) (9,52) 113
(10,51) (10,52) 155
(1,52) (1,53) 112
(2,52) (2,53) 150
(3,52) (3,53) 132
(4,52) (4,53) 91
(5,52) (5,53) 122
(6,52) (6,53) 136
(7,52) (7,53) 79
(8,52) (8,53) 159
(9,52) (9,53) 81
(10,52) (10,53) 100
(1,53) (1,54) 79
(2,53) (2,54) 101
(3,53) (3,54) 130
(4,53) (4,54) 89
(5,53) (5,54) 88
(6,53) (6,54) 73
(7,53) (7,54) 155
(8,53) (8,54) 127
(9,53) (9,54) 104
(10,53) (10,54) 107
(1,54) (1,55) 78
(2,54) (2,55) 91
(3,54) (3,55) 118
(4,54) (4,55) 107
(5,54) (5,55) 71
(6,54) (6,55) 83
(7,54) (7,55) 153
(8,54) (8,55) 125
(9,54) (9,55) 67
(10,54) (10,55) 70
(1,55) (1,56) 113
(2,55) (2,56) 85
(3,55) (3,56) 119
(4,55) (4,56) 109
(5,55) (5,56) 146
(6,55) (6,56) 71
(7,55) (7,56) 74
(8,55) (8,56) 142
(9,55) (9,56) 65
(10,55) (10,56) 93
(1,56) (1,57) 128
(2,56) (2,57) 88
(3,56) (3,57) 123
(4,56) (4,57) 81
(5,56) (5,57) 128
(6,56) (6,57) 125
(7,56) (7,57) 107
(8,56) (8,57) 142
(9,56) (9,57) 98
(10,56) (10,57) 132
(1,57) (1,58) 104
(2,57) (2,58) 80
(3,57) (3,58) 102
(4,57) (4,58) 126
(5,57) (5,58) 77
(6,57) (6,58) 68
(7,57) (7,58) 88
(8,57) (8,58) 132
(9,57) (9,58) 150
(10,57) (10,58) 82
(1,58) (1,59) 129
(2,58) (2,59) 119
(3,58) (3,59) 144
(4,58) (4,59) 78
(5,58) (5,59) 66
(6,58) (6,59) 124
(7,58) (7,59) 145
(8,58) (8,59) 142
(9,58) (9,59) 89
(10,58) (10,59) 136
(1,59) (1,60) 110
(2,59) (2,60) 125
(3,59) (3,60) 97
(4,59) (4,60) 115
(5,59) (5,60) 93
(6,59) (6,60) 157
(7,59) (7,60) 123
(8,59) (8,60) 70
(9,59) (9,60) 91
(10,59) (10,60) 103
(1,60) (1,61) 163
(2,60) (2,61) 150
(3,60) (3,61) 139
(4,60) (4,61) 93
(5,60) (5,61) 124
(6,60) (6,61) 148
(7,60) (7,61) 69
(8,60) (8,61) 138
(9,60) (9,61) 89
(10,60) (10,61) 99
(1,61) (1,62) 79
(2,61) (2,62) 162
(3,61) (3,62) 129
(4,61) (4,62) 120
(5,61) (5,62) 94
(6,61) (6,62) 84
(7,61) (7,62) 110
(8,61) (8,62) 147
(9,61) (9,62) 120
(10,61) (10,62) 139
(1,62) (1,63) 122
(2,62) (2,63) 98
(3,62) (3,63) 134
(4,62) (4,63) 77
(5,62) (5,63) 159
(6,62) (6,63) 159
(7,62) (7,63) 85
(8,62) (8,63) 109
(9,62) (9,63) 70
(10,62) (10,63) 155
(1,63) (1,64) 143
(2,63) (2,64) 137
(3,63) (3,64) 139
(4,63) (4,64) 82
(5,63) (5,64) 108
(6,63) (6,64) 112
(7,63) (7,64) 163
(8,63) (8,64) 99
(9,63) (9,64) 83
(10,63) (10,64) 109
(1,64) (1,65) 118
(2,64) (2,65) 69
(3,64) (3,65) 83
(4,64) (4,65) 91
(5,64) (5,65) 87
(6,64) (6,65) 128
(7,64) (7,65) 146
(8,64) (8,65) 74
(9,64) (9,65) 87
(10,64) (10,65) 77
(1,65) (1,66) 117
(2,65) (2,66) 131
(3,65) (3,66) 87
(4,65) (4,66) 76
(5,65) (5,66) 130
(6,65) (6,66) 157
(7,65) (7,66) 115
(8,65) (8,66) 112
(9,65) (9,66) 135
(10,65) (10,66) 80
(1,66) (1,67) 124
(2,66) (2,67) 126
(3,66) (3,67) 148
(4,66) (4,67) 103
(5,66) (5,67) 93
(6,66) (6,67) 108
(7,66) (7,67) 117
(8,66) (8,67) 79
(9,66) (9,67) 139
(10,66) (10,67) 77
(1,67) (1,68) 137
(2,67) (2,68) 78
(3,67) (3,68) 70
(4,67) (4,68) 125
(5,67) (5,68) 160
(6,67) (6,68) 130
(7,67) (7,68) 72
(8,67) (8,68) 67
(9,67) (9,68) 100
(10,67) (10,68) 73
(1,68) (1,69) 100
(2,68) (2,69) 155
(3,68) (3,69) 90
(4,68) (4,69) 90
(5,68) (5,69) 127
(6,68) (6,69) 118
(7,68) (7,69) 149
(8,68) (8,69) 164
(9,68) (9,69) 153
(10,68) (10,69) 85
(1,69) (1,70) 67
(2,69) (2,70) 88
(3,69) (3,70) 111
(4,69) (4,70) 162
(5,69) (5,70) 125
(6,69) (6,70) 105
(7,69) (7,70) 102
(8,69) (8,70) 87
(9,69) (9,70) 88
(10,69) (10,70) 99
(1,70) (1,71) 140
(2,70) (2,71) 137
(3,70) (3,71) 146
(4,70) (4,71) 75
(5,70) (5,71) 98
(6,70) (6,71) 120
(7,70) (7,71) 148
(8,70) (8,71) 147
(9,70) (9,71) 74
(10,70) (10,71) 80
(1,71) (1,72) 145
(2,71) (2,72) 135
(3,71) (3,72) 78
(4,71) (4,72) 152
(5,71) (5,72) 105
(6,71) (6,72) 148
(7,71) (7,72) 131
(8,71) (8,72) 136
(9,71) (9,72) 71
(10,71) (10,72) 98
(1,72) (1,73) 100
(2,72) (2,73) 115
(3,72) (3,73) 149
(4,72) (4,73) 67
(5,72) (5,73) 115
(6,72) (6,73) 131
(7,72) (7,73) 107
(8,72) (8,73) 107
(9,72) (9,73) 74
(10,72) (10,73) 151
(1,73) (1,74) 147
(2,73) (2,74) 111
(3,73) (3,74) 142
(4,73) (4,74) 82
(5,73) (5,74) 127
(6,73) (6,74) 118
(7,73) (7,74) 154
(8,73) (8,74) 154
(9,73) (9,74) 68
(10,73) (10,74) 129
(1,74) (1,75) 75
(2,74) (2,75) 145
(3,74) (3,75) 104
(4,74) (4,75) 135
(5,74) (5,75) 85
(6,74) (6,75) 93
(7,74) (7,75) 80
(8,74) (8,75) 73
(9,74) (9,75) 65
(10,74) (10,75) 91
(1,75) (1,76) 89
(2,75) (2,76) 163
(3,75) (3,76) 121
(4,75) (4,76) 129
(5,75) (5,76) 109
(6,75) (6,76) 94
(7,75) (7,76) 162
(8,75) (8,76) 164
(9,75) (9,76) 128
(10,75) (10,76) 126
(1,76) (1,77) 113
(2,76) (2,77) 85
(3,76) (3,77) 108
(4,76) (4,77) 105
(5,76) (5,77) 154
(6,76) (6,77) 158
(7,76) (7,77) 135
(8,76) (8,77) 91
(9,76) (9,77) 157
(10,76) (10,77) 98
(1,77) (1,78) 96
(2,77) (2,78) 149
(3,77) (3,78) 106
(4,77) (4,78) 125
(5,77) (5,78) 70
(6,77) (6,78) 85
(7,77) (7,78) 88
(8,77) (8,78) 105
(9,77) (9,78) 101
(10,77) (10,78) 148
(1,78) (1,79) 147
(2,78) (2,79) 161
(3,78) (3,79) 154
(4,78) (4,79) 103
(5,78) (5,79) 104
(6,78) (6,79) 152
(7,78) (7,79) 138
(8,78) (8,79) 160
(9,78) (9,79) 89
(10,78) (10,79) 139
(1,79) (1,80) 103
(2,79) (2,80) 77
(3,79) (3,80) 154
(4,79) (4,80) 125
(5,79) (5,80) 128
(6,79) (6,80) 127
(7,79) (7,80) 78
(8,79) (8,80) 96
(9,79) (9,80) 111
(10,79) (10,80) 69
(1,80) (1,81) 96
(2,80) (2,81) 120
(3,80) (3,81) 100
(4,80) (4,81) 79
(5,80) (5,81) 107
(6,80) (6,81) 120
(7,80) (7,81) 82
(8,80) (8,81) 98
(9,80) (9,81) 160
(10,80) (10,81) 141
(1,81) (1,82) 162
(2,81) (2,82) 154
(3,81) (3,82) 139
(4,81) (4,82) 83
(5,81) (5,82) 139
(6,81) (6,82) 131
(7,81) (7,82) 92
(8,81) (8,82) 87
(9,81) (9,82) 138
(10,81) (10,82) 135
(1,82) (1,83) 81
(2,82) (2,83) 107
(3,82) (3,83) 153
(4,82) (4,83) 152
(5,82) (5,83) 126
(6,82) (6,83) 74
(7,82) (7,83) 91
(8,82) (8,83) 134
(9,82) (9,83) 128
(10,82) (10,83) 96
(1,83) (1,84) 129
(2,83) (2,84) 111
(3,83) (3,84) 114
(4,83) (4,84) 157
(5,83) (5,84) 148
(6,83) (6,84) 159
(7,83) (7,84) 138
(8,83) (8,84) 106
(9,83) (9,84) 72
(10,83) (10,84) 105
(1,84) (1,85) 121
(2,84) (2,85) 68
(3,84) (3,85) 80
(4,84) (4,85) 115
(5,84) (5,85) 107
(6,84) (6,85) 78
(7,84) (7,85) 123
(8,84) (8,85) 122
(9,84) (9,85) 114
(10,84) (10,85) 87
(1,85) (1,86) 83
(2,85) (2,86) 141
(3,85) (3,86) 65
(4,85) (4,86) 96
(5,85) (5,86) 140
(6,85) (6,86) 144
(7,85) (7,86) 124
(8,85) (8,86) 120
(9,85) (9,86) 65
(10,85) (10,86) 98
(1,86) (1,87) 71
(2,86) (2,87) 109
(3,86) (3,87) 164
(4,86) (4,87) 128
(5,86) (5,87) 113
(6,86) (6,87) 105
(7,86) (7,87) 84
(8,86) (8,87) 161
(9,86) (9,87) 71
(10,86) (10,87) 83
(1,87) (1,88) 121
(2,87) (2,88) 78
(3,87) (3,88) 94
(4,87) (4,88) 143
(5,87) (5,88) 143
(6,87) (6,88) 139
(7,87) (7,88) 86
(8,87) (8,88) 80
(9,87) (9,88) 87
(10,87) (10,88) 69
(1,88) (1,89) 93
(2,88) (2,89) 135
(3,88) (3,89) 130
(4,88) (4,89) 107
(5,88) (5,89) 161
(6,88) (6,89) 70
(7,88) (7,89) 92
(8,88) (8,89) 160
(9,88) (9,89) 137
(10,88) (10,89) 69
(1,89) (1,90) 126
(2,89) (2,90) 91
(3,89) (3,90) 127
(4,89) (4,90) 93
(5,89) (5,90) 85
(6,89) (6,90) 65
(7,89) (7,90) 155
(8,89) (8,90) 83
(9,89) (9,90) 128
(10,89) (10,90) 100
(1,90) (1,91) 147
(2,90) (2,91) 155
(3,90) (3,91) 120
(4,90) (4,91) 101
(5,90) (5,91) 92
(6,90) (6,91) 142
(7,90) (7,91) 67
(8,90) (8,91) 130
(9,90) (9,91) 88
(10,90) (10,91) 134
(1,91) (1,92) 86
(2,91) (2,92) 146
(3,91) (3,92) 75
(4,91) (4,92) 80
(5,91) (5,92) 148
(6,91) (6,92) 121
(7,91) (7,92) 145
(8,91) (8,92) 69
(9,91) (9,92) 108
(10,91) (10,92) 68
(1,92) (1,93) 105
(2,92) (2,93) 90
(3,92) (3,93) 142
(4,92) (4,93) 120
(5,92) (5,93) 136
(6,92) (6,93) 159
(7,92) (7,93) 139
(8,92) (8,93) 112
(9,92) (9,93) 128
(10,92) (10,93) 116
(1,93) (1,94) 136
(2,93) (2,94) 162
(3,93) (3,94) 113
(4,93) (4,94) 110
(5,93) (5,94) 94
(6,93) (6,94) 95
(7,93) (7,94) 91
(8,93) (8,94) 87
(9,93) (9,94) 104
(10,93) (10,94) 143
(1,94) (1,95) 74
(2,94) (2,95) 121
(3,94) (3,95) 120
(4,94) (4,95) 131
(5,94) (5,95) 154
(6,94) (6,95) 82
(7,94) (7,95) 139
(8,94) (8,95) 95
(9,94) (9,95) 125
(10,94) (10,95) 109
(1,95) (1,96) 112
(2,95) (2,96) 156
(3,95) (3,96) 99
(4,95) (4,96) 66
(5,95) (5,96) 121
(6,95) (6,96) 66
(7,95) (7,96) 143
(8,95) (8,96) 127
(9,95) (9,96) 143
(10,95) (10,96) 128
(1,96) (1,97) 113
(2,96) (2,97) 71
(3,96) (3,97) 147
(4,96) (4,97) 157
(5,96) (5,97) 116
(6,96) (6,97) 100
(7,96) (7,97) 98
(8,96) (8,97) 107
(9,96) (9,97) 134
(10,96) (10,97) 81
(1,97) (1,98) 149
(2,97) (2,98) 155
(3,97) (3,98) 162
(4,97) (4,98) 151
(5,97) (5,98) 138
(6,97) (6,98) 139
(7,97) (7,98) 106
(8,97) (8,98) 144
(9,97) (9,98) 84
(10,97) (10,98) 104
(1,98) (1,99) 105
(2,98) (2,99) 126
(3,98) (3,99) 85
(4,98) (4,99) 105
(5,98) (5,99) 137
(6,98) (6,99) 66
(7,98) (7,99) 123
(8,98) (8,99) 141
(9,98) (9,99) 98
(10,98) (10,99) 89
(1,99) (1,100) 84
(2,99) (2,100) 105
(3,99) (3,100) 150
(4,99) (4,100) 129
(5,99) (5,100) 131
(6,99) (6,100) 93
(7,99) (7,100) 138
(8,99) (8,100) 65
(9,99) (9,100) 92
(10,99) (10,100) 133
(1,1) (2,1) 138
(2,1) (1,1) 118
(2,1) (3,1) 104
(3,1) (2,1) 86
(3,1) (4,1) 110
(4,1) (3,1) 106
(4,1) (5,1) 155
(5,1) (4,1) 107
(5,1) (6,1) 148
(6,1) (5,1) 82
(6,1) (7,1) 131
(7,1) (6,1) 129
(7,1) (8,1) 94
(8,1) (7,1) 96
(8,1) (9,1) 66
(9,1) (8,1) 114
(9,1) (10,1) 96
(10,1) (9,1) 73
(1,2) (2,2) 79
(2,2) (1,2) 77
(2,2) (3,2) 159
(3,2) (2,2) 93
(3,2) (4,2) 122
(4,2) (3,2) 84
(4,2) (5,2) 123
(5,2) (4,2) 113
(5,2) (6,2) 118
(6,2) (5,2) 148
(6,2) (7,2) 87
(7,2) (6,2) 141
(7,2) (8,2) 125
(8,2) (7,2) 118
(8,2) (9,2) 162
(9,2) (8,2) 118
(9,2) (10,2) 127
(10,2) (9,2) 83
(1,3) (2,3) 137
(2,3) (1,3) 76
(2,3) (3,3) 75
(3,3) (2,3) 106
(3,3) (4,3) 96
(4,3) (3,3) 113
(4,3) (5,3) 152
(5,3) (4,3) 162
(5,3) (6,3) 79
(6,3) (5,3) 144
(6,3) (7,3) 131
(7,3) (6,3) 79
(7,3) (8,3) 139
(8,3) (7,3) 112
(8,3) (9,3) 143
(9,3) (8,3) 114
(9,3) (10,3) 137
(10,3) (9,3) 143
(1,4) (2,4) 86
(2,4) (1,4) 108
(2,4) (3,4) 143
(3,4) (2,4) 88
(3,4) (4,4) 142
(4,4) (3,4) 68
(4,4) (5,4) 157
(5,4) (4,4) 136
(5,4) (6,4) 68
(6,4) (5,4) 81
(6,4) (7,4) 96
(7,4) (6,4) 99
(7,4) (8,4) 108
(8,4) (7,4) 100
(8,4) (9,4) 135
(9,4) (8,4) 163
(9,4) (10,4) 147
(10,4) (9,4) 140
(1,5) (2,5) 126
(2,5) (1,5) 129
(2,5) (3,5) 91
(3,5) (2,5) 79
(3,5) (4,5) 104
(4,5) (3,5) 76
(4,5) (5,5) 93
(5,5) (4,5) 140
(5,5) (6,5) 128
(6,5) (5,5) 162
(6,5) (7,5) 129
(7,5) (6,5) 127
(7,5) (8,5) 116
(8,5) (7,5) 151
(8,5) (9,5) 147
(9,5) (8,5) 129
(9,5) (10,5) 79
(10,5) (9,5) 69
(1,6) (2,6) 113
(2,6) (1,6) 159
(2,6) (3,6) 129
(3,6) (2,6) 131
(3,6) (4,6) 126
(4,6) (3,6) 126
(4,6) (5,6) 101
(5,6) (4,6) 134
(5,6) (6,6) 161
(6,6) (5,6) 143
(6,6) (7,6) 120
(7,6) (6,6) 113
(7,6) (8,6) 79
(8,6) (7,6) 81
(8,6) (9,6) 101
(9,6) (8,6) 93
(9,6) (10,6) 147
(10,6) (9,6) 120
(1,7) (2,7) 113
(2,7) (1,7) 65
(2,7) (3,7) 76
(3,7) (2,7) 86
(3,7) (4,7) 139
(4,7) (3,7) 161
(4,7) (5,7) 86
(5,7) (4,7) 157
(5,7) (6,7) 84
(6,7) (5,7) 121
(6,7) (7,7) 117
(7,7) (6,7) 68
(7,7) (8,7) 66
(8,7) (7,7) 69
(8,7) (9,7) 92
(9,7) (8,7) 82
(9,7) (10,7) 116
(10,7) (9,7) 132
(1,8) (2,8) 94
(2,8) (1,8) 125
(2,8) (3,8) 68
(3,8) (2,8) 89
(3,8) (4,8) 107
(4,8) (3,8) 129
(4,8) (5,8) 148
(5,8) (4,8) 80
(5,8) (6,8) 157
(6,8) (5,8) 86
(6,8) (7,8) 138
(7,8) (6,8) 82
(7,8) (8,8) 130
(8,8) (7,8) 88
(8,8) (9,8) 94
(9,8) (8,8) 135
(9,8) (10,8) 150
(10,8) (9,8) 140
(1,9) (2,9) 78
(2,9) (1,9) 73
(2,9) (3,9) 123
(3,9) (2,9) 72
(3,9) (4,9) 89
(4,9) (3,9) 77
(4,9) (5,9) 81
(5,9) (4,9) 159
(5,9) (6,9) 149
(6,9) (5,9) 83
(6,9) (7,9) 103
(7,9) (6,9) 140
(7,9) (8,9) 157
(8,9) (7,9) 76
(8,9) (9,9) 128
(9,9) (8,9) 79
(9,9) (10,9) 87
(10,9) (9,9) 80
(1,10) (2,10) 127
(2,10) (1,10) 126
(2,10) (3,10) 147
(3,10) (2,10) 106
(3,10) (4,10) 116
(4,10) (3,10) 145
(4,10) (5,10) 156
(5,10) (4,10) 143
(5,10) (6,10) 154
(6,10) (5,10) 152
(6,10) (7,10) 91
(7,10) (6,10) 74
(7,10) (8,10) 70
(8,10) (7,10) 142
(8,10) (9,10) 147
(9,10) (8,10) 135
(9,10) (10,10) 102
(10,10) (9,10) 83
(1,11) (2,11) 88
(2,11) (1,11) 84
(2,11) (3,11) 155
(3,11) (2,11) 96
(3,11) (4,11) 92
(4,11) (3,11) 116
(4,11) (5,11) 154
(5,11) (4,11) 76
(5,11) (6,11) 112
(6,11) (5,11) 71
(6,11) (7,11) 85
(7,11) (6,11) 111
(7,11) (8,11) 123
(8,11) (7,11) 142
(8,11) (9,11) 123
(9,11) (8,11) 125
(9,11) (10,11) 118
(10,11) (9,11) 93
(1,12) (2,12) 77
(2,12) (1,12) 121
(2,12) (3,12) 136
(3,12) (2,12) 137
(3,12) (4,12) 69
(4,12) (3,12) 76
(4,12) (5,12) 161
(5,12) (4,12) 131
(5,12) (6,12) 93
(6,12) (5,12) 73
(6,12) (7,12) 110
(7,12) (6,12) 130
(7,12) (8,12) 144
(8,12) (7,12) 100
(8,12) (9,12) 92
(9,12) (8,12) 92
(9,12) (10,12) 69
(10,12) (9,12) 139
(1,13) (2,13) 79
(2,13) (1,13) 112
(2,13) (3,13) 89
(3,13) (2,13) 109
(3,13) (4,13) 81
(4,13) (3,13) 90
(4,13) (5,13) 160
(5,13) (4,13) 133
(5,13) (6,13) 116
(6,13) (5,13) 144
(6,13) (7,13) 144
(7,13) (6,13) 160
(7,13) (8,13) 156
(8,13) (7,13) 88
(8,13) (9,13) 150
(9,13) (8,13) 75
(9,13) (10,13) 106
(10,13) (9,13) 103
(1,14) (2,14) 105
(2,14) (1,14) 143
(2,14) (3,14) 106
(3,14) (2,14) 140
(3,14) (4,14) 113
(4,14) (3,14) 108
(4,14) (5,14) 157
(5,14) (4,14) 67
(5,14) (6,14) 101
(6,14) (5,14) 133
(6,14) (7,14) 136
(7,14) (6,14) 142
(7,14) (8,14) 146
(8,14) (7,14) 82
(8,14) (9,14) 105
(9,14) (8,14) 66
(9,14) (10,14) 88
(10,14) (9,14) 88
(1,15) (2,15) 112
(2,15) (1,15) 155
(2,15) (3,15) 138
(3,15) (2,15) 154
(3,15) (4,15) 77
(4,15) (3,15) 101
(4,15) (5,15) 149
(5,15) (4,15) 77
(5,15) (6,15) 153
(6,15) (5,15) 95
(6,15) (7,15) 118
(7,15) (6,15) 113
(7,15) (8,15) 81
(8,15) (7,15) 130
(8,15) (9,15) 123
(9,15) (8,15) 159
(9,15) (10,15) 156
(10,15) (9,15) 90
(1,16) (2,16) 77
(2,16) (1,16) 75
(2,16) (3,16) 162
(3,16) (2,16) 126
(3,16) (4,16) 84
(4,16) (3,16) 79
(4,16) (5,16) 118
(5,16) (4,16) 138
(5,16) (6,16) 87
(6,16) (5,16) 123
(6,16) (7,16) 71
(7,16) (6,16) 130
(7,16) (8,16) 114
(8,16) (7,16) 73
(8,16) (9,16) 101
(9,16) (8,16) 119
(9,16) (10,16) 114
(10,16) (9,16) 93
(1,17) (2,17) 163
(2,17) (1,17) 146
(2,17) (3,17) 72
(3,17) (2,17) 69
(3,17) (4,17) 137
(4,17) (3,17) 85
(4,17) (5,17) 162
(5,17) (4,17) 134
(5,17) (6,17) 91
(6,17) (5,17) 161
(6,17) (7,17) 135
(7,17) (6,17) 110
(7,17) (8,17) 110
(8,17) (7,17) 162
(8,17) (9,17) 122
(9,17) (8,17) 103
(9,17) (10,17) 153
(10,17) (9,17) 98
(1,18) (2,18) 163
(2,18) (1,18) 74
(2,18) (3,18) 94
(3,18) (2,18) 132
(3,18) (4,18) 106
(4,18) (3,18) 73
(4,18) (5,18) 140
(5,18) (4,18) 113
(5,18) (6,18) 113
(6,18) (5,18) 139
(6,18) (7,18) 89
(7,18) (6,18) 147
(7,18) (8,18) 164
(8,18) (7,18) 90
(8,18) (9,18) 97
(9,18) (8,18) 74
(9,18) (10,18) 88
(10,18) (9,18) 163
(1,19) (2,19) 68
(2,19) (1,19) 100
(2,19) (3,19) 77
(3,19) (2,19) 154
(3,19) (4,19) 105
(4,19) (3,19) 133
(4,19) (5,19) 153
(5,19) (4,19) 81
(5,19) (6,19) 128
(6,19) (5,19) 158
(6,19) (7,19) 75
(7,19) (6,19) 98
(7,19) (8,19) 76
(8,19) (7,19) 67
(8,19) (9,19) 73
(9,19) (8,19) 105
(9,19) (10,19) 130
(10,19) (9,19) 77
(1,20) (2,20) 75
(2,20) (1,20) 153
(2,20) (3,20) 105
(3,20) (2,20) 131
(3,20) (4,20) 79
(4,20) (3,20) 112
(4,20) (5,20) 71
(5,20) (4,20) 129
(5,20) (6,20) 129
(6,20) (5,20) 141
(6,20) (7,20) 116
(7,20) (6,20) 70
(7,20) (8,20) 144
(8,20) (7,20) 121
(8,20) (9,20) 94
(9,20) (8,20) 107
(9,20) (10,20) 136
(10,20) (9,20) 110
(1,21) (2,21) 146
(2,21) (1,21) 141
(2,21) (3,21) 133
(3,21) (2,21) 96
(3,21) (4,21) 162
(4,21) (3,21) 76
(4,21) (5,21) 137
(5,21) (4,21) 70
(5,21) (6,21) 141
(6,21) (5,21) 67
(6,21) (7,21) 141
(7,21) (6,21) 114
(7,21) (8,21) 103
(8,21) (7,21) 79
(8,21) (9,21) 116
(9,21) (8,21) 121
(9,21) (10,21) 82
(10,21) (9,21) 75
(1,22) (2,22) 114
(2,22) (1,22) 70
(2,22) (3,22) 66
(3,22) (2,22) 163
(3,22) (4,22) 161
(4,22) (3,22) 155
(4,22) (5,22) 116
(5,22) (4,22) 105
(5,22) (6,22) 118
(6,22) (5,22) 77
(6,22) (7,22) 88
(7,22) (6,22) 122
(7,22) (8,22) 138
(8,22) (7,22) 161
(8,22) (9,22) 100
(9,22) (8,22) 82
(9,22) (10,22) 83
(10,22) (9,22) 102
(1,23) (2,23) 145
(2,23) (1,23) 78
(2,23) (3,23) 87
(3,23) (2,23) 155
(3,23) (4,23) 152
(4,23) (3,23) 131
(4,23) (5,23) 121
(5,23) (4,23) 131
(5,23) (6,23) 122
(6,23) (5,23) 95
(6,23) (7,23) 108
(7,23) (6,23) 147
(7,23) (8,23) 158
(8,23) (7,23) 154
(8,23) (9,23) 72
(9,23) (8,23) 74
(9,23) (10,23) 80
(10,23) (9,23) 151
(1,24) (2,24) 74
(2,24) (1,24) 95
(2,24) (3,24) 68
(3,24) (2,24) 148
(3,24) (4,24) 96
(4,24) (3,24) 160
(4,24) (5,24) 116
(5,24) (4,24) 113
(5,24) (6,24) 103
(6,24) (5,24) 115
(6,24) (7,24) 120
(7,24) (6,24) 147
(7,24) (8,24) 127
(8,24) (7,24) 153
(8,24) (9,24) 148
(9,24) (8,24) 94
(9,24) (10,24) 161
(10,24) (9,24) 115
(1,25) (2,25) 111
(2,25) (1,25) 129
(2,25) (3,25) 99
(3,25) (2,25) 77
(3,25) (4,25) 102
(4,25) (3,25) 106
(4,25) (5,25) 80
(5,25) (4,25) 143
(5,25) (6,25) 98
(6,25) (5,25) 155
(6,25) (7,25) 102
(7,25) (6,25) 132
(7,25) (8,25) 121
(8,25) (7,25) 75
(8,25) (9,25) 70
(9,25) (8,25) 149
(9,25) (10,25) 101
(10,25) (9,25) 119
(1,26) (2,26) 92
(2,26) (1,26) 142
(2,26) (3,26) 88
(3,26) (2,26) 72
(3,26) (4,26) 108
(4,26) (3,26) 136
(4,26) (5,26) 113
(5,26) (4,26) 97
(5,26) (6,26) 125
(6,26) (5,26) 103
(6,26) (7,26) 142
(7,26) (6,26) 110
(7,26) (8,26) 92
(8,26) (7,26) 88
(8,26) (9,26) 120
(9,26) (8,26) 85
(9,26) (10,26) 92
(10,26) (9,26) 87
(1,27) (2,27) 75
(2,27) (1,27) 134
(2,27) (3,27) 90
(3,27) (2,27) 71
(3,27) (4,27) 142
(4,27) (3,27) 163
(4,27) (5,27) 104
(5,27) (4,27) 127
(5,27) (6,27) 91
(6,27) (5,27) 85
(6,27) (7,27) 105
(7,27) (6,27) 69
(7,27) (8,27) 75
(8,27) (7,27) 149
(8,27) (9,27) 76
(9,27) (8,27) 78
(9,27) (10,27) 67
(10,27) (9,27) 75
(1,28) (2,28) 157
(2,28) (1,28) 105
(2,28) (3,28) 144
(3,28) (2,28) 136
(3,28) (4,28) 144
(4,28) (3,28) 117
(4,28) (5,28) 113
(5,28) (4,28) 80
(5,28) (6,28) 143
(6,28) (5,28) 125
(6,28) (7,28) 103
(7,28) (6,28) 134
(7,28) (8,28) 97
(8,28) (7,28) 91
(8,28) (9,28) 141
(9,28) (8,28) 157
(9,28) (10,28) 114
(10,28) (9,28) 81
(1,29) (2,29) 129
(2,29) (1,29) 153
(2,29) (3,29) 138
(3,29) (2,29) 120
(3,29) (4,29) 107
(4,29) (3,29) 67
(4,29) (5,29) 126
(5,29) (4,29) 160
(5,29) (6,29) 146
(6,29) (5,29) 126
(6,29) (7,29) 93
(7,29) (6,29) 162
(7,29) (8,29) 125
(8,29) (7,29) 157
(8,29) (9,29) 108
(9,29) (8,29) 137
(9,29) (10,29) 149
(10,29) (9,29) 139
(1,30) (2,30) 110
(2,30) (1,30) 150
(2,30) (3,30) 96
(3,30) (2,30) 134
(3,30) (4,30) 91
(4,30) (3,30) 131
(4,30) (5,30) 105
(5,30) (4,30) 117
(5,30) (6,30) 160
(6,30) (5,30) 83
(6,30) (7,30) 108
(7,30) (6,30) 105
(7,30) (8,30) 74
(8,30) (7,30) 156
(8,30) (9,30) 152
(9,30) (8,30) 98
(9,30) (10,30) 76
(10,30) (9,30) 87
(1,31) (2,31) 86
(2,31) (1,31) 127
(2,31) (3,31) 73
(3,31) (2,31) 109
(3,31) (4,31) 65
(4,31) (3,31) 151
(4,31) (5,31) 143
(5,31) (4,31) 72
(5,31) (6,31) 71
(6,31) (5,31) 80
(6,31) (7,31) 75
(7,31) (6,31) 108
(7,31) (8,31) 127
(8,31) (7,31) 82
(8,31) (9,31) 129
(9,31) (8,31) 72
(9,31) (10,31) 103
(10,31) (9,31) 154
(1,32) (2,32) 99
(2,32) (1,32) 112
(2,32) (3,32) 110
(3,32) (2,32) 109
(3,32) (4,32) 146
(4,32) (3,32) 84
(4,32) (5,32) 124
(5,32) (4,32) 144
(5,32) (6,32) 65
(6,32) (5,32) 93
(6,32) (7,32) 99
(7,32) (6,32) 149
(7,32) (8,32) 110
(8,32) (7,32) 80
(8,32) (9,32) 147
(9,32) (8,32) 83
(9,32) (10,32) 87
(10,32) (9,32) 93
(1,33) (2,33) 112
(2,33) (1,33) 88
(2,33) (3,33) 102
(3,33) (2,33) 161
(3,33) (4,33) 151
(4,33) (3,33) 104
(4,33) (5,33) 130
(5,33) (4,33) 159
(5,33) (6,33) 143
(6,33) (5,33) 90
(6,33) (7,33) 154
(7,33) (6,33) 81
(7,33) (8,33) 135
(8,33) (7,33) 151
(8,33) (9,33) 111
(9,33) (8,33) 110
(9,33) (10,33) 134
(10,33) (9,33) 135
(1,34) (2,34) 150
(2,34) (1,34) 106
(2,34) (3,34) 102
(3,34) (2,34) 152
(3,34) (4,34) 116
(4,34) (3,34) 146
(4,34) (5,34) 69
(5,34) (4,34) 75
(5,34) (6,34) 136
(6,34) (5,34) 99
(6,34) (7,34) 142
(7,34) (6,34) 106
(7,34) (8,34) 67
(8,34) (7,34) 118
(8,34) (9,34) 129
(9,34) (8,34) 108
(9,34) (10,34) 110
(10,34) (9,34) 148
(1,35) (2,35) 131
(2,35) (1,35) 111
(2,35) (3,35) 99
(3,35) (2,35) 68
(3,35) (4,35) 105
(4,35) (3,35) 67
(4,35) (5,35) 129
(5,35) (4,35) 142
(5,35) (6,35) 118
(6,35) (5,35) 104
(6,35) (7,35) 156
(7,35) (6,35) 89
(7,35) (8,35) 96
(8,35) (7,35) 115
(8,35) (9,35) 126
(9,35) (8,35) 149
(9,35) (10,35) 116
(10,35) (9,35) 139
(1,36) (2,36) 81
(2,36) (1,36) 93
(2,36) (3,36) 119
(3,36) (2,36) 79
(3,36) (4,36) 145
(4,36) (3,36) 159
(4,36) (5,36) 159
(5,36) (4,36) 147
(5,36) (6,36) 106
(6,36) (5,36) 118
(6,36) (7,36) 106
(7,36) (6,36) 96
(7,36) (8,36) 134
(8,36) (7,36) 119
(8,36) (9,36) 110
(9,36) (8,36) 82
(9,36) (10,36) 145
(10,36) (9,36) 90
(1,37) (2,37) 148
(2,37) (1,37) 108
(2,37) (3,37) 163
(3,37) (2,37) 91
(3,37) (4,37) 134
(4,37) (3,37) 107
(4,37) (5,37) 93
(5,37) (4,37) 131
(5,37) (6,37) 69
(6,37) (5,37) 115
(6,37) (7,37) 137
(7,37) (6,37) 96
(7,37) (8,37) 124
(8,37) (7,37) 148
(8,37) (9,37) 116
(9,37) (8,37) 138
(9,37) (10,37) 145
(10,37) (9,37) 70
(1,38) (2,38) 159
(2,38) (1,38) 73
(2,38) (3,38) 94
(3,38) (2,38) 72
(3,38) (4,38) 78
(4,38) (3,38) 68
(4,38) (5,38) 160
(5,38) (4,38) 87
(5,38) (6,38) 112
(6,38) (5,38) 144
(6,38) (7,38) 99
(7,38) (6,38) 125
(7,38) (8,38) 141
(8,38) (7,38) 142
(8,38) (9,38) 149
(9,38) (8,38) 82
(9,38) (10,38) 138
(10,38) (9,38) 87
(1,39) (2,39) 130
(2,39) (1,39) 115
(2,39) (3,39) 163
(3,39) (2,39) 130
(3,39) (4,39) 84
(4,39) (3,39) 106
(4,39) (5,39) 111
(5,39) (4,39) 164
(5,39) (6,39) 89
(6,39) (5,39) 150
(6,39) (7,39) 116
(7,39) (6,39) 155
(7,39) (8,39) 138
(8,39) (7,39) 164
(8,39) (9,39) 108
(9,39) (8,39) 105
(9,39) (10,39) 88
(10,39) (9,39) 80
(1,40) (2,40) 142
(2,40) (1,40) 129
(2,40) (3,40) 86
(3,40) (2,40) 113
(3,40) (4,40) 123
(4,40) (3,40) 80
(4,40) (5,40) 145
(5,40) (4,40) 152
(5,40) (6,40) 89
(6,40) (5,40) 162
(6,40) (7,40) 164
(7,40) (6,40) 68
(7,40) (8,40) 106
(8,40) (7,40) 92
(8,40) (9,40) 110
(9,40) (8,40) 68
(9,40) (10,40) 73
(10,40) (9,40) 149
(1,41) (2,41) 139
(2,41) (1,41) 82
(2,41) (3,41) 103
(3,41) (2,41) 73
(3,41) (4,41) 80
(4,41) (3,41) 123
(4,41) (5,41) 157
(5,41) (4,41) 102
(5,41) (6,41) 127
(6,41) (5,41) 140
(6,41) (7,41) 98
(7,41) (6,41) 155
(7,41) (8,41) 139
(8,41) (7,41) 119
(8,41) (9,41) 132
(9,41) (8,41) 68
(9,41) (10,41) 109
(10,41) (9,41) 108
(1,42) (2,42) 74
(2,42) (1,42) 159
(2,42) (3,42) 113
(3,42) (2,42) 159
(3,42) (4,42) 81
(4,42) (3,42) 117
(4,42) (5,42) 152
(5,42) (4,42) 87
(5,42) (6,42) 105
(6,42) (5,42) 156
(6,42) (7,42) 114
(7,42) (6,42) 98
(7,42) (8,42) 100
(8,42) (7,42) 145
(8,42) (9,42) 99
(9,42) (8,42) 103
(9,42) (10,42) 102
(10,42) (9,42) 87
(1,43) (2,43) 119
(2,43) (1,43) 134
(2,43) (3,43) 96
(3,43) (2,43) 142
(3,43) (4,43) 104
(4,43) (3,43) 86
(4,43) (5,43) 83
(5,43) (4,43) 75
(5,43) (6,43) 101
(6,43) (5,43) 109
(6,43) (7,43) 148
(7,43) (6,43) 161
(7,43) (8,43) 161
(8,43) (7,43) 129
(8,43) (9,43) 134
(9,43) (8,43) 153
(9,43) (10,43) 160
(10,43) (9,43) 162
(1,44) (2,44) 100
(2,44) (1,44) 127
(2,44) (3,44) 114
(3,44) (2,44) 142
(3,44) (4,44) 114
(4,44) (3,44) 120
(4,44) (5,44) 78
(5,44) (4,44) 116
(5,44) (6,44) 122
(6,44) (5,44) 80
(6,44) (7,44) 159
(7,44) (6,44) 82
(7,44) (8,44) 157
(8,44) (7,44) 81
(8,44) (9,44) 115
(9,44) (8,44) 142
(9,44) (10,44) 116
(10,44) (9,44) 155
(1,45) (2,45) 164
(2,45) (1,45) 127
(2,45) (3,45) 76
(3,45) (2,45) 88
(3,45) (4,45) 125
(4,45) (3,45) 141
(4,45) (5,45) 74
(5,45) (4,45) 124
(5,45) (6,45) 101
(6,45) (5,45) 67
(6,45) (7,45) 108
(7,45) (6,45) 113
(7,45) (8,45) 135
(8,45) (7,45) 82
(8,45) (9,45) 154
(9,45) (8,45) 96
(9,45) (10,45) 106
(10,45) (9,45) 78
(1,46) (2,46) 101
(2,46) (1,46) 124
(2,46) (3,46) 135
(3,46) (2,46) 96
(3,46) (4,46) 66
(4,46) (3,46) 104
(4,46) (5,46) 81
(5,46) (4,46) 143
(5,46) (6,46) 150
(6,46) (5,46) 153
(6,46) (7,46) 101
(7,46) (6,46) 101
(7,46) (8,46) 77
(8,46) (7,46) 70
(8,46) (9,46) 100
(9,46) (8,46) 159
(9,46) (10,46) 153
(10,46) (9,46) 115
(1,47) (2,47) 95
(2,47) (1,47) 97
(2,47) (3,47) 119
(3,47) (2,47) 74
(3,47) (4,47) 82
(4,47) (3,47) 123
(4,47) (5,47) 82
(5,47) (4,47) 160
(5,47) (6,47) 148
(6,47) (5,47) 77
(6,47) (7,47) 124
(7,47) (6,47) 97
(7,47) (8,47) 151
(8,47) (7,47) 70
(8,47) (9,47) 77
(9,47) (8,47) 79
(9,47) (10,47) 135
(10,47) (9,47) 113
(1,48) (2,48) 73
(2,48) (1,48) 157
(2,48) (3,48) 70
(3,48) (2,48) 133
(3,48) (4,48) 70
(4,48) (3,48) 145
(4,48) (5,48) 132
(5,48) (4,48) 150
(5,48) (6,48) 80
(6,48) (5,48) 150
(6,48) (7,48) 160
(7,48) (6,48) 65
(7,48) (8,48) 162
(8,48) (7,48) 144
(8,48) (9,48) 123
(9,48) (8,48) 80
(9,48) (10,48) 119
(10,48) (9,48) 101
(1,49) (2,49) 123
(2,49) (1,49) 152
(2,49) (3,49) 101
(3,49) (2,49) 138
(3,49) (4,49) 73
(4,49) (3,49) 80
(4,49) (5,49) 73
(5,49) (4,49) 133
(5,49) (6,49) 106
(6,49) (5,49) 139
(6,49) (7,49) 160
(7,49) (6,49) 114
(7,49) (8,49) 116
(8,49) (7,49) 99
(8,49) (9,49) 113
(9,49) (8,49) 129
(9,49) (10,49) 101
(10,49) (9,49) 65
(1,50) (2,50) 101
(2,50) (1,50) 81
(2,50) (3,50) 116
(3,50) (2,50) 149
(3,50) (4,50) 77
(4,50) (3,50) 75
(4,50) (5,50) 135
(5,50) (4,50) 77
(5,50) (6,50) 107
(6,50) (5,50) 151
(6,50) (7,50) 121
(7,50) (6,50) 134
(7,50) (8,50) 144
(8,50) (7,50) 104
(8,50) (9,50) 114
(9,50) (8,50) 148
(9,50) (10,50) 109
(10,50) (9,50) 155
(1,51) (2,51) 133
(2,51) (1,51) 96
(2,51) (3,51) 129
(3,51) (2,51) 133
(3,51) (4,51) 146
(4,51) (3,51) 160
(4,51) (5,51) 152
(5,51) (4,51) 69
(5,51) (6,51) 141
(6,51) (5,51) 106
(6,51) (7,51) 86
(7,51) (6,51) 106
(7,51) (8,51) 95
(8,51) (7,51) 82
(8,51) (9,51) 75
(9,51) (8,51) 135
(9,51) (10,51) 81
(10,51) (9,51) 138
(1,52) (2,52) 134
(2,52) (1,52) 74
(2,52) (3,52) 150
(3,52) (2,52) 144
(3,52) (4,52) 100
(4,52) (3,52) 75
(4,52) (5,52) 98
(5,52) (4,52) 115
(5,52) (6,52) 129
(6,52) (5,52) 160
(6,52) (7,52) 109
(7,52) (6,52) 127
(7,52) (8,52) 86
(8,52) (7,52) 162
(8,52) (9,52) 97
(9,52) (8,52) 131
(9,52) (10,52) 133
(10,52) (9,52) 135
(1,53) (2,53) 72
(2,53) (1,53) 82
(2,53) (3,53) 110
(3,53) (2,53) 108
(3,53) (4,53) 90
(4,53) (3,53) 114
(4,53) (5,53) 67
(5,53) (4,53) 151
(5,53) (6,53) 100
(6,53) (5,53) 84
(6,53) (7,53) 84
(7,53) (6,53) 154
(7,53) (8,53) 139
(8,53) (7,53) 96
(8,53) (9,53) 153
(9,53) (8,53) 149
(9,53) (10,53) 148
(10,53) (9,53) 158
(1,54) (2,54) 89
(2,54) (1,54) 137
(2,54) (3,54) 161
(3,54) (2,54) 91
(3,54) (4,54) 87
(4,54) (3,54) 115
(4,54) (5,54) 100
(5,54) (4,54) 66
(5,54) (6,54) 132
(6,54) (5,54) 101
(6,54) (7,54) 75
(7,54) (6,54) 150
(7,54) (8,54) 141
(8,54) (7,54) 157
(8,54) (9,54) 84
(9,54) (8,54) 141
(9,54) (10,54) 94
(10,54) (9,54) 99
(1,55) (2,55) 116
(2,55) (1,55) 67
(2,55) (3,55) 80
(3,55) (2,55) 76
(3,55) (4,55) 104
(4,55) (3,55) 69
(4,55) (5,55) 120
(5,55) (4,55) 105
(5,55) (6,55) 90
(6,55) (5,55) 97
(6,55) (7,55) 98
(7,55) (6,55) 107
(7,55) (8,55) 91
(8,55) (7,55) 110
(8,55) (9,55) 93
(9,55) (8,55) 65
(9,55) (10,55) 157
(10,55) (9,55) 122
(1,56) (2,56) 68
(2,56) (1,56) 124
(2,56) (3,56) 149
(3,56) (2,56) 81
(3,56) (4,56) 162
(4,56) (3,56) 142
(4,56) (5,56) 120
(5,56) (4,56) 110
(5,56) (6,56) 67
(6,56) (5,56) 86
(6,56) (7,56) 118
(7,56) (6,56) 104
(7,56) (8,56) 148
(8,56) (7,56) 97
(8,56) (9,56) 141
(9,56) (8,56) 101
(9,56) (10,56) 126
(10,56) (9,56) 74
(1,57) (2,57) 130
(2,57) (1,57) 114
(2,57) (3,57) 102
(3,57) (2,57) 153
(3,57) (4,57) 111
(4,57) (3,57) 140
(4,57) (5,57) 68
(5,57) (4,57) 121
(5,57) (6,57) 69
(6,57) (5,57) 117
(6,57) (7,57) 78
(7,57) (6,57) 67
(7,57) (8,57) 80
(8,57) (7,57) 84
(8,57) (9,57) 156
(9,57) (8,57) 75
(9,57) (10,57) 109
(10,57) (9,57) 159
(1,58) (2,58) 146
(2,58) (1,58) 106
(2,58) (3,58) 129
(3,58) (2,58) 113
(3,58) (4,58) 74
(4,58) (3,58) 127
(4,58) (5,58) 113
(5,58) (4,58) 79
(5,58) (6,58) 104
(6,58) (5,58) 147
(6,58) (7,58) 98
(7,58) (6,58) 136
(7,58) (8,58) 96
(8,58) (7,58) 156
(8,58) (9,58) 86
(9,58) (8,58) 162
(9,58) (10,58) 96
(10,58) (9,58) 81
(1,59) (2,59) 85
(2,59) (1,59) 121
(2,59) (3,59) 87
(3,59) (2,59) 108
(3,59) (4,59) 98
(4,59) (3,59) 146
(4,59) (5,59) 70
(5,59) (4,59) 155
(5,59) (6,59) 94
(6,59) (5,59) 150
(6,59) (7,59) 73
(7,59) (6,59) 157
(7,59) (8,59) 155
(8,59) (7,59) 140
(8,59) (9,59) 91
(9,59) (8,59) 104
(9,59) (10,59) 101
(10,59) (9,59) 101
(1,60) (2,60) 127
(2,60) (1,60) 163
(2,60) (3,60) 134
(3,60) (2,60) 71
(3,60) (4,60) 146
(4,60) (3,60) 105
(4,60) (5,60) 140
(5,60) (4,60) 129
(5,60) (6,60) 154
(6,60) (5,60) 66
(6,60) (7,60) 118
(7,60) (6,60) 158
(7,60) (8,60) 128
(8,60) (7,60) 111
(8,60) (9,60) 80
(9,60) (8,60) 160
(9,60) (10,60) 132
(10,60) (9,60) 137
(1,61) (2,61) 151
(2,61) (1,61) 130
(2,61) (3,61) 127
(3,61) (2,61) 160
(3,61) (4,61) 77
(4,61) (3,61) 102
(4,61) (5,61) 114
(5,61) (4,61) 133
(5,61) (6,61) 121
(6,61) (5,61) 89
(6,61) (7,61) 144
(7,61) (6,61) 82
(7,61) (8,61) 136
(8,61) (7,61) 108
(8,61) (9,61) 88
(9,61) (8,61) 118
(9,61) (10,61) 72
(10,61) (9,61) 160
(1,62) (2,62) 114
(2,62) (1,62) 151
(2,62) (3,62) 134
(3,62) (2,62) 126
(3,62) (4,62) 97
(4,62) (3,62) 157
(4,62) (5,62) 148
(5,62) (4,62) 157
(5,62) (6,62) 68
(6,62) (5,62) 65
(6,62) (7,62) 152
(7,62) (6,62) 89
(7,62) (8,62) 130
(8,62) (7,62) 96
(8,62) (9,62) 164
(9,62) (8,62) 85
(9,62) (10,62) 143
(10,62) (9,62) 71
(1,63) (2,63) 150
(2,63) (1,63) 101
(2,63) (3,63) 120
(3,63) (2,63) 159
(3,63) (4,63) 148
(4,63) (3,63) 86
(4,63) (5,63) 130
(5,63) (4,63) 110
(5,63) (6,63) 102
(6,63) (5,63) 112
(6,63) (7,63) 104
(7,63) (6,63) 140
(7,63) (8,63) 153
(8,63) (7,63) 101
(8,63) (9,63) 88
(9,63) (8,63) 137
(9,63) (10,63) 104
(10,63) (9,63) 84
(1,64) (2,64) 125
(2,64) (1,64) 135
(2,64) (3,64) 85
(3,64) (2,64) 101
(3,64) (4,64) 130
(4,64) (3,64) 120
(4,64) (5,64) 149
(5,64) (4,64) 112
(5,64) (6,64) 102
(6,64) (5,64) 151
(6,64) (7,64) 121
(7,64) (6,64) 145
(7,64) (8,64) 103
(8,64) (7,64) 88
(8,64) (9,64) 114
(9,64) (8,64) 99
(9,64) (10,64) 77
(10,64) (9,64) 71
(1,65) (2,65) 104
(2,65) (1,65) 82
(2,65) (3,65) 98
(3,65) (2,65) 153
(3,65) (4,65) 147
(4,65) (3,65) 92
(4,65) (5,65) 116
(5,65) (4,65) 126
(5,65) (6,65) 122
(6,65) (5,65) 131
(6,65) (7,65) 159
(7,65) (6,65) 134
(7,65) (8,65) 142
(8,65) (7,65) 143
(8,65) (9,65) 148
(9,65) (8,65) 66
(9,65) (10,65) 160
(10,65) (9,65) 126
(1,66) (2,66) 75
(2,66) (1,66) 160
(2,66) (3,66) 163
(3,66) (2,66) 74
(3,66) (4,66) 155
(4,66) (3,66) 152
(4,66) (5,66) 81
(5,66) (4,66) 129
(5,66) (6,66) 87
(6,66) (5,66) 67
(6,66) (7,66) 156
(7,66) (6,66) 84
(7,66) (8,66) 69
(8,66) (7,66) 158
(8,66) (9,66) 96
(9,66) (8,66) 93
(9,66) (10,66) 162
(10,66) (9,66) 123
(1,67) (2,67) 164
(2,67) (1,67) 71
(2,67) (3,67) 91
(3,67) (2,67) 82
(3,67) (4,67) 98
(4,67) (3,67) 65
(4,67) (5,67) 121
(5,67) (4,67) 107
(5,67) (6,67) 161
(6,67) (5,67) 151
(6,67) (7,67) 113
(7,67) (6,67) 150
(7,67) (8,67) 78
(8,67) (7,67) 81
(8,67) (9,67) 91
(9,67) (8,67) 161
(9,67) (10,67) 95
(10,67) (9,67) 93
(1,68) (2,68) 145
(2,68) (1,68) 134
(2,68) (3,68) 121
(3,68) (2,68) 159
(3,68) (4,68) 155
(4,68) (3,68) 79
(4,68) (5,68) 136
(5,68) (4,68) 97
(5,68) (6,68) 91
(6,68) (5,68) 159
(6,68) (7,68) 125
(7,68) (6,68) 65
(7,68) (8,68) 151
(8,68) (7,68) 95
(8,68) (9,68) 147
(9,68) (8,68) 147
(9,68) (10,68) 122
(10,68) (9,68) 119
(1,69) (2,69) 139
(2,69) (1,69) 111
(2,69) (3,69) 108
(3,69) (2,69) 76
(3,69) (4,69) 75
(4,69) (3,69) 65
(4,69) (5,69) 97
(5,69) (4,69) 109
(5,69) (6,69) 71
(6,69) (5,69) 145
(6,69) (7,69) 130
(7,69) (6,69) 142
(7,69) (8,69) 87
(8,69) (7,69) 66
(8,69) (9,69) 77
(9,69) (8,69) 125
(9,69) (10,69) 120
(10,69) (9,69) 95
(1,70) (2,70) 91
(2,70) (1,70) 93
(2,70) (3,70) 102
(3,70) (2,70) 112
(3,70) (4,70) 71
(4,70) (3,70) 82
(4,70) (5,70) 118
(5,70) (4,70) 135
(5,70) (6,70) 157
(6,70) (5,70) 95
(6,70) (7,70) 82
(7,70) (6,70) 71
(7,70) (8,70) 84
(8,70) (7,70) 70
(8,70) (9,70) 122
(9,70) (8,70) 91
(9,70) (10,70) 153
(10,70) (9,70) 117
(1,71) (2,71) 78
(2,71) (1,71) 139
(2,71) (3,71) 78
(3,71) (2,71) 97
(3,71) (4,71) 126
(4,71) (3,71) 115
(4,71) (5,71) 156
(5,71) (4,71) 84
(5,71) (6,71) 133
(6,71) (5,71) 121
(6,71) (7,71) 118
(7,71) (6,71) 142
(7,71) (8,71) 127
(8,71) (7,71) 106
(8,71) (9,71) 135
(9,71) (8,71) 142
(9,71) (10,71) 142
(10,71) (9,71) 98
(1,72) (2,72) 109
(2,72) (1,72) 124
(2,72) (3,72) 100
(3,72) (2,72) 122
(3,72) (4,72) 76
(4,72) (3,72) 113
(4,72) (5,72) 100
(5,72) (4,72) 138
(5,72) (6,72) 161
(6,72) (5,72) 117
(6,72) (7,72) 66
(7,72) (6,72) 150
(7,72) (8,72) 93
(8,72) (7,72) 65
(8,72) (9,72) 81
(9,72) (8,72) 138
(9,72) (10,72) 79
(10,72) (9,72) 69
(1,73) (2,73) 144
(2,73) (1,73) 115
(2,73) (3,73) 157
(3,73) (2,73) 163
(3,73) (4,73) 128
(4,73) (3,73) 154
(4,73) (5,73) 160
(5,73) (4,73) 76
(5,73) (6,73) 90
(6,73) (5,73) 92
(6,73) (7,73) 154
(7,73) (6,73) 103
(7,73) (8,73) 104
(8,73) (7,73) 88
(8,73) (9,73) 123
(9,73) (8,73) 131
(9,73) (10,73) 107
(10,73) (9,73) 127
(1,74) (2,74) 119
(2,74) (1,74) 110
(2,74) (3,74) 65
(3,74) (2,74) 126
(3,74) (4,74) 154
(4,74) (3,74) 71
(4,74) (5,74) 136
(5,74) (4,74) 147
(5,74) (6,74) 130
(6,74) (5,74) 121
(6,74) (7,74) 112
(7,74) (6,74) 95
(7,74) (8,74) 85
(8,74) (7,74) 118
(8,74) (9,74) 129
(9,74) (8,74) 136
(9,74) (10,74) 77
(10,74) (9,74) 115
(1,75) (2,75) 112
(2,75) (1,75) 70
(2,75) (3,75) 148
(3,75) (2,75) 99
(3,75) (4,75) 88
(4,75) (3,75) 72
(4,75) (5,75) 130
(5,75) (4,75) 75
(5,75) (6,75) 153
(6,75) (5,75) 124
(6,75) (7,75) 98
(7,75) (6,75) 137
(7,75) (8,75) 135
(8,75) (7,75) 65
(8,75) (9,75) 96
(9,75) (8,75) 149
(9,75) (10,75) 141
(10,75) (9,75) 78
(1,76) (2,76) 126
(2,76) (1,76) 120
(2,76) (3,76) 148
(3,76) (2,76) 67
(3,76) (4,76) 117
(4,76) (3,76) 137
(4,76) (5,76) 123
(5,76) (4,76) 132
(5,76) (6,76) 127
(6,76) (5,76) 127
(6,76) (7,76) 84
(7,76) (6,76) 122
(7,76) (8,76) 107
(8,76) (7,76) 152
(8,76) (9,76) 154
(9,76) (8,76) 79
(9,76) (10,76) 138
(10,76) (9,76) 143
(1,77) (2,77) 82
(2,77) (1,77) 146
(2,77) (3,77) 105
(3,77) (2,77) 144
(3,77) (4,77) 164
(4,77) (3,77) 80
(4,77) (5,77) 156
(5,77) (4,77) 74
(5,77) (6,77) 163
(6,77) (5,77) 66
(6,77) (7,77) 130
(7,77) (6,77) 100
(7,77) (8,77) 132
(8,77) (7,77) 154
(8,77) (9,77) 142
(9,77) (8,77) 133
(9,77) (10,77) 70
(10,77) (9,77) 77
(1,78) (2,78) 118
(2,78) (1,78) 157
(2,78) (3,78) 154
(3,78) (2,78) 103
(3,78) (4,78) 150
(4,78) (3,78) 96
(4,78) (5,78) 150
(5,78) (4,78) 139
(5,78) (6,78) 137
(6,78) (5,78) 113
(6,78) (7,78) 116
(7,78) (6,78) 126
(7,78) (8,78) 141
(8,78) (7,78) 141
(8,78) (9,78) 104
(9,78) (8,78) 135
(9,78) (10,78) 65
(10,78) (9,78) 119
(1,79) (2,79) 128
(2,79) (1,79) 90
(2,79) (3,79) 84
(3,79) (2,79) 161
(3,79) (4,79) 88
(4,79) (3,79) 102
(4,79) (5,79) 104
(5,79) (4,79) 97
(5,79) (6,79) 111
(6,79) (5,79) 157
(6,79) (7,79) 157
(7,79) (6,79) 65
(7,79) (8,79) 101
(8,79) (7,79) 143
(8,79) (9,79) 117
(9,79) (8,79) 116
(9,79) (10,79) 113
(10,79) (9,79) 162
(1,80) (2,80) 145
(2,80) (1,80) 161
(2,80) (3,80) 102
(3,80) (2,80) 80
(3,80) (4,80) 73
(4,80) (3,80) 79
(4,80) (5,80) 128
(5,80) (4,80) 124
(5,80) (6,80) 89
(6,80) (5,80) 160
(6,80) (7,80) 114
(7,80) (6,80) 111
(7,80) (8,80) 128
(8,80) (7,80) 100
(8,80) (9,80) 143
(9,80) (8,80) 68
(9,80) (10,80) 115
(10,80) (9,80) 137
(1,81) (2,81) 121
(2,81) (1,81) 98
(2,81) (3,81) 115
(3,81) (2,81) 157
(3,81) (4,81) 101
(4,81) (3,81) 101
(4,81) (5,81) 139
(5,81) (4,81) 88
(5,81) (6,81) 69
(6,81) (5,81) 145
(6,81) (7,81) 93
(7,81) (6,81) 108
(7,81) (8,81) 153
(8,81) (7,81) 71
(8,81) (9,81) 100
(9,81) (8,81) 115
(9,81) (10,81) 90
(10,81) (9,81) 151
(1,82) (2,82) 73
(2,82) (1,82) 150
(2,82) (3,82) 72
(3,82) (2,82) 147
(3,82) (4,82) 86
(4,82) (3,82) 124
(4,82) (5,82) 95
(5,82) (4,82) 69
(5,82) (6,82) 111
(6,82) (5,82) 155
(6,82) (7,82) 109
(7,82) (6,82) 72
(7,82) (8,82) 132
(8,82) (7,82) 149
(8,82) (9,82) 95
(9,82) (8,82) 89
(9,82) (10,82) 124
(10,82) (9,82) 136
(1,83) (2,83) 65
(2,83) (1,83) 133
(2,83) (3,83) 133
(3,83) (2,83) 70
(3,83) (4,83) 104
(4,83) (3,83) 116
(4,83) (5,83) 140
(5,83) (4,83) 115
(5,83) (6,83) 121
(6,83) (5,83) 108
(6,83) (7,83) 92
(7,83) (6,83) 152
(7,83) (8,83) 76
(8,83) (7,83) 108
(8,83) (9,83) 135
(9,83) (8,83) 146
(9,83) (10,83) 146
(10,83) (9,83) 100
(1,84) (2,84) 86
(2,84) (1,84) 106
(2,84) (3,84) 139
(3,84) (2,84) 158
(3,84) (4,84) 114
(4,84) (3,84) 100
(4,84) (5,84) 156
(5,84) (4,84) 112
(5,84) (6,84) 115
(6,84) (5,84) 86
(6,84) (7,84) 130
(7,84) (6,84) 136
(7,84) (8,84) 65
(8,84) (7,84) 125
(8,84) (9,84) 153
(9,84) (8,84) 153
(9,84) (10,84) 66
(10,84) (9,84) 68
(1,85) (2,85) 96
(2,85) (1,85) 152
(2,85) (3,85) 109
(3,85) (2,85) 150
(3,85) (4,85) 97
(4,85) (3,85) 115
(4,85) (5,85) 132
(5,85) (4,85) 75
(5,85) (6,85) 128
(6,85) (5,85) 106
(6,85) (7,85) 164
(7,85) (6,85) 90
(7,85) (8,85) 77
(8,85) (7,85) 92
(8,85) (9,85) 142
(9,85) (8,85) 137
(9,85) (10,85) 148
(10,85) (9,85) 69
(1,86) (2,86) 117
(2,86) (1,86) 162
(2,86) (3,86) 141
(3,86) (2,86) 162
(3,86) (4,86) 125
(4,86) (3,86) 126
(4,86) (5,86) 113
(5,86) (4,86) 131
(5,86) (6,86) 151
(6,86) (5,86) 162
(6,86) (7,86) 133
(7,86) (6,86) 93
(7,86) (8,86) 155
(8,86) (7,86) 125
(8,86) (9,86) 122
(9,86) (8,86) 116
(9,86) (10,86) 83
(10,86) (9,86) 156
(1,87) (2,87) 121
(2,87) (1,87) 78
(2,87) (3,87) 89
(3,87) (2,87) 65
(3,87) (4,87) 119
(4,87) (3,87) 110
(4,87) (5,87) 88
(5,87) (4,87) 76
(5,87) (6,87) 106
(6,87) (5,87) 77
(6,87) (7,87) 104
(7,87) (6,87) 89
(7,87) (8,87) 120
(8,87) (7,87) 67
(8,87) (9,87) 108
(9,87) (8,87) 130
(9,87) (10,87) 117
(10,87) (9,87) 160
(1,88) (2,88) 162
(2,88) (1,88) 136
(2,88) (3,88) 149
(3,88) (2,88) 109
(3,88) (4,88) 126
(4,88) (3,88) 141
(4,88) (5,88) 147
(5,88) (4,88) 137
(5,88) (6,88) 83
(6,88) (5,88) 85
(6,88) (7,88) 93
(7,88) (6,88) 108
(7,88) (8,88) 151
(8,88) (7,88) 79
(8,88) (9,88) 149
(9,88) (8,88) 151
(9,88) (10,88) 146
(10,88) (9,88) 124
(1,89) (2,89) 97
(2,89) (1,89) 75
(2,89) (3,89) 95
(3,89) (2,89) 98
(3,89) (4,89) 139
(4,89) (3,89) 161
(4,89) (5,89) 115
(5,89) (4,89) 90
(5,89) (6,89) 67
(6,89) (5,89) 155
(6,89) (7,89) 127
(7,89) (6,89) 152
(7,89) (8,89) 115
(8,89) (7,89) 156
(8,89) (9,89) 116
(9,89) (8,89) 116
(9,89) (10,89) 158
(10,89) (9,89) 146
(1,90) (2,90) 130
(2,90) (1,90) 143
(2,90) (3,90) 100
(3,90) (2,90) 109
(3,90) (4,90) 150
(4,90) (3,90) 113
(4,90) (5,90) 110
(5,90) (4,90) 129
(5,90) (6,90) 90
(6,90) (5,90) 145
(6,90) (7,90) 81
(7,90) (6,90) 97
(7,90) (8,90) 119
(8,90) (7,90) 131
(8,90) (9,90) 90
(9,90) (8,90) 70
(9,90) (10,90) 129
(10,90) (9,90) 160
(1,91) (2,91) 110
(2,91) (1,91) 70
(2,91) (3,91) 84
(3,91) (2,91) 137
(3,91) (4,91) 123
(4,91) (3,91) 138
(4,91) (5,91) 126
(5,91) (4,91) 131
(5,91) (6,91) 111
(6,91) (5,91) 100
(6,91) (7,91) 66
(7,91) (6,91) 155
(7,91) (8,91) 143
(8,91) (7,91) 127
(8,91) (9,91) 151
(9,91) (8,91) 147
(9,91) (10,91) 69
(10,91) (9,91) 145
(1,92) (2,92) 77
(2,92) (1,92) 71
(2,92) (3,92) 153
(3,92) (2,92) 115
(3,92) (4,92) 90
(4,92) (3,92) 151
(4,92) (5,92) 106
(5,92) (4,92) 71
(5,92) (6,92) 145
(6,92) (5,92) 102
(6,92) (7,92) 137
(7,92) (6,92) 131
(7,92) (8,92) 158
(8,92) (7,92) 144
(8,92) (9,92) 117
(9,92) (8,92) 142
(9,92) (10,92) 118
(10,92) (9,92) 109
(1,93) (2,93) 154
(2,93) (1,93) 88
(2,93) (3,93) 148
(3,93) (2,93) 149
(3,93) (4,93) 101
(4,93) (3,93) 87
(4,93) (5,93) 129
(5,93) (4,93) 140
(5,93) (6,93) 73
(6,93) (5,93) 144
(6,93) (7,93) 85
(7,93) (6,93) 139
(7,93) (8,93) 149
(8,93) (7,93) 81
(8,93) (9,93) 140
(9,93) (8,93) 114
(9,93) (10,93) 109
(10,93) (9,93) 153
(1,94) (2,94) 68
(2,94) (1,94) 121
(2,94) (3,94) 87
(3,94) (2,94) 135
(3,94) (4,94) 111
(4,94) (3,94) 146
(4,94) (5,94) 127
(5,94) (4,94) 161
(5,94) (6,94) 94
(6,94) (5,94) 144
(6,94) (7,94) 110
(7,94) (6,94) 160
(7,94) (8,94) 69
(8,94) (7,94) 134
(8,94) (9,94) 92
(9,94) (8,94) 67
(9,94) (10,94) 139
(10,94) (9,94) 84
(1,95) (2,95) 113
(2,95) (1,95) 141
(2,95) (3,95) 143
(3,95) (2,95) 159
(3,95) (4,95) 120
(4,95) (3,95) 88
(4,95) (5,95) 103
(5,95) (4,95) 65
(5,95) (6,95) 112
(6,95) (5,95) 82
(6,95) (7,95) 109
(7,95) (6,95) 131
(7,95) (8,95) 67
(8,95) (7,95) 128
(8,95) (9,95) 108
(9,95) (8,95) 75
(9,95) (10,95) 119
(10,95) (9,95) 108
(1,96) (2,96) 82
(2,96) (1,96) 141
(2,96) (3,96) 87
(3,96) (2,96) 100
(3,96) (4,96) 88
(4,96) (3,96) 134
(4,96) (5,96) 152
(5,96) (4,96) 79
(5,96) (6,96) 126
(6,96) (5,96) 137
(6,96) (7,96) 111
(7,96) (6,96) 150
(7,96) (8,96) 101
(8,96) (7,96) 149
(8,96) (9,96) 120
(9,96) (8,96) 133
(9,96) (10,96) 135
(10,96) (9,96) 121
(1,97) (2,97) 159
(2,97) (1,97) 120
(2,97) (3,97) 155
(3,97) (2,97) 122
(3,97) (4,97) 110
(4,97) (3,97) 74
(4,97) (5,97) 66
(5,97) (4,97) 112
(5,97) (6,97) 75
(6,97) (5,97) 147
(6,97) (7,97) 122
(7,97) (6,97) 104
(7,97) (8,97) 144
(8,97) (7,97) 138
(8,97) (9,97) 73
(9,97) (8,97) 133
(9,97) (10,97) 71
(10,97) (9,97) 157
(1,98) (2,98) 130
(2,98) (1,98) 91
(2,98) (3,98) 143
(3,98) (2,98) 149
(3,98) (4,98) 100
(4,98) (3,98) 148
(4,98) (5,98) 97
(5,98) (4,98) 71
(5,98) (6,98) 108
(6,98) (5,98) 164
(6,98) (7,98) 88
(7,98) (6,98) 77
(7,98) (8,98) 114
(8,98) (7,98) 72
(8,98) (9,98) 87
(9,98) (8,98) 103
(9,98) (10,98) 91
(10,98) (9,98) 122
(1,99) (2,99) 99
(2,99) (1,99) 90
(2,99) (3,99) 131
(3,99) (2,99) 108
(3,99) (4,99) 164
(4,99) (3,99) 151
(4,99) (5,99) 118
(5,99) (4,99) 73
(5,99) (6,99) 70
(6,99) (5,99) 125
(6,99) (7,99) 81
(7,99) (6,99) 138
(7,99) (8,99) 136
(8,99) (7,99) 143
(8,99) (9,99) 158
(9,99) (8,99) 142
(9,99) (10,99) 120
(10,99) (9,99) 101
(1,100) (2,100) 104
(2,100) (1,100) 105
(2,100) (3,100) 110
(3,100) (2,100) 78
(3,100) (4,100) 142
(4,100) (3,100) 80
(4,100) (5,100) 99
(5,100) (4,100) 132
(5,100) (6,100) 79
(6,100) (5,100) 110
(6,100) (7,100) 96
(7,100) (6,100) 110
(7,100) (8,100) 65
(8,100) (7,100) 129
(8,100) (9,100) 131
(9,100) (8,100) 110
(9,100) (10,100) 143
(10,100) (9,100) 67
(1,100) t 151
(2,100) t 95
(3,100) t 127
(4,100) t 66
(5,100) t 95
(6,100) t 112
(7,100) t 92
(8,100) t 71
(9,100) t 93
(10,100) t 75
