s (1,1) 37
s (2,1) 93
s (3,1) 46
s (4,1) 58
s (5,1) 81
s (6,1) 77
s (7,1) 49
s (8,1) 92
s (9,1) 103
s (10,1) 61
s (11,1) 89
s (12,1) 95
s (13,1) 66
s (14,1) 119
s (15,1) 96
s (16,1) 45
s (17,1) 45
s (18,1) 38
s (19,1) 67
s (20,1) 116
s (21,1) 49
s (22,1) 109
s (23,1) 50
s (24,1) 99
s (25,1) 63
s (26,1) 58
s (27,1) 107
s (28,1) 85
s (29,1) 83
s (30,1) 128
s (31,1) 133
s (32,1) 77
s (33,1) 85
s (34,1) 42
s (35,1) 80
s (36,1) 39
s (37,1) 134
s (38,1) 109
s (39,1) 48
s (40,1) 57
s (41,1) 87
s (42,1) 78
s (43,1) 130
s (44,1) 114
s (45,1) 54
s (46,1) 133
s (47,1) 126
s (48,1) 110
s (49,1) 131
s (50,1) 118
s (51,1) 102
s (52,1) 100
s (53,1) 127
s (54,1) 110
s (55,1) 75
s (56,1) 76
s (57,1) 51
s (58,1) 113
s (59,1) 75
s (60,1) 132
s (61,1) 111
s (62,1) 75
s (63,1) 76
s (64,1) 85
s (65,1) 73
s (66,1) 106
s (67,1) 57
s (68,1) 108
s (69,1) 113
s (70,1) 67
s (71,1) 87
s (72,1) 99
s (73,1) 104
s (74,1) 57
s (75,1) 58
s (76,1) 98
s (77,1) 75
s (78,1) 75
s (79,1) 38
s (80,1) 122
s (81,1) 66
s (82,1) 118
s (83,1) 125
s (84,1) 58
s (85,1) 53
s (86,1) 130
s (87,1) 126
s (88,1) 50
s (89,1) 65
s (90,1) 134
s (91,1) 97
s (92,1) 53
s (93,1) 68
s (94,1) 128
s (95,1) 126
s (96,1) 75
s (97,1) 44
s (98,1) 99
s (99,1) 132
s (100,1) 115
(1,1) (1,2) 59
(2,1) (2,2) 120
(3,1) (3,2) 91
(4,1) (4,2) 64
(5,1) (5,2) 121
(6,1) (6,2) 120
(7,1) (7,2) 97
(8,1) (8,2) 122
(9,1) (9,2) 74
(10,1) (10,2) 111
(11,1) (11,2) 39
(12,1) (12,2) 112
(13,1) (13,2) 71
(14,1) (14,2) 118
(15,1) (15,2) 68
(16,1) (16,2) 128
(17,1) (17,2) 115
(18,1) (18,2) 59
(19,1) (19,2) 84
(20,1) (20,2) 131
(21,1) (21,2) 75
(22,1) (22,2) 131
(23,1) (23,2) 71
(24,1) (24,2) 117
(25,1) (25,2) 51
(26,1) (26,2) 90
(27,1) (27,2) 56
(28,1) (28,2) 100
(29,1) (29,2) 91
(30,1) (30,2) 115
(31,1) (31,2) 104
(32,1) (32,2) 45
(33,1) (33,2) 35
(34,1) (34,2) 106
(35,1) (35,2) 100
(36,1) (36,2) 124
(37,1) (37,2) 128
(38,1) (38,2) 73
(39,1) (39,2) 128
(40,1) (40,2) 106
(41,1) (41,2) 113
(42,1) (42,2) 83
(43,1) (43,2) 82
(44,1) (44,2) 78
(45,1) (45,2) 97
(46,1) (46,2) 110
(47,1) (47,2) 119
(48,1) (48,2) 48
(49,1) (49,2) 70
(50,1) (50,2) 73
(51,1) (51,2) 81
(52,1) (52,2) 88
(53,1) (53,2) 75
(54,1) (54,2) 49
(55,1) (55,2) 59
(56,1) (56,2) 118
(57,1) (57,2) 115
(58,1) (58,2) 41
(59,1) (59,2) 89
(60,1) (60,2) 40
(61,1) (61,2) 123
(62,1) (62,2) 64
(63,1) (63,2) 35
(64,1) (64,2) 99
(65,1) (65,2) 82
(66,1) (66,2) 59
(67,1) (67,2) 102
(68,1) (68,2) 104
(69,1) (69,2) 111
(70,1) (70,2) 121
(71,1) (71,2) 38
(72,1) (72,2) 46
(73,1) (73,2) 100
(74,1) (74,2) 38
(75,1) (75,2) 131
(76,1) (76,2) 120
(77,1) (77,2) 38
(78,1) (78,2) 85
(79,1) (79,2) 127
(80,1) (80,2) 112
(81,1) (81,2) 70
(82,1) (82,2) 38
(83,1) (83,2) 64
(84,1) (84,2) 87
(85,1) (85,2) 127
(86,1) (86,2) 128
(87,1) (87,2) 47
(88,1) (88,2) 53
(89,1) (89,2) 85
(90,1) (90,2) 133
(91,1) (91,2) 126
(92,1) (92,2) 102
(93,1) (93,2) 46
(94,1) (94,2) 74
(95,1) (95,2) 61
(96,1) (96,2) 35
(97,1) (97,2) 55
(98,1) (98,2) 110
(99,1) (99,2) 104
(100,1) (100,2) 75
(1,2) (1,3) 40
(2,2) (2,3) 44
(3,2) (3,3) 86
(4,2) (4,3) 126
(5,2) (5,3) 37
(6,2) (6,3) 97
(7,2) (7,3) 105
(8,2) (8,3) 99
(9,2) (9,3) 65
(10,2) (10,3) 36
(11,2) (11,3) 123
(12,2) (12,3) 54
(13,2) (13,3) 73
(14,2) (14,3) 128
(15,2) (15,3) 62
(16,2) (16,3) 132
(17,2) (17,3) 49
(18,2) (18,3) 76
(19,2) (19,3) 81
(20,2) (20,3) 107
(21,2) (21,3) 64
(22,2) (22,3) 50
(23,2) (23,3) 95
(24,2) (24,3) 67
(25,2) (25,3) 37
(26,2) (26,3) 55
(27,2) (27,3) 48
(28,2) (28,3) 67
(29,2) (29,3) 91
(30,2) (30,3) 100
(31,2) (31,3) 38
(32,2) (32,3) 42
(33,2) (33,3) 93
(34,2) (34,3) 57
(35,2) (35,3) 82
(36,2) (36,3) 54
(37,2) (37,3) 51
(38,2) (38,3) 118
(39,2) (39,3) 37
(40,2) (40,3) 134
(41,2) (41,3) 109
(42,2) (42,3) 79
(43,2) (43,3) 39
(44,2) (44,3) 128
(45,2) (45,3) 122
(46,2) (46,3) 102
(47,2) (47,3) 59
(48,2) (48,3) 94
(49,2) (49,3) 66
(50,2) (50,3) 65
(51,2) (51,3) 56
(52,2) (52,3) 102
(53,2) (53,3) 108
(54,2) (54,3) 97
(55,2) (55,3) 131
(56,2) (56,3) 66
(57,2) (57,3) 60
(58,2) (58,3) 81
(59,2) (59,3) 73
(60,2) (60,3) 78
(61,2) (61,3) 113
(62,2) (62,3) 104
(63,2) (63,3) 58
(64,2) (64,3) 121
(65,2) (65,3) 39
(66,2) (66,3) 66
(67,2) (67,3) 130
(68,2) (68,3) 114
(69,2) (69,3) 71
(70,2) (70,3) 123
(71,2) (71,3) 95
(72,2) (72,3) 122
(73,2) (73,3) 48
(74,2) (74,3) 122
(75,2) (75,3) 99
(76,2) (76,3) 120
(77,2) (77,3) 42
(78,2) (78,3) 109
(79,2) (79,3) 42
(80,2) (80,3) 54
(81,2) (81,3) 54
(82,2) (82,3) 46
(83,2) (83,3) 129
(84,2) (84,3) 72
(85,2) (85,3) 98
(86,2) (86,3) 57
(87,2) (87,3) 47
(88,2) (88,3) 76
(89,2) (89,3) 67
(90,2) (90,3) 53
(91,2) (91,3) 53
(92,2) (92,3) 59
(93,2) (93,3) 117
(94,2) (94,3) 54
(95,2) (95,3) 62
(96,2) (96,3) 79
(97,2) (97,3) 118
(98,2) (98,3) 37
(99,2) (99,3) 116
(100,2) (100,3) 122
(1,3) (1,4) 39
(2,3) (2,4) 80
(3,3) (3,4) 122
(4,3) (4,4) 87
(5,3) (5,4) 60
(6,3) (6,4) 68
(7,3) (7,4) 115
(8,3) (8,4) 124
(9,3) (9,4) 119
(10,3) (10,4) 91
(11,3) (11,4) 36
(12,3) (12,4) 99
(13,3) (13,4) 49
(14,3) (14,4) 36
(15,3) (15,4) 90
(16,3) (16,4) 131
(17,3) (17,4) 69
(18,3) (18,4) 79
(19,3) (19,4) 59
(20,3) (20,4) 112
(21,3) (21,4) 66
(22,3) (22,4) 99
(23,3) (23,4) 63
(24,3) (24,4) 132
(25,3) (25,4) 60
(26,3) (26,4) 54
(27,3) (27,4) 67
(28,3) (28,4) 108
(29,3) (29,4) 122
(30,3) (30,4) 55
(31,3) (31,4) 81
(32,3) (32,4) 126
(33,3) (33,4) 123
(34,3) (34,4) 51
(35,3) (35,4) 107
(36,3) (36,4) 64
(37,3) (37,4) 126
(38,3) (38,4) 114
(39,3) (39,4) 127
(40,3) (40,4) 134
(41,3) (41,4) 37
(42,3) (42,4) 82
(43,3) (43,4) 100
(44,3) (44,4) 126
(45,3) (45,4) 119
(46,3) (46,4) 59
(47,3) (47,4) 57
(48,3) (48,4) 81
(49,3) (49,4) 134
(50,3) (50,4) 69
(51,3) (51,4) 130
(52,3) (52,4) 123
(53,3) (53,4) 113
(54,3) (54,4) 123
(55,3) (55,4) 127
(56,3) (56,4) 60
(57,3) (57,4) 57
(58,3) (58,4) 73
(59,3) (59,4) 108
(60,3) (60,4) 117
(61,3) (61,4) 39
(62,3) (62,4) 116
(63,3) (63,4) 134
(64,3) (64,4) 62
(65,3) (65,4) 110
(66,3) (66,4) 106
(67,3) (67,4) 110
(68,3) (68,4) 114
(69,3) (69,4) 43
(70,3) (70,4) 120
(71,3) (71,4) 132
(72,3) (72,4) 85
(73,3) (73,4) 55
(74,3) (74,4) 130
(75,3) (75,4) 108
(76,3) (76,4) 67
(77,3) (77,4) 52
(78,3) (78,4) 134
(79,3) (79,4) 76
(80,3) (80,4) 60
(81,3) (81,4) 124
(82,3) (82,4) 77
(83,3) (83,4) 65
(84,3) (84,4) 64
(85,3) (85,4) 59
(86,3) (86,4) 56
(87,3) (87,4) 113
(88,3) (88,4) 118
(89,3) (89,4) 132
(90,3) (90,4) 62
(91,3) (91,4) 38
(92,3) (92,4) 46
(93,3) (93,4) 120
(94,3) (94,4) 99
(95,3) (95,4) 94
(96,3) (96,4) 62
(97,3) (97,4) 100
(98,3) (98,4) 64
(99,3) (99,4) 110
(100,3) (100,4) 112
(1,4) (1,5) 45
(2,4) (2,5) 134
(3,4) (3,5) 37
(4,4) (4,5) 45
(5,4) (5,5) 101
(6,4) (6,5) 129
(7,4) (7,5) 37
(8,4) (8,5) 116
(9,4) (9,5) 111
(10,4) (10,5) 99
(11,4) (11,5) 41
(12,4) (12,5) 126
(13,4) (13,5) 131
(14,4) (14,5) 43
(15,4) (15,5) 44
(16,4) (16,5) 72
(17,4) (17,5) 86
(18,4) (18,5) 59
(19,4) (19,5) 73
(20,4) (20,5) 96
(21,4) (21,5) 58
(22,4) (22,5) 101
(23,4) (23,5) 89
(24,4) (24,5) 54
(25,4) (25,5) 83
(26,4) (26,5) 65
(27,4) (27,5) 109
(28,4) (28,5) 106
(29,4) (29,5) 85
(30,4) (30,5) 98
(31,4) (31,5) 68
(32,4) (32,5) 118
(33,4) (33,5) 133
(34,4) (34,5) 44
(35,4) (35,5) 45
(36,4) (36,5) 97
(37,4) (37,5) 79
(38,4) (38,5) 77
(39,4) (39,5) 110
(40,4) (40,5) 80
(41,4) (41,5) 94
(42,4) (42,5) 80
(43,4) (43,5) 87
(44,4) (44,5) 82
(45,4) (45,5) 96
(46,4) (46,5) 57
(47,4) (47,5) 42
(48,4) (48,5) 83
(49,4) (49,5) 48
(50,4) (50,5) 80
(51,4) (51,5) 80
(52,4) (52,5) 113
(53,4) (53,5) 59
(54,4) (54,5) 126
(55,4) (55,5) 108
(56,4) (56,5) 42
(57,4) (57,5) 83
(58,4) (58,5) 50
(59,4) (59,5) 99
(60,4) (60,5) 94
(61,4) (61,5) 79
(62,4) (62,5) 86
(63,4) (63,5) 68
(64,4) (64,5) 82
(65,4) (65,5) 99
(66,4) (66,5) 73
(67,4) (67,5) 50
(68,4) (68,5) 83
(69,4) (69,5) 118
(70,4) (70,5) 41
(71,4) (71,5) 129
(72,4) (72,5) 69
(73,4) (73,5) 63
(74,4) (74,5) 66
(75,4) (75,5) 126
(76,4) (76,5) 43
(77,4) (77,5) 111
(78,4) (78,5) 109
(79,4) (79,5) 76
(80,4) (80,5) 80
(81,4) (81,5) 91
(82,4) (82,5) 99
(83,4) (83,5) 104
(84,4) (84,5) 101
(85,4) (85,5) 129
(86,4) (86,5) 134
(87,4) (87,5) 40
(88,4) (88,5) 125
(89,4) (89,5) 67
(90,4) (90,5) 62
(91,4) (91,5) 80
(92,4) (92,5) 50
(93,4) (93,5) 127
(94,4) (94,5) 134
(95,4) (95,5) 65
(96,4) (96,5) 121
(97,4) (97,5) 82
(98,4) (98,5) 106
(99,4) (99,5) 120
(100,4) (100,5) 54
(1,5) (1,6) 70
(2,5) (2,6) 94
(3,5) (3,6) 55
(4,5) (4,6) 75
(5,5) (5,6) 84
(6,5) (6,6) 104
(7,5) (7,6) 127
(8,5) (8,6) 39
(9,5) (9,6) 58
(10,5) (10,6) 106
(11,5) (11,6) 78
(12,5) (12,6) 103
(13,5) (13,6) 85
(14,5) (14,6) 79
(15,5) (15,6) 107
(16,5) (16,6) 67
(17,5) (17,6) 55
(18,5) (18,6) 112
(19,5) (19,6) 81
(20,5) (20,6) 60
(21,5) (21,6) 96
(22,5) (22,6) 53
(23,5) (23,6) 116
(24,5) (24,6) 87
(25,5) (25,6) 111
(26,5) (26,6) 57
(27,5) (27,6) 60
(28,5) (28,6) 86
(29,5) (29,6) 60
(30,5) (30,6) 115
(31,5) (31,6) 61
(32,5) (32,6) 122
(33,5) (33,6) 54
(34,5) (34,6) 106
(35,5) (35,6) 59
(36,5) (36,6) 35
(37,5) (37,6) 131
(38,5) (38,6) 68
(39,5) (39,6) 128
(40,5) (40,6) 53
(41,5) (41,6) 87
(42,5) (42,6) 45
(43,5) (43,6) 111
(44,5) (44,6) 81
(45,5) (45,6) 83
(46,5) (46,6) 134
(47,5) (47,6) 48
(48,5) (48,6) 125
(49,5) (49,6) 98
(50,5) (50,6) 48
(51,5) (51,6) 94
(52,5) (52,6) 62
(53,5) (53,6) 47
(54,5) (54,6) 74
(55,5) (55,6) 48
(56,5) (56,6) 123
(57,5) (57,6) 106
(58,5) (58,6) 56
(59,5) (59,6) 77
(60,5) (60,6) 42
(61,5) (61,6) 100
(62,5) (62,6) 56
(63,5) (63,6) 122
(64,5) (64,6) 91
(65,5) (65,6) 54
(66,5) (66,6) 75
(67,5) (67,6) 87
(68,5) (68,6) 125
(69,5) (69,6) 113
(70,5) (70,6) 44
(71,5) (71,6) 103
(72,5) (72,6) 109
(73,5) (73,6) 58
(74,5) (74,6) 80
(75,5) (75,6) 92
(76,5) (76,6) 82
(77,5) (77,6) 49
(78,5) (78,6) 110
(79,5) (79,6) 119
(80,5) (80,6) 86
(81,5) (81,6) 56
(82,5) (82,6) 79
(83,5) (83,6) 128
(84,5) (84,6) 80
(85,5) (85,6) 90
(86,5) (86,6) 102
(87,5) (87,6) 43
(88,5) (88,6) 99
(89,5) (89,6) 113
(90,5) (90,6) 126
(91,5) (91,6) 39
(92,5) (92,6) 108
(93,5) (93,6) 85
(94,5) (94,6) 116
(95,5) (95,6) 36
(96,5) (96,6) 117
(97,5) (97,6) 111
(98,5) (98,6) 40
(99,5) (99,6) 60
(100,5) (100,6) 56
(1,6) (1,7) 91
(2,6) (2,7) 81
(3,6) (3,7) 54
(4,6) (4,7) 90
(5,6) (5,7) 110
(6,6) (6,7) 101
(7,6) (7,7) 133
(8,6) (8,7) 117
(9,6) (9,7) 43
(10,6) (10,7) 56
(11,6) (11,7) 56
(12,6) (12,7) 86
(13,6) (13,7) 96
(14,6) (14,7) 44
(15,6) (15,7) 111
(16,6) (16,7) 117
(17,6) (17,7) 102
(18,6) (18,7) 125
(19,6) (19,7) 37
(20,6) (20,7) 51
(21,6) (21,7) 43
(22,6) (22,7) 99
(23,6) (23,7) 75
(24,6) (24,7) 38
(25,6) (25,7) 125
(26,6) (26,7) 101
(27,6) (27,7) 126
(28,6) (28,7) 104
(29,6) (29,7) 108
(30,6) (30,7) 42
(31,6) (31,7) 97
(32,6) (32,7) 89
(33,6) (33,7) 83
(34,6) (34,7) 67
(35,6) (35,7) 43
(36,6) (36,7) 54
(37,6) (37,7) 79
(38,6) (38,7) 87
(39,6) (39,7) 121
(40,6) (40,7) 127
(41,6) (41,7) 97
(42,6) (42,7) 63
(43,6) (43,7) 107
(44,6) (44,7) 117
(45,6) (45,7) 43
(46,6) (46,7) 87
(47,6) (47,7) 46
(48,6) (48,7) 38
(49,6) (49,7) 79
(50,6) (50,7) 63
(51,6) (51,7) 86
(52,6) (52,7) 76
(53,6) (53,7) 93
(54,6) (54,7) 83
(55,6) (55,7) 125
(56,6) (56,7) 60
(57,6) (57,7) 82
(58,6) (58,7) 41
(59,6) (59,7) 120
(60,6) (60,7) 84
(61,6) (61,7) 61
(62,6) (62,7) 132
(63,6) (63,7) 64
(64,6) (64,7) 39
(65,6) (65,7) 70
(66,6) (66,7) 66
(67,6) (67,7) 86
(68,6) (68,7) 76
(69,6) (69,7) 78
(70,6) (70,7) 71
(71,6) (71,7) 57
(72,6) (72,7) 35
(73,6) (73,7) 95
(74,6) (74,7) 85
(75,6) (75,7) 89
(76,6) (76,7) 51
(77,6) (77,7) 40
(78,6) (78,7) 37
(79,6) (79,7) 70
(80,6) (80,7) 103
(81,6) (81,7) 61
(82,6) (82,7) 123
(83,6) (83,7) 114
(84,6) (84,7) 104
(85,6) (85,7) 49
(86,6) (86,7) 59
(87,6) (87,7) 92
(88,6) (88,7) 39
(89,6) (89,7) 69
(90,6) (90,7) 113
(91,6) (91,7) 78
(92,6) (92,7) 125
(93,6) (93,7) 59
(94,6) (94,7) 50
(95,6) (95,7) 74
(96,6) (96,7) 126
(97,6) (97,7) 71
(98,6) (98,7) 81
(99,6) (99,7) 49
(100,6) (100,7) 44
(1,7) (1,8) 58
(2,7) (2,8) 48
(3,7) (3,8) 120
(4,7) (4,8) 105
(5,7) (5,8) 72
(6,7) (6,8) 72
(7,7) (7,8) 45
(8,7) (8,8) 104
(9,7) (9,8) 48
(10,7) (10,8) 48
(11,7) (11,8) 82
(12,7) (12,8) 111
(13,7) (13,8) 100
(14,7) (14,8) 39
(15,7) (15,8) 69
(16,7) (16,8) 81
(17,7) (17,8) 66
(18,7) (18,8) 38
(19,7) (19,8) 85
(20,7) (20,8) 118
(21,7) (21,8) 130
(22,7) (22,8) 72
(23,7) (23,8) 68
(24,7) (24,8) 131
(25,7) (25,8) 133
(26,7) (26,8) 64
(27,7) (27,8) 114
(28,7) (28,8) 108
(29,7) (29,8) 124
(30,7) (30,8) 41
(31,7) (31,8) 73
(32,7) (32,8) 82
(33,7) (33,8) 99
(34,7) (34,8) 134
(35,7) (35,8) 104
(36,7) (36,8) 87
(37,7) (37,8) 54
(38,7) (38,8) 89
(39,7) (39,8) 98
(40,7) (40,8) 104
(41,7) (41,8) 86
(42,7) (42,8) 38
(43,7) (43,8) 76
(44,7) (44,8) 82
(45,7) (45,8) 71
(46,7) (46,8) 81
(47,7) (47,8) 76
(48,7) (48,8) 85
(49,7) (49,8) 89
(50,7) (50,8) 92
(51,7) (51,8) 51
(52,7) (52,8) 130
(53,7) (53,8) 42
(54,7) (54,8) 40
(55,7) (55,8) 126
(56,7) (56,8) 110
(57,7) (57,8) 56
(58,7) (58,8) 95
(59,7) (59,8) 133
(60,7) (60,8) 82
(61,7) (61,8) 84
(62,7) (62,8) 134
(63,7) (63,8) 67
(64,7) (64,8) 74
(65,7) (65,8) 42
(66,7) (66,8) 65
(67,7) (67,8) 90
(68,7) (68,8) 102
(69,7) (69,8) 80
(70,7) (70,8) 68
(71,7) (71,8) 102
(72,7) (72,8) 99
(73,7) (73,8) 94
(74,7) (74,8) 95
(75,7) (75,8) 130
(76,7) (76,8) 113
(77,7) (77,8) 116
(78,7) (78,8) 66
(79,7) (79,8) 49
(80,7) (80,8) 109
(81,7) (81,8) 65
(82,7) (82,8) 125
(83,7) (83,8) 107
(84,7) (84,8) 111
(85,7) (85,8) 70
(86,7) (86,8) 123
(87,7) (87,8) 77
(88,7) (88,8) 98
(89,7) (89,8) 103
(90,7) (90,8) 78
(91,7) (91,8) 55
(92,7) (92,8) 103
(93,7) (93,8) 42
(94,7) (94,8) 40
(95,7) (95,8) 89
(96,7) (96,8) 64
(97,7) (97,8) 83
(98,7) (98,8) 98
(99,7) (99,8) 57
(100,7) (100,8) 73
(1,8) (1,9) 81
(2,8) (2,9) 104
(3,8) (3,9) 81
(4,8) (4,9) 65
(5,8) (5,9) 49
(6,8) (6,9) 65
(7,8) (7,9) 76
(8,8) (8,9) 36
(9,8) (9,9) 37
(10,8) (10,9) 73
(11,8) (11,9) 46
(12,8) (12,9) 94
(13,8) (13,9) 103
(14,8) (14,9) 62
(15,8) (15,9) 57
(16,8) (16,9) 112
(17,8) (17,9) 45
(18,8) (18,9) 122
(19,8) (19,9) 72
(20,8) (20,9) 83
(21,8) (21,9) 47
(22,8) (22,9) 113
(23,8) (23,9) 131
(24,8) (24,9) 108
(25,8) (25,9) 48
(26,8) (26,9) 106
(27,8) (27,9) 85
(28,8) (28,9) 108
(29,8) (29,9) 100
(30,8) (30,9) 56
(31,8) (31,9) 51
(32,8) (32,9) 105
(33,8) (33,9) 114
(34,8) (34,9) 67
(35,8) (35,9) 81
(36,8) (36,9) 103
(37,8) (37,9) 94
(38,8) (38,9) 122
(39,8) (39,9) 63
(40,8) (40,9) 78
(41,8) (41,9) 44
(42,8) (42,9) 72
(43,8) (43,9) 42
(44,8) (44,9) 102
(45,8) (45,9) 125
(46,8) (46,9) 98
(47,8) (47,9) 109
(48,8) (48,9) 82
(49,8) (49,9) 62
(50,8) (50,9) 124
(51,8) (51,9) 35
(52,8) (52,9) 61
(53,8) (53,9) 63
(54,8) (54,9) 116
(55,8) (55,9) 54
(56,8) (56,9) 56
(57,8) (57,9) 96
(58,8) (58,9) 106
(59,8) (59,9) 50
(60,8) (60,9) 58
(61,8) (61,9) 120
(62,8) (62,9) 127
(63,8) (63,9) 117
(64,8) (64,9) 93
(65,8) (65,9) 51
(66,8) (66,9) 107
(67,8) (67,9) 47
(68,8) (68,9) 131
(69,8) (69,9) 78
(70,8) (70,9) 97
(71,8) (71,9) 43
(72,8) (72,9) 127
(73,8) (73,9) 115
(74,8) (74,9) 93
(75,8) (75,9) 133
(76,8) (76,9) 107
(77,8) (77,9) 46
(78,8) (78,9) 114
(79,8) (79,9) 86
(80,8) (80,9) 88
(81,8) (81,9) 129
(82,8) (82,9) 35
(83,8) (83,9) 110
(84,8) (84,9) 60
(85,8) (85,9) 123
(86,8) (86,9) 52
(87,8) (87,9) 44
(88,8) (88,9) 77
(89,8) (89,9) 36
(90,8) (90,9) 122
(91,8) (91,9) 85
(92,8) (92,9) 134
(93,8) (93,9) 52
(94,8) (94,9) 95
(95,8) (95,9) 78
(96,8) (96,9) 35
(97,8) (97,9) 69
(98,8) (98,9) 49
(99,8) (99,9) 116
(100,8) (100,9) 38
(1,9) (1,10) 104
(2,9) (2,10) 122
(3,9) (3,10) 112
(4,9) (4,10) 128
(5,9) (5,10) 79
(6,9) (6,10) 129
(7,9) (7,10) 115
(8,9) (8,10) 76
(9,9) (9,10) 63
(10,9) (10,10) 128
(11,9) (11,10) 73
(12,9) (12,10) 46
(13,9) (13,10) 41
(14,9) (14,10) 105
(15,9) (15,10) 77
(16,9) (16,10) 113
(17,9) (17,10) 44
(18,9) (18,10) 116
(19,9) (19,10) 121
(20,9) (20,10) 119
(21,9) (21,10) 126
(22,9) (22,10) 119
(23,9) (23,10) 96
(24,9) (24,10) 88
(25,9) (25,10) 58
(26,9) (26,10) 41
(27,9) (27,10) 128
(28,9) (28,10) 75
(29,9) (29,10) 130
(30,9) (30,10) 117
(31,9) (31,10) 91
(32,9) (32,10) 108
(33,9) (33,10) 41
(34,9) (34,10) 62
(35,9) (35,10) 117
(36,9) (36,10) 49
(37,9) (37,10) 85
(38,9) (38,10) 120
(39,9) (39,10) 53
(40,9) (40,10) 104
(41,9) (41,10) 127
(42,9) (42,10) 90
(43,9) (43,10) 113
(44,9) (44,10) 117
(45,9) (45,10) 76
(46,9) (46,10) 131
(47,9) (47,10) 112
(48,9) (48,10) 110
(49,9) (49,10) 125
(50,9) (50,10) 45
(51,9) (51,10) 40
(52,9) (52,10) 39
(53,9) (53,10) 83
(54,9) (54,10) 128
(55,9) (55,10) 88
(56,9) (56,10) 64
(57,9) (57,10) 97
(58,9) (58,10) 116
(59,9) (59,10) 116
(60,9) (60,10) 110
(61,9) (61,10) 95
(62,9) (62,10) 66
(63,9) (63,10) 72
(64,9) (64,10) 66
(65,9) (65,10) 43
(66,9) (66,10) 104
(67,9) (67,10) 79
(68,9) (68,10) 69
(69,9) (69,10) 87
(70,9) (70,10) 97
(71,9) (71,10) 93
(72,9) (72,10) 109
(73,9) (73,10) 51
(74,9) (74,10) 55
(75,9) (75,10) 95
(76,9) (76,10) 89
(77,9) (77,10) 48
(78,9) (78,10) 109
(79,9) (79,10) 76
(80,9) (80,10) 128
(81,9) (81,10) 50
(82,9) (82,10) 77
(83,9) (83,10) 61
(84,9) (84,10) 64
(85,9) (85,10) 103
(86,9) (86,10) 67
(87,9) (87,10) 38
(88,9) (88,10) 35
(89,9) (89,10) 102
(90,9) (90,10) 36
(91,9) (91,10) 61
(92,9) (92,10) 107
(93,9) (93,10) 63
(94,9) (94,10) 57
(95,9) (95,10) 131
(96,9) (96,10) 38
(97,9) (97,10) 133
(98,9) (98,10) 108
(99,9) (99,10) 113
(100,9) (100,10) 105
(1,1) (2,1) 66
(2,1) (1,1) 54
(2,1) (3,1) 61
(3,1) (2,1) 118
(3,1) (4,1) 126
(4,1) (3,1) 40
(4,1) (5,1) 79
(5,1) (4,1) 129
(5,1) (6,1) 59
(6,1) (5,1) 107
(6,1) (7,1) 91
(7,1) (6,1) 51
(7,1) (8,1) 112
(8,1) (7,1) 58
(8,1) (9,1) 86
(9,1) (8,1) 103
(9,1) (10,1) 86
(10,1) (9,1) 86
(10,1) (11,1) 105
(11,1) (10,1) 131
(11,1) (12,1) 132
(12,1) (11,1) 94
(12,1) (13,1) 41
(13,1) (12,1) 99
(13,1) (14,1) 116
(14,1) (13,1) 98
(14,1) (15,1) 124
(15,1) (14,1) 97
(15,1) (16,1) 84
(16,1) (15,1) 103
(16,1) (17,1) 80
(17,1) (16,1) 40
(17,1) (18,1) 66
(18,1) (17,1) 97
(18,1) (19,1) 120
(19,1) (18,1) 58
(19,1) (20,1) 56
(20,1) (19,1) 67
(20,1) (21,1) 133
(21,1) (20,1) 134
(21,1) (22,1) 67
(22,1) (21,1) 100
(22,1) (23,1) 99
(23,1) (22,1) 120
(23,1) (24,1) 63
(24,1) (23,1) 127
(24,1) (25,1) 65
(25,1) (24,1) 132
(25,1) (26,1) 100
(26,1) (25,1) 98
(26,1) (27,1) 57
(27,1) (26,1) 69
(27,1) (28,1) 64
(28,1) (27,1) 105
(28,1) (29,1) 65
(29,1) (28,1) 134
(29,1) (30,1) 41
(30,1) (29,1) 65
(30,1) (31,1) 115
(31,1) (30,1) 60
(31,1) (32,1) 86
(32,1) (31,1) 36
(32,1) (33,1) 36
(33,1) (32,1) 39
(33,1) (34,1) 62
(34,1) (33,1) 71
(34,1) (35,1) 110
(35,1) (34,1) 103
(35,1) (36,1) 114
(36,1) (35,1) 98
(36,1) (37,1) 132
(37,1) (36,1) 91
(37,1) (38,1) 109
(38,1) (37,1) 69
(38,1) (39,1) 55
(39,1) (38,1) 57
(39,1) (40,1) 134
(40,1) (39,1) 45
(40,1) (41,1) 46
(41,1) (40,1) 122
(41,1) (42,1) 60
(42,1) (41,1) 107
(42,1) (43,1) 50
(43,1) (42,1) 61
(43,1) (44,1) 97
(44,1) (43,1) 65
(44,1) (45,1) 84
(45,1) (44,1) 111
(45,1) (46,1) 121
(46,1) (45,1) 90
(46,1) (47,1) 85
(47,1) (46,1) 69
(47,1) (48,1) 43
(48,1) (47,1) 75
(48,1) (49,1) 45
(49,1) (48,1) 85
(49,1) (50,1) 108
(50,1) (49,1) 79
(50,1) (51,1) 83
(51,1) (50,1) 116
(51,1) (52,1) 99
(52,1) (51,1) 37
(52,1) (53,1) 133
(53,1) (52,1) 129
(53,1) (54,1) 129
(54,1) (53,1) 50
(54,1) (55,1) 47
(55,1) (54,1) 40
(55,1) (56,1) 41
(56,1) (55,1) 71
(56,1) (57,1) 130
(57,1) (56,1) 61
(57,1) (58,1) 132
(58,1) (57,1) 120
(58,1) (59,1) 132
(59,1) (58,1) 104
(59,1) (60,1) 91
(60,1) (59,1) 126
(60,1) (61,1) 71
(61,1) (60,1) 63
(61,1) (62,1) 54
(62,1) (61,1) 132
(62,1) (63,1) 37
(63,1) (62,1) 93
(63,1) (64,1) 102
(64,1) (63,1) 128
(64,1) (65,1) 62
(65,1) (64,1) 39
(65,1) (66,1) 55
(66,1) (65,1) 71
(66,1) (67,1) 92
(67,1) (66,1) 101
(67,1) (68,1) 36
(68,1) (67,1) 82
(68,1) (69,1) 123
(69,1) (68,1) 100
(69,1) (70,1) 59
(70,1) (69,1) 75
(70,1) (71,1) 59
(71,1) (70,1) 51
(71,1) (72,1) 36
(72,1) (71,1) 69
(72,1) (73,1) 61
(73,1) (72,1) 91
(73,1) (74,1) 90
(74,1) (73,1) 75
(74,1) (75,1) 108
(75,1) (74,1) 132
(75,1) (76,1) 59
(76,1) (75,1) 121
(76,1) (77,1) 86
(77,1) (76,1) 69
(77,1) (78,1) 66
(78,1) (77,1) 76
(78,1) (79,1) 54
(79,1) (78,1) 41
(79,1) (80,1) 39
(80,1) (79,1) 36
(80,1) (81,1) 120
(81,1) (80,1) 124
(81,1) (82,1) 90
(82,1) (81,1) 77
(82,1) (83,1) 119
(83,1) (82,1) 46
(83,1) (84,1) 64
(84,1) (83,1) 59
(84,1) (85,1) 63
(85,1) (84,1) 82
(85,1) (86,1) 123
(86,1) (85,1) 80
(86,1) (87,1) 120
(87,1) (86,1) 99
(87,1) (88,1) 112
(88,1) (87,1) 71
(88,1) (89,1) 35
(89,1) (88,1) 57
(89,1) (90,1) 44
(90,1) (89,1) 74
(90,1) (91,1) 116
(91,1) (90,1) 86
(91,1) (92,1) 88
(92,1) (91,1) 65
(92,1) (93,1) 72
(93,1) (92,1) 133
(93,1) (94,1) 131
(94,1) (93,1) 46
(94,1) (95,1) 102
(95,1) (94,1) 47
(95,1) (96,1) 39
(96,1) (95,1) 54
(96,1) (97,1) 134
(97,1) (96,1) 85
(97,1) (98,1) 70
(98,1) (97,1) 54
(98,1) (99,1) 78
(99,1) (98,1) 130
(99,1) (100,1) 63
(100,1) (99,1) 35
(1,2) (2,2) 133
(2,2) (1,2) 126
(2,2) (3,2) 125
(3,2) (2,2) 128
(3,2) (4,2) 121
(4,2) (3,2) 97
(4,2) (5,2) 105
(5,2) (4,2) 113
(5,2) (6,2) 83
(6,2) (5,2) 65
(6,2) (7,2) 72
(7,2) (6,2) 118
(7,2) (8,2) 86
(8,2) (7,2) 39
(8,2) (9,2) 47
(9,2) (8,2) 126
(9,2) (10,2) 91
(10,2) (9,2) 81
(10,2) (11,2) 75
(11,2) (10,2) 98
(11,2) (12,2) 125
(12,2) (11,2) 89
(12,2) (13,2) 117
(13,2) (12,2) 114
(13,2) (14,2) 57
(14,2) (13,2) 110
(14,2) (15,2) 108
(15,2) (14,2) 90
(15,2) (16,2) 52
(16,2) (15,2) 71
(16,2) (17,2) 82
(17,2) (16,2) 123
(17,2) (18,2) 56
(18,2) (17,2) 70
(18,2) (19,2) 72
(19,2) (18,2) 104
(19,2) (20,2) 81
(20,2) (19,2) 48
(20,2) (21,2) 93
(21,2) (20,2) 128
(21,2) (22,2) 38
(22,2) (21,2) 55
(22,2) (23,2) 75
(23,2) (22,2) 114
(23,2) (24,2) 85
(24,2) (23,2) 37
(24,2) (25,2) 119
(25,2) (24,2) 133
(25,2) (26,2) 56
(26,2) (25,2) 110
(26,2) (27,2) 127
(27,2) (26,2) 47
(27,2) (28,2) 133
(28,2) (27,2) 61
(28,2) (29,2) 61
(29,2) (28,2) 93
(29,2) (30,2) 65
(30,2) (29,2) 94
(30,2) (31,2) 50
(31,2) (30,2) 56
(31,2) (32,2) 41
(32,2) (31,2) 84
(32,2) (33,2) 48
(33,2) (32,2) 105
(33,2) (34,2) 85
(34,2) (33,2) 134
(34,2) (35,2) 74
(35,2) (34,2) 92
(35,2) (36,2) 46
(36,2) (35,2) 83
(36,2) (37,2) 43
(37,2) (36,2) 59
(37,2) (38,2) 64
(38,2) (37,2) 134
(38,2) (39,2) 94
(39,2) (38,2) 100
(39,2) (40,2) 101
(40,2) (39,2) 66
(40,2) (41,2) 61
(41,2) (40,2) 77
(41,2) (42,2) 110
(42,2) (41,2) 134
(42,2) (43,2) 119
(43,2) (42,2) 55
(43,2) (44,2) 51
(44,2) (43,2) 129
(44,2) (45,2) 80
(45,2) (44,2) 89
(45,2) (46,2) 37
(46,2) (45,2) 65
(46,2) (47,2) 85
(47,2) (46,2) 126
(47,2) (48,2) 65
(48,2) (47,2) 133
(48,2) (49,2) 74
(49,2) (48,2) 123
(49,2) (50,2) 60
(50,2) (49,2) 55
(50,2) (51,2) 77
(51,2) (50,2) 112
(51,2) (52,2) 111
(52,2) (51,2) 72
(52,2) (53,2) 48
(53,2) (52,2) 43
(53,2) (54,2) 64
(54,2) (53,2) 59
(54,2) (55,2) 131
(55,2) (54,2) 46
(55,2) (56,2) 82
(56,2) (55,2) 68
(56,2) (57,2) 107
(57,2) (56,2) 118
(57,2) (58,2) 103
(58,2) (57,2) 69
(58,2) (59,2) 127
(59,2) (58,2) 104
(59,2) (60,2) 52
(60,2) (59,2) 96
(60,2) (61,2) 110
(61,2) (60,2) 48
(61,2) (62,2) 110
(62,2) (61,2) 128
(62,2) (63,2) 97
(63,2) (62,2) 94
(63,2) (64,2) 108
(64,2) (63,2) 42
(64,2) (65,2) 51
(65,2) (64,2) 113
(65,2) (66,2) 36
(66,2) (65,2) 45
(66,2) (67,2) 39
(67,2) (66,2) 111
(67,2) (68,2) 84
(68,2) (67,2) 117
(68,2) (69,2) 90
(69,2) (68,2) 51
(69,2) (70,2) 119
(70,2) (69,2) 57
(70,2) (71,2) 47
(71,2) (70,2) 113
(71,2) (72,2) 101
(72,2) (71,2) 81
(72,2) (73,2) 120
(73,2) (72,2) 84
(73,2) (74,2) 119
(74,2) (73,2) 51
(74,2) (75,2) 103
(75,2) (74,2) 87
(75,2) (76,2) 87
(76,2) (75,2) 93
(76,2) (77,2) 133
(77,2) (76,2) 54
(77,2) (78,2) 132
(78,2) (77,2) 55
(78,2) (79,2) 42
(79,2) (78,2) 49
(79,2) (80,2) 79
(80,2) (79,2) 55
(80,2) (81,2) 47
(81,2) (80,2) 105
(81,2) (82,2) 70
(82,2) (81,2) 123
(82,2) (83,2) 114
(83,2) (82,2) 134
(83,2) (84,2) 86
(84,2) (83,2) 92
(84,2) (85,2) 101
(85,2) (84,2) 103
(85,2) (86,2) 89
(86,2) (85,2) 77
(86,2) (87,2) 114
(87,2) (86,2) 41
(87,2) (88,2) 56
(88,2) (87,2) 87
(88,2) (89,2) 113
(89,2) (88,2) 120
(89,2) (90,2) 92
(90,2) (89,2) 62
(90,2) (91,2) 114
(91,2) (90,2) 35
(91,2) (92,2) 112
(92,2) (91,2) 102
(92,2) (93,2) 71
(93,2) (92,2) 45
(93,2) (94,2) 43
(94,2) (93,2) 117
(94,2) (95,2) 112
(95,2) (94,2) 70
(95,2) (96,2) 68
(96,2) (95,2) 92
(96,2) (97,2) 75
(97,2) (96,2) 45
(97,2) (98,2) 86
(98,2) (97,2) 38
(98,2) (99,2) 103
(99,2) (98,2) 93
(99,2) (100,2) 123
(100,2) (99,2) 96
(1,3) (2,3) 128
(2,3) (1,3) 47
(2,3) (3,3) 49
(3,3) (2,3) 123
(3,3) (4,3) 35
(4,3) (3,3) 42
(4,3) (5,3) 129
(5,3) (4,3) 132
(5,3) (6,3) 108
(6,3) (5,3) 125
(6,3) (7,3) 76
(7,3) (6,3) 41
(7,3) (8,3) 62
(8,3) (7,3) 58
(8,3) (9,3) 75
(9,3) (8,3) 70
(9,3) (10,3) 100
(10,3) (9,3) 123
(10,3) (11,3) 54
(11,3) (10,3) 71
(11,3) (12,3) 35
(12,3) (11,3) 99
(12,3) (13,3) 97
(13,3) (12,3) 121
(13,3) (14,3) 71
(14,3) (13,3) 52
(14,3) (15,3) 103
(15,3) (14,3) 65
(15,3) (16,3) 46
(16,3) (15,3) 48
(16,3) (17,3) 109
(17,3) (16,3) 48
(17,3) (18,3) 51
(18,3) (17,3) 91
(18,3) (19,3) 44
(19,3) (18,3) 85
(19,3) (20,3) 76
(20,3) (19,3) 43
(20,3) (21,3) 123
(21,3) (20,3) 102
(21,3) (22,3) 61
(22,3) (21,3) 51
(22,3) (23,3) 79
(23,3) (22,3) 134
(23,3) (24,3) 54
(24,3) (23,3) 66
(24,3) (25,3) 68
(25,3) (24,3) 128
(25,3) (26,3) 127
(26,3) (25,3) 80
(26,3) (27,3) 97
(27,3) (26,3) 44
(27,3) (28,3) 114
(28,3) (27,3) 102
(28,3) (29,3) 93
(29,3) (28,3) 115
(29,3) (30,3) 57
(30,3) (29,3) 111
(30,3) (31,3) 130
(31,3) (30,3) 132
(31,3) (32,3) 43
(32,3) (31,3) 67
(32,3) (33,3) 107
(33,3) (32,3) 74
(33,3) (34,3) 126
(34,3) (33,3) 124
(34,3) (35,3) 73
(35,3) (34,3) 50
(35,3) (36,3) 108
(36,3) (35,3) 45
(36,3) (37,3) 134
(37,3) (36,3) 67
(37,3) (38,3) 87
(38,3) (37,3) 39
(38,3) (39,3) 43
(39,3) (38,3) 41
(39,3) (40,3) 121
(40,3) (39,3) 116
(40,3) (41,3) 64
(41,3) (40,3) 106
(41,3) (42,3) 80
(42,3) (41,3) 94
(42,3) (43,3) 86
(43,3) (42,3) 116
(43,3) (44,3) 83
(44,3) (43,3) 112
(44,3) (45,3) 48
(45,3) (44,3) 76
(45,3) (46,3) 95
(46,3) (45,3) 52
(46,3) (47,3) 91
(47,3) (46,3) 37
(47,3) (48,3) 106
(48,3) (47,3) 69
(48,3) (49,3) 61
(49,3) (48,3) 109
(49,3) (50,3) 66
(50,3) (49,3) 85
(50,3) (51,3) 85
(51,3) (50,3) 96
(51,3) (52,3) 70
(52,3) (51,3) 64
(52,3) (53,3) 126
(53,3) (52,3) 42
(53,3) (54,3) 134
(54,3) (53,3) 52
(54,3) (55,3) 86
(55,3) (54,3) 111
(55,3) (56,3) 76
(56,3) (55,3) 80
(56,3) (57,3) 113
(57,3) (56,3) 127
(57,3) (58,3) 48
(58,3) (57,3) 35
(58,3) (59,3) 131
(59,3) (58,3) 97
(59,3) (60,3) 72
(60,3) (59,3) 101
(60,3) (61,3) 130
(61,3) (60,3) 41
(61,3) (62,3) 85
(62,3) (61,3) 109
(62,3) (63,3) 45
(63,3) (62,3) 65
(63,3) (64,3) 91
(64,3) (63,3) 127
(64,3) (65,3) 119
(65,3) (64,3) 53
(65,3) (66,3) 115
(66,3) (65,3) 99
(66,3) (67,3) 124
(67,3) (66,3) 123
(67,3) (68,3) 92
(68,3) (67,3) 80
(68,3) (69,3) 87
(69,3) (68,3) 54
(69,3) (70,3) 71
(70,3) (69,3) 106
(70,3) (71,3) 96
(71,3) (70,3) 104
(71,3) (72,3) 120
(72,3) (71,3) 97
(72,3) (73,3) 69
(73,3) (72,3) 123
(73,3) (74,3) 94
(74,3) (73,3) 106
(74,3) (75,3) 124
(75,3) (74,3) 112
(75,3) (76,3) 87
(76,3) (75,3) 125
(76,3) (77,3) 112
(77,3) (76,3) 118
(77,3) (78,3) 102
(78,3) (77,3) 69
(78,3) (79,3) 97
(79,3) (78,3) 131
(79,3) (80,3) 130
(80,3) (79,3) 73
(80,3) (81,3) 65
(81,3) (80,3) 86
(81,3) (82,3) 132
(82,3) (81,3) 36
(82,3) (83,3) 66
(83,3) (82,3) 132
(83,3) (84,3) 128
(84,3) (83,3) 64
(84,3) (85,3) 130
(85,3) (84,3) 85
(85,3) (86,3) 77
(86,3) (85,3) 109
(86,3) (87,3) 86
(87,3) (86,3) 39
(87,3) (88,3) 39
(88,3) (87,3) 88
(88,3) (89,3) 83
(89,3) (88,3) 122
(89,3) (90,3) 63
(90,3) (89,3) 55
(90,3) (91,3) 35
(91,3) (90,3) 124
(91,3) (92,3) 74
(92,3) (91,3) 119
(92,3) (93,3) 36
(93,3) (92,3) 95
(93,3) (94,3) 70
(94,3) (93,3) 101
(94,3) (95,3) 115
(95,3) (94,3) 56
(95,3) (96,3) 102
(96,3) (95,3) 75
(96,3) (97,3) 72
(97,3) (96,3) 88
(97,3) (98,3) 113
(98,3) (97,3) 42
(98,3) (99,3) 110
(99,3) (98,3) 75
(99,3) (100,3) 107
(100,3) (99,3) 66
(1,4) (2,4) 129
(2,4) (1,4) 122
(2,4) (3,4) 72
(3,4) (2,4) 74
(3,4) (4,4) 52
(4,4) (3,4) 40
(4,4) (5,4) 102
(5,4) (4,4) 110
(5,4) (6,4) 63
(6,4) (5,4) 96
(6,4) (7,4) 74
(7,4) (6,4) 79
(7,4) (8,4) 118
(8,4) (7,4) 115
(8,4) (9,4) 46
(9,4) (8,4) 60
(9,4) (10,4) 44
(10,4) (9,4) 77
(10,4) (11,4) 98
(11,4) (10,4) 76
(11,4) (12,4) 122
(12,4) (11,4) 55
(12,4) (13,4) 57
(13,4) (12,4) 129
(13,4) (14,4) 102
(14,4) (13,4) 127
(14,4) (15,4) 63
(15,4) (14,4) 61
(15,4) (16,4) 125
(16,4) (15,4) 91
(16,4) (17,4) 93
(17,4) (16,4) 120
(17,4) (18,4) 50
(18,4) (17,4) 117
(18,4) (19,4) 77
(19,4) (18,4) 104
(19,4) (20,4) 130
(20,4) (19,4) 104
(20,4) (21,4) 93
(21,4) (20,4) 64
(21,4) (22,4) 69
(22,4) (21,4) 49
(22,4) (23,4) 87
(23,4) (22,4) 89
(23,4) (24,4) 73
(24,4) (23,4) 57
(24,4) (25,4) 95
(25,4) (24,4) 112
(25,4) (26,4) 99
(26,4) (25,4) 42
(26,4) (27,4) 125
(27,4) (26,4) 106
(27,4) (28,4) 47
(28,4) (27,4) 93
(28,4) (29,4) 37
(29,4) (28,4) 94
(29,4) (30,4) 69
(30,4) (29,4) 90
(30,4) (31,4) 121
(31,4) (30,4) 95
(31,4) (32,4) 130
(32,4) (31,4) 93
(32,4) (33,4) 70
(33,4) (32,4) 82
(33,4) (34,4) 68
(34,4) (33,4) 69
(34,4) (35,4) 95
(35,4) (34,4) 103
(35,4) (36,4) 119
(36,4) (35,4) 95
(36,4) (37,4) 104
(37,4) (36,4) 113
(37,4) (38,4) 113
(38,4) (37,4) 97
(38,4) (39,4) 75
(39,4) (38,4) 65
(39,4) (40,4) 85
(40,4) (39,4) 91
(40,4) (41,4) 133
(41,4) (40,4) 107
(41,4) (42,4) 117
(42,4) (41,4) 39
(42,4) (43,4) 91
(43,4) (42,4) 99
(43,4) (44,4) 53
(44,4) (43,4) 73
(44,4) (45,4) 55
(45,4) (44,4) 79
(45,4) (46,4) 108
(46,4) (45,4) 39
(46,4) (47,4) 123
(47,4) (46,4) 78
(47,4) (48,4) 46
(48,4) (47,4) 80
(48,4) (49,4) 118
(49,4) (48,4) 126
(49,4) (50,4) 75
(50,4) (49,4) 124
(50,4) (51,4) 83
(51,4) (50,4) 103
(51,4) (52,4) 104
(52,4) (51,4) 92
(52,4) (53,4) 107
(53,4) (52,4) 36
(53,4) (54,4) 96
(54,4) (53,4) 100
(54,4) (55,4) 57
(55,4) (54,4) 87
(55,4) (56,4) 114
(56,4) (55,4) 96
(56,4) (57,4) 100
(57,4) (56,4) 56
(57,4) (58,4) 50
(58,4) (57,4) 53
(58,4) (59,4) 121
(59,4) (58,4) 104
(59,4) (60,4) 126
(60,4) (59,4) 93
(60,4) (61,4) 56
(61,4) (60,4) 96
(61,4) (62,4) 59
(62,4) (61,4) 57
(62,4) (63,4) 74
(63,4) (62,4) 105
(63,4) (64,4) 69
(64,4) (63,4) 128
(64,4) (65,4) 129
(65,4) (64,4) 58
(65,4) (66,4) 88
(66,4) (65,4) 69
(66,4) (67,4) 96
(67,4) (66,4) 121
(67,4) (68,4) 37
(68,4) (67,4) 120
(68,4) (69,4) 77
(69,4) (68,4) 84
(69,4) (70,4) 101
(70,4) (69,4) 38
(70,4) (71,4) 42
(71,4) (70,4) 96
(71,4) (72,4) 92
(72,4) (71,4) 65
(72,4) (73,4) 48
(73,4) (72,4) 89
(73,4) (74,4) 70
(74,4) (73,4) 90
(74,4) (75,4) 119
(75,4) (74,4) 88
(75,4) (76,4) 92
(76,4) (75,4) 61
(76,4) (77,4) 134
(77,4) (76,4) 112
(77,4) (78,4) 58
(78,4) (77,4) 121
(78,4) (79,4) 114
(79,4) (78,4) 132
(79,4) (80,4) 118
(80,4) (79,4) 47
(80,4) (81,4) 67
(81,4) (80,4) 48
(81,4) (82,4) 69
(82,4) (81,4) 120
(82,4) (83,4) 59
(83,4) (82,4) 76
(83,4) (84,4) 73
(84,4) (83,4) 78
(84,4) (85,4) 64
(85,4) (84,4) 98
(85,4) (86,4) 115
(86,4) (85,4) 131
(86,4) (87,4) 37
(87,4) (86,4) 123
(87,4) (88,4) 98
(88,4) (87,4) 66
(88,4) (89,4) 69
(89,4) (88,4) 132
(89,4) (90,4) 58
(90,4) (89,4) 112
(90,4) (91,4) 91
(91,4) (90,4) 51
(91,4) (92,4) 39
(92,4) (91,4) 50
(92,4) (93,4) 126
(93,4) (92,4) 89
(93,4) (94,4) 130
(94,4) (93,4) 113
(94,4) (95,4) 121
(95,4) (94,4) 52
(95,4) (96,4) 126
(96,4) (95,4) 74
(96,4) (97,4) 51
(97,4) (96,4) 46
(97,4) (98,4) 127
(98,4) (97,4) 97
(98,4) (99,4) 71
(99,4) (98,4) 97
(99,4) (100,4) 57
(100,4) (99,4) 63
(1,5) (2,5) 50
(2,5) (1,5) 114
(2,5) (3,5) 128
(3,5) (2,5) 103
(3,5) (4,5) 50
(4,5) (3,5) 112
(4,5) (5,5) 129
(5,5) (4,5) 118
(5,5) (6,5) 62
(6,5) (5,5) 58
(6,5) (7,5) 36
(7,5) (6,5) 117
(7,5) (8,5) 127
(8,5) (7,5) 125
(8,5) (9,5) 72
(9,5) (8,5) 76
(9,5) (10,5) 40
(10,5) (9,5) 113
(10,5) (11,5) 45
(11,5) (10,5) 106
(11,5) (12,5) 129
(12,5) (11,5) 112
(12,5) (13,5) 117
(13,5) (12,5) 60
(13,5) (14,5) 99
(14,5) (13,5) 44
(14,5) (15,5) 71
(15,5) (14,5) 132
(15,5) (16,5) 36
(16,5) (15,5) 74
(16,5) (17,5) 128
(17,5) (16,5) 122
(17,5) (18,5) 65
(18,5) (17,5) 75
(18,5) (19,5) 96
(19,5) (18,5) 90
(19,5) (20,5) 130
(20,5) (19,5) 112
(20,5) (21,5) 49
(21,5) (20,5) 109
(21,5) (22,5) 85
(22,5) (21,5) 74
(22,5) (23,5) 118
(23,5) (22,5) 79
(23,5) (24,5) 103
(24,5) (23,5) 59
(24,5) (25,5) 71
(25,5) (24,5) 66
(25,5) (26,5) 48
(26,5) (25,5) 49
(26,5) (27,5) 89
(27,5) (26,5) 100
(27,5) (28,5) 86
(28,5) (27,5) 76
(28,5) (29,5) 95
(29,5) (28,5) 98
(29,5) (30,5) 81
(30,5) (29,5) 132
(30,5) (31,5) 120
(31,5) (30,5) 77
(31,5) (32,5) 79
(32,5) (31,5) 69
(32,5) (33,5) 115
(33,5) (32,5) 72
(33,5) (34,5) 127
(34,5) (33,5) 94
(34,5) (35,5) 117
(35,5) (34,5) 60
(35,5) (36,5) 88
(36,5) (35,5) 46
(36,5) (37,5) 125
(37,5) (36,5) 108
(37,5) (38,5) 100
(38,5) (37,5) 46
(38,5) (39,5) 103
(39,5) (38,5) 80
(39,5) (40,5) 90
(40,5) (39,5) 72
(40,5) (41,5) 80
(41,5) (40,5) 88
(41,5) (42,5) 54
(42,5) (41,5) 101
(42,5) (43,5) 89
(43,5) (42,5) 115
(43,5) (44,5) 107
(44,5) (43,5) 81
(44,5) (45,5) 87
(45,5) (44,5) 59
(45,5) (46,5) 95
(46,5) (45,5) 88
(46,5) (47,5) 66
(47,5) (46,5) 40
(47,5) (48,5) 131
(48,5) (47,5) 61
(48,5) (49,5) 50
(49,5) (48,5) 128
(49,5) (50,5) 49
(50,5) (49,5) 64
(50,5) (51,5) 52
(51,5) (50,5) 45
(51,5) (52,5) 109
(52,5) (51,5) 110
(52,5) (53,5) 106
(53,5) (52,5) 79
(53,5) (54,5) 88
(54,5) (53,5) 132
(54,5) (55,5) 67
(55,5) (54,5) 110
(55,5) (56,5) 96
(56,5) (55,5) 133
(56,5) (57,5) 102
(57,5) (56,5) 39
(57,5) (58,5) 81
(58,5) (57,5) 96
(58,5) (59,5) 133
(59,5) (58,5) 99
(59,5) (60,5) 128
(60,5) (59,5) 122
(60,5) (61,5) 65
(61,5) (60,5) 53
(61,5) (62,5) 47
(62,5) (61,5) 37
(62,5) (63,5) 41
(63,5) (62,5) 125
(63,5) (64,5) 52
(64,5) (63,5) 43
(64,5) (65,5) 125
(65,5) (64,5) 59
(65,5) (66,5) 124
(66,5) (65,5) 110
(66,5) (67,5) 42
(67,5) (66,5) 61
(67,5) (68,5) 84
(68,5) (67,5) 60
(68,5) (69,5) 39
(69,5) (68,5) 93
(69,5) (70,5) 106
(70,5) (69,5) 133
(70,5) (71,5) 119
(71,5) (70,5) 91
(71,5) (72,5) 62
(72,5) (71,5) 60
(72,5) (73,5) 130
(73,5) (72,5) 123
(73,5) (74,5) 111
(74,5) (73,5) 115
(74,5) (75,5) 129
(75,5) (74,5) 84
(75,5) (76,5) 62
(76,5) (75,5) 91
(76,5) (77,5) 51
(77,5) (76,5) 96
(77,5) (78,5) 102
(78,5) (77,5) 75
(78,5) (79,5) 70
(79,5) (78,5) 40
(79,5) (80,5) 131
(80,5) (79,5) 117
(80,5) (81,5) 71
(81,5) (80,5) 60
(81,5) (82,5) 114
(82,5) (81,5) 67
(82,5) (83,5) 62
(83,5) (82,5) 133
(83,5) (84,5) 53
(84,5) (83,5) 57
(84,5) (85,5) 118
(85,5) (84,5) 103
(85,5) (86,5) 84
(86,5) (85,5) 85
(86,5) (87,5) 101
(87,5) (86,5) 93
(87,5) (88,5) 131
(88,5) (87,5) 131
(88,5) (89,5) 119
(89,5) (88,5) 107
(89,5) (90,5) 90
(90,5) (89,5) 54
(90,5) (91,5) 46
(91,5) (90,5) 55
(91,5) (92,5) 40
(92,5) (91,5) 44
(92,5) (93,5) 75
(93,5) (92,5) 81
(93,5) (94,5) 44
(94,5) (93,5) 106
(94,5) (95,5) 119
(95,5) (94,5) 70
(95,5) (96,5) 112
(96,5) (95,5) 37
(96,5) (97,5) 129
(97,5) (96,5) 128
(97,5) (98,5) 132
(98,5) (97,5) 126
(98,5) (99,5) 40
(99,5) (98,5) 43
(99,5) (100,5) 61
(100,5) (99,5) 112
(1,6) (2,6) 60
(2,6) (1,6) 132
(2,6) (3,6) 99
(3,6) (2,6) 71
(3,6) (4,6) 43
(4,6) (3,6) 55
(4,6) (5,6) 72
(5,6) (4,6) 49
(5,6) (6,6) 110
(6,6) (5,6) 112
(6,6) (7,6) 76
(7,6) (6,6) 129
(7,6) (8,6) 74
(8,6) (7,6) 134
(8,6) (9,6) 67
(9,6) (8,6) 78
(9,6) (10,6) 77
(10,6) (9,6) 71
(10,6) (11,6) 49
(11,6) (10,6) 61
(11,6) (12,6) 122
(12,6) (11,6) 61
(12,6) (13,6) 94
(13,6) (12,6) 51
(13,6) (14,6) 74
(14,6) (13,6) 35
(14,6) (15,6) 117
(15,6) (14,6) 58
(15,6) (16,6) 104
(16,6) (15,6) 116
(16,6) (17,6) 55
(17,6) (16,6) 93
(17,6) (18,6) 96
(18,6) (17,6) 52
(18,6) (19,6) 119
(19,6) (18,6) 80
(19,6) (20,6) 67
(20,6) (19,6) 48
(20,6) (21,6) 92
(21,6) (20,6) 123
(21,6) (22,6) 43
(22,6) (21,6) 117
(22,6) (23,6) 107
(23,6) (22,6) 60
(23,6) (24,6) 95
(24,6) (23,6) 106
(24,6) (25,6) 61
(25,6) (24,6) 71
(25,6) (26,6) 39
(26,6) (25,6) 47
(26,6) (27,6) 77
(27,6) (26,6) 129
(27,6) (28,6) 114
(28,6) (27,6) 122
(28,6) (29,6) 81
(29,6) (28,6) 121
(29,6) (30,6) 67
(30,6) (29,6) 120
(30,6) (31,6) 51
(31,6) (30,6) 64
(31,6) (32,6) 86
(32,6) (31,6) 45
(32,6) (33,6) 128
(33,6) (32,6) 73
(33,6) (34,6) 72
(34,6) (33,6) 129
(34,6) (35,6) 76
(35,6) (34,6) 129
(35,6) (36,6) 51
(36,6) (35,6) 70
(36,6) (37,6) 47
(37,6) (36,6) 55
(37,6) (38,6) 50
(38,6) (37,6) 67
(38,6) (39,6) 124
(39,6) (38,6) 58
(39,6) (40,6) 60
(40,6) (39,6) 72
(40,6) (41,6) 53
(41,6) (40,6) 46
(41,6) (42,6) 103
(42,6) (41,6) 113
(42,6) (43,6) 68
(43,6) (42,6) 54
(43,6) (44,6) 35
(44,6) (43,6) 45
(44,6) (45,6) 37
(45,6) (44,6) 129
(45,6) (46,6) 80
(46,6) (45,6) 59
(46,6) (47,6) 77
(47,6) (46,6) 100
(47,6) (48,6) 118
(48,6) (47,6) 64
(48,6) (49,6) 79
(49,6) (48,6) 91
(49,6) (50,6) 41
(50,6) (49,6) 84
(50,6) (51,6) 117
(51,6) (50,6) 131
(51,6) (52,6) 98
(52,6) (51,6) 40
(52,6) (53,6) 122
(53,6) (52,6) 79
(53,6) (54,6) 70
(54,6) (53,6) 41
(54,6) (55,6) 95
(55,6) (54,6) 81
(55,6) (56,6) 117
(56,6) (55,6) 42
(56,6) (57,6) 69
(57,6) (56,6) 40
(57,6) (58,6) 117
(58,6) (57,6) 72
(58,6) (59,6) 110
(59,6) (58,6) 52
(59,6) (60,6) 101
(60,6) (59,6) 122
(60,6) (61,6) 87
(61,6) (60,6) 130
(61,6) (62,6) 109
(62,6) (61,6) 49
(62,6) (63,6) 110
(63,6) (62,6) 73
(63,6) (64,6) 77
(64,6) (63,6) 130
(64,6) (65,6) 124
(65,6) (64,6) 63
(65,6) (66,6) 62
(66,6) (65,6) 104
(66,6) (67,6) 128
(67,6) (66,6) 89
(67,6) (68,6) 133
(68,6) (67,6) 106
(68,6) (69,6) 132
(69,6) (68,6) 131
(69,6) (70,6) 75
(70,6) (69,6) 60
(70,6) (71,6) 52
(71,6) (70,6) 91
(71,6) (72,6) 122
(72,6) (71,6) 50
(72,6) (73,6) 125
(73,6) (72,6) 99
(73,6) (74,6) 67
(74,6) (73,6) 109
(74,6) (75,6) 71
(75,6) (74,6) 115
(75,6) (76,6) 124
(76,6) (75,6) 102
(76,6) (77,6) 79
(77,6) (76,6) 57
(77,6) (78,6) 65
(78,6) (77,6) 94
(78,6) (79,6) 40
(79,6) (78,6) 125
(79,6) (80,6) 118
(80,6) (79,6) 128
(80,6) (81,6) 40
(81,6) (80,6) 41
(81,6) (82,6) 108
(82,6) (81,6) 131
(82,6) (83,6) 132
(83,6) (82,6) 122
(83,6) (84,6) 38
(84,6) (83,6) 43
(84,6) (85,6) 42
(85,6) (84,6) 49
(85,6) (86,6) 119
(86,6) (85,6) 71
(86,6) (87,6) 39
(87,6) (86,6) 48
(87,6) (88,6) 75
(88,6) (87,6) 114
(88,6) (89,6) 61
(89,6) (88,6) 134
(89,6) (90,6) 43
(90,6) (89,6) 131
(90,6) (91,6) 82
(91,6) (90,6) 38
(91,6) (92,6) 77
(92,6) (91,6) 83
(92,6) (93,6) 52
(93,6) (92,6) 69
(93,6) (94,6) 92
(94,6) (93,6) 37
(94,6) (95,6) 129
(95,6) (94,6) 122
(95,6) (96,6) 116
(96,6) (95,6) 36
(96,6) (97,6) 131
(97,6) (96,6) 42
(97,6) (98,6) 35
(98,6) (97,6) 73
(98,6) (99,6) 72
(99,6) (98,6) 117
(99,6) (100,6) 110
(100,6) (99,6) 121
(1,7) (2,7) 95
(2,7) (1,7) 115
(2,7) (3,7) 100
(3,7) (2,7) 63
(3,7) (4,7) 92
(4,7) (3,7) 134
(4,7) (5,7) 40
(5,7) (4,7) 71
(5,7) (6,7) 126
(6,7) (5,7) 41
(6,7) (7,7) 81
(7,7) (6,7) 78
(7,7) (8,7) 53
(8,7) (7,7) 82
(8,7) (9,7) 134
(9,7) (8,7) 54
(9,7) (10,7) 54
(10,7) (9,7) 38
(10,7) (11,7) 128
(11,7) (10,7) 127
(11,7) (12,7) 59
(12,7) (11,7) 133
(12,7) (13,7) 105
(13,7) (12,7) 88
(13,7) (14,7) 99
(14,7) (13,7) 57
(14,7) (15,7) 67
(15,7) (14,7) 63
(15,7) (16,7) 58
(16,7) (15,7) 131
(16,7) (17,7) 98
(17,7) (16,7) 43
(17,7) (18,7) 63
(18,7) (17,7) 124
(18,7) (19,7) 99
(19,7) (18,7) 112
(19,7) (20,7) 79
(20,7) (19,7) 67
(20,7) (21,7) 118
(21,7) (20,7) 106
(21,7) (22,7) 116
(22,7) (21,7) 45
(22,7) (23,7) 38
(23,7) (22,7) 127
(23,7) (24,7) 86
(24,7) (23,7) 87
(24,7) (25,7) 121
(25,7) (24,7) 112
(25,7) (26,7) 61
(26,7) (25,7) 60
(26,7) (27,7) 127
(27,7) (26,7) 131
(27,7) (28,7) 68
(28,7) (27,7) 90
(28,7) (29,7) 89
(29,7) (28,7) 70
(29,7) (30,7) 134
(30,7) (29,7) 126
(30,7) (31,7) 35
(31,7) (30,7) 40
(31,7) (32,7) 96
(32,7) (31,7) 92
(32,7) (33,7) 61
(33,7) (32,7) 69
(33,7) (34,7) 111
(34,7) (33,7) 93
(34,7) (35,7) 71
(35,7) (34,7) 105
(35,7) (36,7) 128
(36,7) (35,7) 112
(36,7) (37,7) 76
(37,7) (36,7) 90
(37,7) (38,7) 90
(38,7) (37,7) 41
(38,7) (39,7) 126
(39,7) (38,7) 134
(39,7) (40,7) 54
(40,7) (39,7) 105
(40,7) (41,7) 81
(41,7) (40,7) 123
(41,7) (42,7) 114
(42,7) (41,7) 123
(42,7) (43,7) 82
(43,7) (42,7) 46
(43,7) (44,7) 37
(44,7) (43,7) 96
(44,7) (45,7) 78
(45,7) (44,7) 72
(45,7) (46,7) 56
(46,7) (45,7) 129
(46,7) (47,7) 96
(47,7) (46,7) 61
(47,7) (48,7) 51
(48,7) (47,7) 67
(48,7) (49,7) 59
(49,7) (48,7) 119
(49,7) (50,7) 86
(50,7) (49,7) 48
(50,7) (51,7) 129
(51,7) (50,7) 46
(51,7) (52,7) 78
(52,7) (51,7) 117
(52,7) (53,7) 78
(53,7) (52,7) 130
(53,7) (54,7) 112
(54,7) (53,7) 133
(54,7) (55,7) 129
(55,7) (54,7) 58
(55,7) (56,7) 57
(56,7) (55,7) 123
(56,7) (57,7) 62
(57,7) (56,7) 133
(57,7) (58,7) 37
(58,7) (57,7) 72
(58,7) (59,7) 60
(59,7) (58,7) 91
(59,7) (60,7) 62
(60,7) (59,7) 96
(60,7) (61,7) 113
(61,7) (60,7) 129
(61,7) (62,7) 68
(62,7) (61,7) 99
(62,7) (63,7) 133
(63,7) (62,7) 46
(63,7) (64,7) 115
(64,7) (63,7) 86
(64,7) (65,7) 72
(65,7) (64,7) 37
(65,7) (66,7) 105
(66,7) (65,7) 63
(66,7) (67,7) 69
(67,7) (66,7) 40
(67,7) (68,7) 91
(68,7) (67,7) 94
(68,7) (69,7) 92
(69,7) (68,7) 36
(69,7) (70,7) 70
(70,7) (69,7) 49
(70,7) (71,7) 42
(71,7) (70,7) 120
(71,7) (72,7) 71
(72,7) (71,7) 75
(72,7) (73,7) 112
(73,7) (72,7) 96
(73,7) (74,7) 85
(74,7) (73,7) 106
(74,7) (75,7) 42
(75,7) (74,7) 51
(75,7) (76,7) 131
(76,7) (75,7) 82
(76,7) (77,7) 71
(77,7) (76,7) 112
(77,7) (78,7) 122
(78,7) (77,7) 67
(78,7) (79,7) 103
(79,7) (78,7) 114
(79,7) (80,7) 124
(80,7) (79,7) 63
(80,7) (81,7) 96
(81,7) (80,7) 111
(81,7) (82,7) 131
(82,7) (81,7) 54
(82,7) (83,7) 82
(83,7) (82,7) 59
(83,7) (84,7) 45
(84,7) (83,7) 130
(84,7) (85,7) 42
(85,7) (84,7) 118
(85,7) (86,7) 53
(86,7) (85,7) 62
(86,7) (87,7) 42
(87,7) (86,7) 107
(87,7) (88,7) 80
(88,7) (87,7) 99
(88,7) (89,7) 131
(89,7) (88,7) 74
(89,7) (90,7) 126
(90,7) (89,7) 98
(90,7) (91,7) 112
(91,7) (90,7) 49
(91,7) (92,7) 44
(92,7) (91,7) 66
(92,7) (93,7) 39
(93,7) (92,7) 71
(93,7) (94,7) 51
(94,7) (93,7) 50
(94,7) (95,7) 122
(95,7) (94,7) 89
(95,7) (96,7) 38
(96,7) (95,7) 131
(96,7) (97,7) 120
(97,7) (96,7) 77
(97,7) (98,7) 48
(98,7) (97,7) 83
(98,7) (99,7) 81
(99,7) (98,7) 130
(99,7) (100,7) 117
(100,7) (99,7) 107
(1,8) (2,8) 72
(2,8) (1,8) 134
(2,8) (3,8) 69
(3,8) (2,8) 39
(3,8) (4,8) 113
(4,8) (3,8) 96
(4,8) (5,8) 52
(5,8) (4,8) 43
(5,8) (6,8) 120
(6,8) (5,8) 133
(6,8) (7,8) 37
(7,8) (6,8) 91
(7,8) (8,8) 101
(8,8) (7,8) 94
(8,8) (9,8) 120
(9,8) (8,8) 36
(9,8) (10,8) 69
(10,8) (9,8) 48
(10,8) (11,8) 94
(11,8) (10,8) 82
(11,8) (12,8) 113
(12,8) (11,8) 37
(12,8) (13,8) 45
(13,8) (12,8) 85
(13,8) (14,8) 62
(14,8) (13,8) 47
(14,8) (15,8) 117
(15,8) (14,8) 92
(15,8) (16,8) 38
(16,8) (15,8) 69
(16,8) (17,8) 103
(17,8) (16,8) 123
(17,8) (18,8) 71
(18,8) (17,8) 95
(18,8) (19,8) 117
(19,8) (18,8) 88
(19,8) (20,8) 78
(20,8) (19,8) 91
(20,8) (21,8) 51
(21,8) (20,8) 57
(21,8) (22,8) 50
(22,8) (21,8) 75
(22,8) (23,8) 101
(23,8) (22,8) 96
(23,8) (24,8) 58
(24,8) (23,8) 121
(24,8) (25,8) 109
(25,8) (24,8) 71
(25,8) (26,8) 37
(26,8) (25,8) 121
(26,8) (27,8) 103
(27,8) (26,8) 121
(27,8) (28,8) 85
(28,8) (27,8) 55
(28,8) (29,8) 53
(29,8) (28,8) 123
(29,8) (30,8) 68
(30,8) (29,8) 125
(30,8) (31,8) 81
(31,8) (30,8) 56
(31,8) (32,8) 92
(32,8) (31,8) 81
(32,8) (33,8) 100
(33,8) (32,8) 90
(33,8) (34,8) 58
(34,8) (33,8) 120
(34,8) (35,8) 101
(35,8) (34,8) 102
(35,8) (36,8) 70
(36,8) (35,8) 107
(36,8) (37,8) 37
(37,8) (36,8) 87
(37,8) (38,8) 133
(38,8) (37,8) 118
(38,8) (39,8) 114
(39,8) (38,8) 104
(39,8) (40,8) 39
(40,8) (39,8) 119
(40,8) (41,8) 134
(41,8) (40,8) 64
(41,8) (42,8) 39
(42,8) (41,8) 109
(42,8) (43,8) 43
(43,8) (42,8) 86
(43,8) (44,8) 102
(44,8) (43,8) 65
(44,8) (45,8) 41
(45,8) (44,8) 107
(45,8) (46,8) 93
(46,8) (45,8) 127
(46,8) (47,8) 61
(47,8) (46,8) 96
(47,8) (48,8) 36
(48,8) (47,8) 38
(48,8) (49,8) 98
(49,8) (48,8) 94
(49,8) (50,8) 64
(50,8) (49,8) 87
(50,8) (51,8) 53
(51,8) (50,8) 124
(51,8) (52,8) 100
(52,8) (51,8) 84
(52,8) (53,8) 105
(53,8) (52,8) 102
(53,8) (54,8) 93
(54,8) (53,8) 48
(54,8) (55,8) 77
(55,8) (54,8) 104
(55,8) (56,8) 91
(56,8) (55,8) 79
(56,8) (57,8) 106
(57,8) (56,8) 79
(57,8) (58,8) 104
(58,8) (57,8) 56
(58,8) (59,8) 62
(59,8) (58,8) 114
(59,8) (60,8) 119
(60,8) (59,8) 55
(60,8) (61,8) 59
(61,8) (60,8) 58
(61,8) (62,8) 61
(62,8) (61,8) 53
(62,8) (63,8) 92
(63,8) (62,8) 46
(63,8) (64,8) 62
(64,8) (63,8) 107
(64,8) (65,8) 73
(65,8) (64,8) 97
(65,8) (66,8) 47
(66,8) (65,8) 71
(66,8) (67,8) 35
(67,8) (66,8) 118
(67,8) (68,8) 101
(68,8) (67,8) 43
(68,8) (69,8) 117
(69,8) (68,8) 134
(69,8) (70,8) 50
(70,8) (69,8) 132
(70,8) (71,8) 77
(71,8) (70,8) 54
(71,8) (72,8) 63
(72,8) (71,8) 134
(72,8) (73,8) 94
(73,8) (72,8) 116
(73,8) (74,8) 118
(74,8) (73,8) 78
(74,8) (75,8) 66
(75,8) (74,8) 112
(75,8) (76,8) 53
(76,8) (75,8) 52
(76,8) (77,8) 81
(77,8) (76,8) 40
(77,8) (78,8) 48
(78,8) (77,8) 116
(78,8) (79,8) 43
(79,8) (78,8) 88
(79,8) (80,8) 117
(80,8) (79,8) 125
(80,8) (81,8) 47
(81,8) (80,8) 41
(81,8) (82,8) 35
(82,8) (81,8) 76
(82,8) (83,8) 60
(83,8) (82,8) 88
(83,8) (84,8) 129
(84,8) (83,8) 127
(84,8) (85,8) 111
(85,8) (84,8) 87
(85,8) (86,8) 72
(86,8) (85,8) 102
(86,8) (87,8) 131
(87,8) (86,8) 97
(87,8) (88,8) 87
(88,8) (87,8) 52
(88,8) (89,8) 79
(89,8) (88,8) 127
(89,8) (90,8) 39
(90,8) (89,8) 130
(90,8) (91,8) 66
(91,8) (90,8) 60
(91,8) (92,8) 120
(92,8) (91,8) 129
(92,8) (93,8) 93
(93,8) (92,8) 117
(93,8) (94,8) 47
(94,8) (93,8) 114
(94,8) (95,8) 52
(95,8) (94,8) 97
(95,8) (96,8) 98
(96,8) (95,8) 43
(96,8) (97,8) 47
(97,8) (96,8) 111
(97,8) (98,8) 106
(98,8) (97,8) 46
(98,8) (99,8) 42
(99,8) (98,8) 67
(99,8) (100,8) 48
(100,8) (99,8) 125
(1,9) (2,9) 113
(2,9) (1,9) 113
(2,9) (3,9) 52
(3,9) (2,9) 37
(3,9) (4,9) 118
(4,9) (3,9) 62
(4,9) (5,9) 106
(5,9) (4,9) 112
(5,9) (6,9) 119
(6,9) (5,9) 131
(6,9) (7,9) 66
(7,9) (6,9) 62
(7,9) (8,9) 59
(8,9) (7,9) 130
(8,9) (9,9) 83
(9,9) (8,9) 73
(9,9) (10,9) 113
(10,9) (9,9) 36
(10,9) (11,9) 60
(11,9) (10,9) 60
(11,9) (12,9) 70
(12,9) (11,9) 122
(12,9) (13,9) 45
(13,9) (12,9) 62
(13,9) (14,9) 69
(14,9) (13,9) 126
(14,9) (15,9) 57
(15,9) (14,9) 45
(15,9) (16,9) 108
(16,9) (15,9) 58
(16,9) (17,9) 97
(17,9) (16,9) 133
(17,9) (18,9) 121
(18,9) (17,9) 115
(18,9) (19,9) 120
(19,9) (18,9) 83
(19,9) (20,9) 42
(20,9) (19,9) 83
(20,9) (21,9) 125
(21,9) (20,9) 70
(21,9) (22,9) 91
(22,9) (21,9) 129
(22,9) (23,9) 127
(23,9) (22,9) 105
(23,9) (24,9) 103
(24,9) (23,9) 99
(24,9) (25,9) 79
(25,9) (24,9) 121
(25,9) (26,9) 78
(26,9) (25,9) 114
(26,9) (27,9) 105
(27,9) (26,9) 66
(27,9) (28,9) 78
(28,9) (27,9) 122
(28,9) (29,9) 65
(29,9) (28,9) 77
(29,9) (30,9) 112
(30,9) (29,9) 73
(30,9) (31,9) 45
(31,9) (30,9) 96
(31,9) (32,9) 103
(32,9) (31,9) 73
(32,9) (33,9) 117
(33,9) (32,9) 102
(33,9) (34,9) 48
(34,9) (33,9) 106
(34,9) (35,9) 70
(35,9) (34,9) 67
(35,9) (36,9) 120
(36,9) (35,9) 90
(36,9) (37,9) 87
(37,9) (36,9) 40
(37,9) (38,9) 95
(38,9) (37,9) 77
(38,9) (39,9) 70
(39,9) (38,9) 83
(39,9) (40,9) 130
(40,9) (39,9) 57
(40,9) (41,9) 68
(41,9) (40,9) 100
(41,9) (42,9) 60
(42,9) (41,9) 83
(42,9) (43,9) 85
(43,9) (42,9) 65
(43,9) (44,9) 119
(44,9) (43,9) 109
(44,9) (45,9) 71
(45,9) (44,9) 89
(45,9) (46,9) 58
(46,9) (45,9) 67
(46,9) (47,9) 73
(47,9) (46,9) 129
(47,9) (48,9) 86
(48,9) (47,9) 44
(48,9) (49,9) 71
(49,9) (48,9) 125
(49,9) (50,9) 134
(50,9) (49,9) 102
(50,9) (51,9) 37
(51,9) (50,9) 133
(51,9) (52,9) 48
(52,9) (51,9) 130
(52,9) (53,9) 94
(53,9) (52,9) 79
(53,9) (54,9) 79
(54,9) (53,9) 87
(54,9) (55,9) 127
(55,9) (54,9) 36
(55,9) (56,9) 118
(56,9) (55,9) 87
(56,9) (57,9) 101
(57,9) (56,9) 47
(57,9) (58,9) 63
(58,9) (57,9) 79
(58,9) (59,9) 84
(59,9) (58,9) 103
(59,9) (60,9) 42
(60,9) (59,9) 47
(60,9) (61,9) 78
(61,9) (60,9) 94
(61,9) (62,9) 105
(62,9) (61,9) 73
(62,9) (63,9) 49
(63,9) (62,9) 131
(63,9) (64,9) 37
(64,9) (63,9) 100
(64,9) (65,9) 108
(65,9) (64,9) 53
(65,9) (66,9) 55
(66,9) (65,9) 118
(66,9) (67,9) 113
(67,9) (66,9) 93
(67,9) (68,9) 44
(68,9) (67,9) 48
(68,9) (69,9) 87
(69,9) (68,9) 105
(69,9) (70,9) 95
(70,9) (69,9) 54
(70,9) (71,9) 91
(71,9) (70,9) 68
(71,9) (72,9) 97
(72,9) (71,9) 86
(72,9) (73,9) 35
(73,9) (72,9) 42
(73,9) (74,9) 87
(74,9) (73,9) 97
(74,9) (75,9) 38
(75,9) (74,9) 69
(75,9) (76,9) 125
(76,9) (75,9) 77
(76,9) (77,9) 92
(77,9) (76,9) 59
(77,9) (78,9) 78
(78,9) (77,9) 83
(78,9) (79,9) 49
(79,9) (78,9) 110
(79,9) (80,9) 53
(80,9) (79,9) 56
(80,9) (81,9) 44
(81,9) (80,9) 103
(81,9) (82,9) 127
(82,9) (81,9) 52
(82,9) (83,9) 106
(83,9) (82,9) 90
(83,9) (84,9) 42
(84,9) (83,9) 95
(84,9) (85,9) 133
(85,9) (84,9) 74
(85,9) (86,9) 58
(86,9) (85,9) 71
(86,9) (87,9) 37
(87,9) (86,9) 123
(87,9) (88,9) 83
(88,9) (87,9) 44
(88,9) (89,9) 74
(89,9) (88,9) 88
(89,9) (90,9) 72
(90,9) (89,9) 115
(90,9) (91,9) 104
(91,9) (90,9) 88
(91,9) (92,9) 51
(92,9) (91,9) 74
(92,9) (93,9) 86
(93,9) (92,9) 76
(93,9) (94,9) 125
(94,9) (93,9) 112
(94,9) (95,9) 81
(95,9) (94,9) 58
(95,9) (96,9) 42
(96,9) (95,9) 69
(96,9) (97,9) 66
(97,9) (96,9) 58
(97,9) (98,9) 81
(98,9) (97,9) 62
(98,9) (99,9) 121
(99,9) (98,9) 134
(99,9) (100,9) 126
(100,9) (99,9) 107
(1,10) (2,10) 122
(2,10) (1,10) 121
(2,10) (3,10) 86
(3,10) (2,10) 42
(3,10) (4,10) 132
(4,10) (3,10) 61
(4,10) (5,10) 95
(5,10) (4,10) 68
(5,10) (6,10) 117
(6,10) (5,10) 85
(6,10) (7,10) 70
(7,10) (6,10) 39
(7,10) (8,10) 68
(8,10) (7,10) 102
(8,10) (9,10) 105
(9,10) (8,10) 90
(9,10) (10,10) 75
(10,10) (9,10) 94
(10,10) (11,10) 82
(11,10) (10,10) 54
(11,10) (12,10) 117
(12,10) (11,10) 88
(12,10) (13,10) 114
(13,10) (12,10) 113
(13,10) (14,10) 119
(14,10) (13,10) 78
(14,10) (15,10) 47
(15,10) (14,10) 41
(15,10) (16,10) 68
(16,10) (15,10) 80
(16,10) (17,10) 75
(17,10) (16,10) 68
(17,10) (18,10) 55
(18,10) (17,10) 83
(18,10) (19,10) 53
(19,10) (18,10) 51
(19,10) (20,10) 58
(20,10) (19,10) 82
(20,10) (21,10) 77
(21,10) (20,10) 126
(21,10) (22,10) 61
(22,10) (21,10) 102
(22,10) (23,10) 96
(23,10) (22,10) 49
(23,10) (24,10) 128
(24,10) (23,10) 117
(24,10) (25,10) 90
(25,10) (24,10) 45
(25,10) (26,10) 133
(26,10) (25,10) 81
(26,10) (27,10) 37
(27,10) (26,10) 59
(27,10) (28,10) 90
(28,10) (27,10) 62
(28,10) (29,10) 79
(29,10) (28,10) 70
(29,10) (30,10) 59
(30,10) (29,10) 85
(30,10) (31,10) 60
(31,10) (30,10) 89
(31,10) (32,10) 113
(32,10) (31,10) 48
(32,10) (33,10) 125
(33,10) (32,10) 123
(33,10) (34,10) 60
(34,10) (33,10) 71
(34,10) (35,10) 121
(35,10) (34,10) 78
(35,10) (36,10) 55
(36,10) (35,10) 94
(36,10) (37,10) 78
(37,10) (36,10) 127
(37,10) (38,10) 77
(38,10) (37,10) 107
(38,10) (39,10) 40
(39,10) (38,10) 115
(39,10) (40,10) 58
(40,10) (39,10) 91
(40,10) (41,10) 115
(41,10) (40,10) 124
(41,10) (42,10) 49
(42,10) (41,10) 64
(42,10) (43,10) 118
(43,10) (42,10) 48
(43,10) (44,10) 119
(44,10) (43,10) 89
(44,10) (45,10) 85
(45,10) (44,10) 132
(45,10) (46,10) 78
(46,10) (45,10) 97
(46,10) (47,10) 111
(47,10) (46,10) 117
(47,10) (48,10) 63
(48,10) (47,10) 90
(48,10) (49,10) 117
(49,10) (48,10) 127
(49,10) (50,10) 80
(50,10) (49,10) 74
(50,10) (51,10) 128
(51,10) (50,10) 62
(51,10) (52,10) 37
(52,10) (51,10) 122
(52,10) (53,10) 42
(53,10) (52,10) 113
(53,10) (54,10) 43
(54,10) (53,10) 83
(54,10) (55,10) 76
(55,10) (54,10) 88
(55,10) (56,10) 36
(56,10) (55,10) 134
(56,10) (57,10) 79
(57,10) (56,10) 90
(57,10) (58,10) 83
(58,10) (57,10) 59
(58,10) (59,10) 113
(59,10) (58,10) 133
(59,10) (60,10) 88
(60,10) (59,10) 73
(60,10) (61,10) 51
(61,10) (60,10) 65
(61,10) (62,10) 123
(62,10) (61,10) 126
(62,10) (63,10) 94
(63,10) (62,10) 111
(63,10) (64,10) 58
(64,10) (63,10) 126
(64,10) (65,10) 54
(65,10) (64,10) 120
(65,10) (66,10) 64
(66,10) (65,10) 71
(66,10) (67,10) 111
(67,10) (66,10) 80
(67,10) (68,10) 37
(68,10) (67,10) 72
(68,10) (69,10) 59
(69,10) (68,10) 107
(69,10) (70,10) 84
(70,10) (69,10) 50
(70,10) (71,10) 78
(71,10) (70,10) 43
(71,10) (72,10) 82
(72,10) (71,10) 40
(72,10) (73,10) 46
(73,10) (72,10) 108
(73,10) (74,10) 54
(74,10) (73,10) 115
(74,10) (75,10) 122
(75,10) (74,10) 49
(75,10) (76,10) 97
(76,10) (75,10) 126
(76,10) (77,10) 57
(77,10) (76,10) 59
(77,10) (78,10) 50
(78,10) (77,10) 49
(78,10) (79,10) 71
(79,10) (78,10) 69
(79,10) (80,10) 74
(80,10) (79,10) 88
(80,10) (81,10) 73
(81,10) (80,10) 114
(81,10) (82,10) 63
(82,10) (81,10) 115
(82,10) (83,10) 86
(83,10) (82,10) 96
(83,10) (84,10) 56
(84,10) (83,10) 133
(84,10) (85,10) 131
(85,10) (84,10) 54
(85,10) (86,10) 87
(86,10) (85,10) 41
(86,10) (87,10) 76
(87,10) (86,10) 125
(87,10) (88,10) 122
(88,10) (87,10) 55
(88,10) (89,10) 125
(89,10) (88,10) 116
(89,10) (90,10) 43
(90,10) (89,10) 108
(90,10) (91,10) 96
(91,10) (90,10) 101
(91,10) (92,10) 86
(92,10) (91,10) 132
(92,10) (93,10) 68
(93,10) (92,10) 117
(93,10) (94,10) 109
(94,10) (93,10) 65
(94,10) (95,10) 55
(95,10) (94,10) 108
(95,10) (96,10) 55
(96,10) (95,10) 45
(96,10) (97,10) 53
(97,10) (96,10) 54
(97,10) (98,10) 74
(98,10) (97,10) 38
(98,10) (99,10) 105
(99,10) (98,10) 98
(99,10) (100,10) 53
(100,10) (99,10) 121
(1,10) t 90
(2,10) t 124
(3,10) t 110
(4,10) t 108
(5,10) t 127
(6,10) t 113
(7,10) t 85
(8,10) t 58
(9,10) t 67
(10,10) t 76
(11,10) t 105
(12,10) t 85
(13,10) t 53
(14,10) t 118
(15,10) t 71
(16,10) t 72
(17,10) t 79
(18,10) t 35
(19,10) t 42
(20,10) t 87
(21,10) t 94
(22,10) t 39
(23,10) t 46
(24,10) t 119
(25,10) t 90
(26,10) t 103
(27,10) t 61
(28,10) t 59
(29,10) t 80
(30,10) t 49
(31,10) t 88
(32,10) t 88
(33,10) t 86
(34,10) t 68
(35,10) t 66
(36,10) t 98
(37,10) t 127
(38,10) t 125
(39,10) t 84
(40,10) t 72
(41,10) t 73
(42,10) t 115
(43,10) t 65
(44,10) t 123
(45,10) t 83
(46,10) t 125
(47,10) t 37
(48,10) t 116
(49,10) t 83
(50,10) t 122
(51,10) t 105
(52,10) t 86
(53,10) t 40
(54,10) t 112
(55,10) t 38
(56,10) t 91
(57,10) t 81
(58,10) t 57
(59,10) t 96
(60,10) t 126
(61,10) t 131
(62,10) t 123
(63,10) t 105
(64,10) t 47
(65,10) t 122
(66,10) t 122
(67,10) t 75
(68,10) t 116
(69,10) t 124
(70,10) t 35
(71,10) t 106
(72,10) t 111
(73,10) t 86
(74,10) t 86
(75,10) t 119
(76,10) t 45
(77,10) t 67
(78,10) t 37
(79,10) t 74
(80,10) t 53
(81,10) t 47
(82,10) t 61
(83,10) t 36
(84,10) t 91
(85,10) t 53
(86,10) t 73
(87,10) t 102
(88,10) t 93
(89,10) t 89
(90,10) t 65
(91,10) t 46
(92,10) t 120
(93,10) t 90
(94,10) t 98
(95,10) t 68
(96,10) t 116
(97,10) t 115
(98,10) t 70
(99,10) t 52
(100,10) t 37
