s (1,1) 33
s (2,1) 58
s (3,1) 84
s (4,1) 122
s (5,1) 26
s (6,1) 96
s (7,1) 100
s (8,1) 71
s (9,1) 58
s (10,1) 105
s (11,1) 97
s (12,1) 43
s (13,1) 27
s (14,1) 117
s (15,1) 83
s (16,1) 42
s (17,1) 87
s (18,1) 118
s (19,1) 89
s (20,1) 58
s (21,1) 119
s (22,1) 91
s (23,1) 105
s (24,1) 87
s (25,1) 99
s (26,1) 62
s (27,1) 119
s (28,1) 120
s (29,1) 120
s (30,1) 88
s (31,1) 122
s (32,1) 75
s (33,1) 28
s (34,1) 56
s (35,1) 84
s (36,1) 109
s (37,1) 28
s (38,1) 32
s (39,1) 120
s (40,1) 32
s (41,1) 46
s (42,1) 116
s (43,1) 85
s (44,1) 73
s (45,1) 66
s (46,1) 69
s (47,1) 89
s (48,1) 78
s (49,1) 76
s (50,1) 121
s (51,1) 33
s (52,1) 85
s (53,1) 55
s (54,1) 35
s (55,1) 104
s (56,1) 39
s (57,1) 96
s (58,1) 45
s (59,1) 68
s (60,1) 29
s (61,1) 63
s (62,1) 31
s (63,1) 92
s (64,1) 53
s (65,1) 79
s (66,1) 50
s (67,1) 124
s (68,1) 89
s (69,1) 85
s (70,1) 65
s (71,1) 67
s (72,1) 80
s (73,1) 41
s (74,1) 60
s (75,1) 83
s (76,1) 46
s (77,1) 37
s (78,1) 54
s (79,1) 48
s (80,1) 59
s (81,1) 121
s (82,1) 120
s (83,1) 82
s (84,1) 47
s (85,1) 73
s (86,1) 44
s (87,1) 65
s (88,1) 117
s (89,1) 43
s (90,1) 56
s (91,1) 107
s (92,1) 54
s (93,1) 47
s (94,1) 115
s (95,1) 41
s (96,1) 77
s (97,1) 71
s (98,1) 69
s (99,1) 120
s (100,1) 94
(1,1) (1,2) 40
(2,1) (2,2) 120
(3,1) (3,2) 46
(4,1) (4,2) 100
(5,1) (5,2) 52
(6,1) (6,2) 35
(7,1) (7,2) 77
(8,1) (8,2) 52
(9,1) (9,2) 68
(10,1) (10,2) 27
(11,1) (11,2) 28
(12,1) (12,2) 28
(13,1) (13,2) 114
(14,1) (14,2) 96
(15,1) (15,2) 41
(16,1) (16,2) 104
(17,1) (17,2) 103
(18,1) (18,2) 34
(19,1) (19,2) 116
(20,1) (20,2) 84
(21,1) (21,2) 118
(22,1) (22,2) 71
(23,1) (23,2) 25
(24,1) (24,2) 66
(25,1) (25,2) 89
(26,1) (26,2) 38
(27,1) (27,2) 117
(28,1) (28,2) 68
(29,1) (29,2) 78
(30,1) (30,2) 36
(31,1) (31,2) 94
(32,1) (32,2) 79
(33,1) (33,2) 47
(34,1) (34,2) 94
(35,1) (35,2) 58
(36,1) (36,2) 123
(37,1) (37,2) 66
(38,1) (38,2) 31
(39,1) (39,2) 39
(40,1) (40,2) 84
(41,1) (41,2) 43
(42,1) (42,2) 33
(43,1) (43,2) 37
(44,1) (44,2) 33
(45,1) (45,2) 31
(46,1) (46,2) 108
(47,1) (47,2) 37
(48,1) (48,2) 31
(49,1) (49,2) 31
(50,1) (50,2) 114
(51,1) (51,2) 45
(52,1) (52,2) 25
(53,1) (53,2) 79
(54,1) (54,2) 101
(55,1) (55,2) 65
(56,1) (56,2) 67
(57,1) (57,2) 33
(58,1) (58,2) 35
(59,1) (59,2) 64
(60,1) (60,2) 65
(61,1) (61,2) 43
(62,1) (62,2) 49
(63,1) (63,2) 117
(64,1) (64,2) 78
(65,1) (65,2) 84
(66,1) (66,2) 60
(67,1) (67,2) 33
(68,1) (68,2) 110
(69,1) (69,2) 95
(70,1) (70,2) 32
(71,1) (71,2) 98
(72,1) (72,2) 62
(73,1) (73,2) 73
(74,1) (74,2) 106
(75,1) (75,2) 103
(76,1) (76,2) 115
(77,1) (77,2) 121
(78,1) (78,2) 34
(79,1) (79,2) 55
(80,1) (80,2) 26
(81,1) (81,2) 67
(82,1) (82,2) 70
(83,1) (83,2) 32
(84,1) (84,2) 54
(85,1) (85,2) 86
(86,1) (86,2) 59
(87,1) (87,2) 108
(88,1) (88,2) 27
(89,1) (89,2) 75
(90,1) (90,2) 70
(91,1) (91,2) 54
(92,1) (92,2) 76
(93,1) (93,2) 118
(94,1) (94,2) 74
(95,1) (95,2) 71
(96,1) (96,2) 26
(97,1) (97,2) 52
(98,1) (98,2) 60
(99,1) (99,2) 53
(100,1) (100,2) 44
(1,2) (1,3) 72
(2,2) (2,3) 67
(3,2) (3,3) 118
(4,2) (4,3) 42
(5,2) (5,3) 111
(6,2) (6,3) 56
(7,2) (7,3) 78
(8,2) (8,3) 69
(9,2) (9,3) 87
(10,2) (10,3) 119
(11,2) (11,3) 114
(12,2) (12,3) 112
(13,2) (13,3) 83
(14,2) (14,3) 56
(15,2) (15,3) 25
(16,2) (16,3) 62
(17,2) (17,3) 113
(18,2) (18,3) 60
(19,2) (19,3) 53
(20,2) (20,3) 48
(21,2) (21,3) 87
(22,2) (22,3) 123
(23,2) (23,3) 55
(24,2) (24,3) 46
(25,2) (25,3) 56
(26,2) (26,3) 91
(27,2) (27,3) 96
(28,2) (28,3) 114
(29,2) (29,3) 90
(30,2) (30,3) 64
(31,2) (31,3) 72
(32,2) (32,3) 46
(33,2) (33,3) 111
(34,2) (34,3) 44
(35,2) (35,3) 90
(36,2) (36,3) 72
(37,2) (37,3) 113
(38,2) (38,3) 73
(39,2) (39,3) 122
(40,2) (40,3) 27
(41,2) (41,3) 109
(42,2) (42,3) 82
(43,2) (43,3) 67
(44,2) (44,3) 52
(45,2) (45,3) 117
(46,2) (46,3) 55
(47,2) (47,3) 64
(48,2) (48,3) 47
(49,2) (49,3) 118
(50,2) (50,3) 45
(51,2) (51,3) 73
(52,2) (52,3) 36
(53,2) (53,3) 32
(54,2) (54,3) 82
(55,2) (55,3) 103
(56,2) (56,3) 70
(57,2) (57,3) 111
(58,2) (58,3) 113
(59,2) (59,3) 106
(60,2) (60,3) 124
(61,2) (61,3) 36
(62,2) (62,3) 83
(63,2) (63,3) 40
(64,2) (64,3) 99
(65,2) (65,3) 71
(66,2) (66,3) 87
(67,2) (67,3) 74
(68,2) (68,3) 60
(69,2) (69,3) 59
(70,2) (70,3) 91
(71,2) (71,3) 71
(72,2) (72,3) 66
(73,2) (73,3) 120
(74,2) (74,3) 60
(75,2) (75,3) 97
(76,2) (76,3) 39
(77,2) (77,3) 95
(78,2) (78,3) 55
(79,2) (79,3) 69
(80,2) (80,3) 57
(81,2) (81,3) 57
(82,2) (82,3) 42
(83,2) (83,3) 31
(84,2) (84,3) 48
(85,2) (85,3) 51
(86,2) (86,3) 72
(87,2) (87,3) 122
(88,2) (88,3) 85
(89,2) (89,3) 38
(90,2) (90,3) 112
(91,2) (91,3) 122
(92,2) (92,3) 26
(93,2) (93,3) 64
(94,2) (94,3) 65
(95,2) (95,3) 83
(96,2) (96,3) 55
(97,2) (97,3) 81
(98,2) (98,3) 107
(99,2) (99,3) 43
(100,2) (100,3) 85
(1,3) (1,4) 45
(2,3) (2,4) 61
(3,3) (3,4) 101
(4,3) (4,4) 29
(5,3) (5,4) 90
(6,3) (6,4) 53
(7,3) (7,4) 97
(8,3) (8,4) 90
(9,3) (9,4) 78
(10,3) (10,4) 84
(11,3) (11,4) 100
(12,3) (12,4) 32
(13,3) (13,4) 32
(14,3) (14,4) 103
(15,3) (15,4) 84
(16,3) (16,4) 61
(17,3) (17,4) 120
(18,3) (18,4) 75
(19,3) (19,4) 25
(20,3) (20,4) 62
(21,3) (21,4) 46
(22,3) (22,4) 104
(23,3) (23,4) 102
(24,3) (24,4) 69
(25,3) (25,4) 47
(26,3) (26,4) 122
(27,3) (27,4) 27
(28,3) (28,4) 31
(29,3) (29,4) 78
(30,3) (30,4) 37
(31,3) (31,4) 81
(32,3) (32,4) 97
(33,3) (33,4) 34
(34,3) (34,4) 115
(35,3) (35,4) 49
(36,3) (36,4) 41
(37,3) (37,4) 89
(38,3) (38,4) 28
(39,3) (39,4) 38
(40,3) (40,4) 51
(41,3) (41,4) 70
(42,3) (42,4) 62
(43,3) (43,4) 77
(44,3) (44,4) 105
(45,3) (45,4) 121
(46,3) (46,4) 123
(47,3) (47,4) 71
(48,3) (48,4) 101
(49,3) (49,4) 43
(50,3) (50,4) 121
(51,3) (51,4) 74
(52,3) (52,4) 105
(53,3) (53,4) 101
(54,3) (54,4) 48
(55,3) (55,4) 54
(56,3) (56,4) 77
(57,3) (57,4) 113
(58,3) (58,4) 87
(59,3) (59,4) 91
(60,3) (60,4) 102
(61,3) (61,4) 63
(62,3) (62,4) 124
(63,3) (63,4) 43
(64,3) (64,4) 30
(65,3) (65,4) 79
(66,3) (66,4) 30
(67,3) (67,4) 97
(68,3) (68,4) 65
(69,3) (69,4) 117
(70,3) (70,4) 58
(71,3) (71,4) 113
(72,3) (72,4) 35
(73,3) (73,4) 107
(74,3) (74,4) 30
(75,3) (75,4) 112
(76,3) (76,4) 104
(77,3) (77,4) 55
(78,3) (78,4) 43
(79,3) (79,4) 105
(80,3) (80,4) 109
(81,3) (81,4) 103
(82,3) (82,4) 45
(83,3) (83,4) 86
(84,3) (84,4) 119
(85,3) (85,4) 42
(86,3) (86,4) 117
(87,3) (87,4) 117
(88,3) (88,4) 94
(89,3) (89,4) 117
(90,3) (90,4) 30
(91,3) (91,4) 98
(92,3) (92,4) 41
(93,3) (93,4) 36
(94,3) (94,4) 57
(95,3) (95,4) 114
(96,3) (96,4) 114
(97,3) (97,4) 84
(98,3) (98,4) 96
(99,3) (99,4) 62
(100,3) (100,4) 66
(1,4) (1,5) 80
(2,4) (2,5) 71
(3,4) (3,5) 34
(4,4) (4,5) 38
(5,4) (5,5) 40
(6,4) (6,5) 27
(7,4) (7,5) 61
(8,4) (8,5) 59
(9,4) (9,5) 42
(10,4) (10,5) 78
(11,4) (11,5) 98
(12,4) (12,5) 112
(13,4) (13,5) 61
(14,4) (14,5) 55
(15,4) (15,5) 121
(16,4) (16,5) 84
(17,4) (17,5) 41
(18,4) (18,5) 58
(19,4) (19,5) 80
(20,4) (20,5) 88
(21,4) (21,5) 68
(22,4) (22,5) 37
(23,4) (23,5) 34
(24,4) (24,5) 79
(25,4) (25,5) 27
(26,4) (26,5) 44
(27,4) (27,5) 29
(28,4) (28,5) 67
(29,4) (29,5) 108
(30,4) (30,5) 51
(31,4) (31,5) 40
(32,4) (32,5) 71
(33,4) (33,5) 60
(34,4) (34,5) 46
(35,4) (35,5) 52
(36,4) (36,5) 60
(37,4) (37,5) 74
(38,4) (38,5) 40
(39,4) (39,5) 85
(40,4) (40,5) 65
(41,4) (41,5) 47
(42,4) (42,5) 33
(43,4) (43,5) 33
(44,4) (44,5) 68
(45,4) (45,5) 61
(46,4) (46,5) 55
(47,4) (47,5) 84
(48,4) (48,5) 34
(49,4) (49,5) 70
(50,4) (50,5) 89
(51,4) (51,5) 54
(52,4) (52,5) 35
(53,4) (53,5) 59
(54,4) (54,5) 67
(55,4) (55,5) 58
(56,4) (56,5) 84
(57,4) (57,5) 70
(58,4) (58,5) 25
(59,4) (59,5) 85
(60,4) (60,5) 58
(61,4) (61,5) 109
(62,4) (62,5) 70
(63,4) (63,5) 120
(64,4) (64,5) 68
(65,4) (65,5) 80
(66,4) (66,5) 60
(67,4) (67,5) 111
(68,4) (68,5) 105
(69,4) (69,5) 93
(70,4) (70,5) 67
(71,4) (71,5) 26
(72,4) (72,5) 43
(73,4) (73,5) 97
(74,4) (74,5) 36
(75,4) (75,5) 26
(76,4) (76,5) 28
(77,4) (77,5) 63
(78,4) (78,5) 42
(79,4) (79,5) 105
(80,4) (80,5) 63
(81,4) (81,5) 26
(82,4) (82,5) 39
(83,4) (83,5) 88
(84,4) (84,5) 31
(85,4) (85,5) 99
(86,4) (86,5) 44
(87,4) (87,5) 65
(88,4) (88,5) 117
(89,4) (89,5) 76
(90,4) (90,5) 39
(91,4) (91,5) 73
(92,4) (92,5) 67
(93,4) (93,5) 117
(94,4) (94,5) 105
(95,4) (95,5) 36
(96,4) (96,5) 118
(97,4) (97,5) 41
(98,4) (98,5) 73
(99,4) (99,5) 108
(100,4) (100,5) 68
(1,5) (1,6) 69
(2,5) (2,6) 103
(3,5) (3,6) 53
(4,5) (4,6) 111
(5,5) (5,6) 124
(6,5) (6,6) 123
(7,5) (7,6) 42
(8,5) (8,6) 75
(9,5) (9,6) 67
(10,5) (10,6) 122
(11,5) (11,6) 74
(12,5) (12,6) 123
(13,5) (13,6) 44
(14,5) (14,6) 63
(15,5) (15,6) 37
(16,5) (16,6) 88
(17,5) (17,6) 115
(18,5) (18,6) 72
(19,5) (19,6) 53
(20,5) (20,6) 73
(21,5) (21,6) 41
(22,5) (22,6) 26
(23,5) (23,6) 58
(24,5) (24,6) 114
(25,5) (25,6) 53
(26,5) (26,6) 104
(27,5) (27,6) 102
(28,5) (28,6) 92
(29,5) (29,6) 122
(30,5) (30,6) 36
(31,5) (31,6) 111
(32,5) (32,6) 119
(33,5) (33,6) 94
(34,5) (34,6) 77
(35,5) (35,6) 66
(36,5) (36,6) 61
(37,5) (37,6) 96
(38,5) (38,6) 33
(39,5) (39,6) 81
(40,5) (40,6) 31
(41,5) (41,6) 84
(42,5) (42,6) 105
(43,5) (43,6) 73
(44,5) (44,6) 89
(45,5) (45,6) 33
(46,5) (46,6) 63
(47,5) (47,6) 30
(48,5) (48,6) 29
(49,5) (49,6) 54
(50,5) (50,6) 28
(51,5) (51,6) 81
(52,5) (52,6) 33
(53,5) (53,6) 86
(54,5) (54,6) 120
(55,5) (55,6) 63
(56,5) (56,6) 83
(57,5) (57,6) 25
(58,5) (58,6) 119
(59,5) (59,6) 80
(60,5) (60,6) 91
(61,5) (61,6) 59
(62,5) (62,6) 66
(63,5) (63,6) 39
(64,5) (64,6) 61
(65,5) (65,6) 63
(66,5) (66,6) 115
(67,5) (67,6) 110
(68,5) (68,6) 79
(69,5) (69,6) 62
(70,5) (70,6) 42
(71,5) (71,6) 70
(72,5) (72,6) 26
(73,5) (73,6) 71
(74,5) (74,6) 58
(75,5) (75,6) 99
(76,5) (76,6) 41
(77,5) (77,6) 51
(78,5) (78,6) 60
(79,5) (79,6) 82
(80,5) (80,6) 48
(81,5) (81,6) 27
(82,5) (82,6) 122
(83,5) (83,6) 101
(84,5) (84,6) 40
(85,5) (85,6) 29
(86,5) (86,6) 95
(87,5) (87,6) 57
(88,5) (88,6) 118
(89,5) (89,6) 84
(90,5) (90,6) 87
(91,5) (91,6) 76
(92,5) (92,6) 70
(93,5) (93,6) 120
(94,5) (94,6) 59
(95,5) (95,6) 57
(96,5) (96,6) 97
(97,5) (97,6) 97
(98,5) (98,6) 63
(99,5) (99,6) 71
(100,5) (100,6) 88
(1,6) (1,7) 29
(2,6) (2,7) 88
(3,6) (3,7) 58
(4,6) (4,7) 94
(5,6) (5,7) 44
(6,6) (6,7) 97
(7,6) (7,7) 85
(8,6) (8,7) 92
(9,6) (9,7) 44
(10,6) (10,7) 61
(11,6) (11,7) 62
(12,6) (12,7) 111
(13,6) (13,7) 43
(14,6) (14,7) 60
(15,6) (15,7) 109
(16,6) (16,7) 122
(17,6) (17,7) 109
(18,6) (18,7) 92
(19,6) (19,7) 108
(20,6) (20,7) 103
(21,6) (21,7) 84
(22,6) (22,7) 54
(23,6) (23,7) 28
(24,6) (24,7) 101
(25,6) (25,7) 113
(26,6) (26,7) 110
(27,6) (27,7) 124
(28,6) (28,7) 60
(29,6) (29,7) 124
(30,6) (30,7) 32
(31,6) (31,7) 62
(32,6) (32,7) 117
(33,6) (33,7) 45
(34,6) (34,7) 101
(35,6) (35,7) 124
(36,6) (36,7) 85
(37,6) (37,7) 63
(38,6) (38,7) 82
(39,6) (39,7) 61
(40,6) (40,7) 45
(41,6) (41,7) 76
(42,6) (42,7) 43
(43,6) (43,7) 98
(44,6) (44,7) 103
(45,6) (45,7) 58
(46,6) (46,7) 113
(47,6) (47,7) 85
(48,6) (48,7) 68
(49,6) (49,7) 103
(50,6) (50,7) 102
(51,6) (51,7) 67
(52,6) (52,7) 34
(53,6) (53,7) 63
(54,6) (54,7) 30
(55,6) (55,7) 122
(56,6) (56,7) 57
(57,6) (57,7) 47
(58,6) (58,7) 124
(59,6) (59,7) 117
(60,6) (60,7) 115
(61,6) (61,7) 76
(62,6) (62,7) 89
(63,6) (63,7) 48
(64,6) (64,7) 108
(65,6) (65,7) 31
(66,6) (66,7) 42
(67,6) (67,7) 112
(68,6) (68,7) 52
(69,6) (69,7) 100
(70,6) (70,7) 93
(71,6) (71,7) 121
(72,6) (72,7) 40
(73,6) (73,7) 121
(74,6) (74,7) 90
(75,6) (75,7) 93
(76,6) (76,7) 97
(77,6) (77,7) 67
(78,6) (78,7) 113
(79,6) (79,7) 49
(80,6) (80,7) 121
(81,6) (81,7) 93
(82,6) (82,7) 30
(83,6) (83,7) 38
(84,6) (84,7) 106
(85,6) (85,7) 34
(86,6) (86,7) 74
(87,6) (87,7) 36
(88,6) (88,7) 105
(89,6) (89,7) 65
(90,6) (90,7) 92
(91,6) (91,7) 39
(92,6) (92,7) 104
(93,6) (93,7) 64
(94,6) (94,7) 49
(95,6) (95,7) 59
(96,6) (96,7) 101
(97,6) (97,7) 46
(98,6) (98,7) 102
(99,6) (99,7) 80
(100,6) (100,7) 99
(1,7) (1,8) 70
(2,7) (2,8) 35
(3,7) (3,8) 72
(4,7) (4,8) 30
(5,7) (5,8) 57
(6,7) (6,8) 61
(7,7) (7,8) 31
(8,7) (8,8) 87
(9,7) (9,8) 32
(10,7) (10,8) 44
(11,7) (11,8) 105
(12,7) (12,8) 38
(13,7) (13,8) 38
(14,7) (14,8) 112
(15,7) (15,8) 38
(16,7) (16,8) 97
(17,7) (17,8) 92
(18,7) (18,8) 122
(19,7) (19,8) 84
(20,7) (20,8) 42
(21,7) (21,8) 96
(22,7) (22,8) 40
(23,7) (23,8) 35
(24,7) (24,8) 84
(25,7) (25,8) 66
(26,7) (26,8) 33
(27,7) (27,8) 101
(28,7) (28,8) 30
(29,7) (29,8) 62
(30,7) (30,8) 98
(31,7) (31,8) 57
(32,7) (32,8) 114
(33,7) (33,8) 62
(34,7) (34,8) 90
(35,7) (35,8) 93
(36,7) (36,8) 106
(37,7) (37,8) 71
(38,7) (38,8) 45
(39,7) (39,8) 89
(40,7) (40,8) 74
(41,7) (41,8) 119
(42,7) (42,8) 90
(43,7) (43,8) 93
(44,7) (44,8) 74
(45,7) (45,8) 58
(46,7) (46,8) 71
(47,7) (47,8) 47
(48,7) (48,8) 29
(49,7) (49,8) 83
(50,7) (50,8) 90
(51,7) (51,8) 64
(52,7) (52,8) 83
(53,7) (53,8) 115
(54,7) (54,8) 62
(55,7) (55,8) 52
(56,7) (56,8) 47
(57,7) (57,8) 36
(58,7) (58,8) 42
(59,7) (59,8) 88
(60,7) (60,8) 30
(61,7) (61,8) 39
(62,7) (62,8) 30
(63,7) (63,8) 86
(64,7) (64,8) 97
(65,7) (65,8) 100
(66,7) (66,8) 68
(67,7) (67,8) 82
(68,7) (68,8) 81
(69,7) (69,8) 87
(70,7) (70,8) 50
(71,7) (71,8) 39
(72,7) (72,8) 46
(73,7) (73,8) 97
(74,7) (74,8) 84
(75,7) (75,8) 45
(76,7) (76,8) 121
(77,7) (77,8) 46
(78,7) (78,8) 108
(79,7) (79,8) 88
(80,7) (80,8) 107
(81,7) (81,8) 117
(82,7) (82,8) 110
(83,7) (83,8) 122
(84,7) (84,8) 44
(85,7) (85,8) 74
(86,7) (86,8) 114
(87,7) (87,8) 35
(88,7) (88,8) 81
(89,7) (89,8) 26
(90,7) (90,8) 53
(91,7) (91,8) 86
(92,7) (92,8) 42
(93,7) (93,8) 86
(94,7) (94,8) 41
(95,7) (95,8) 117
(96,7) (96,8) 87
(97,7) (97,8) 87
(98,7) (98,8) 116
(99,7) (99,8) 94
(100,7) (100,8) 94
(1,8) (1,9) 94
(2,8) (2,9) 88
(3,8) (3,9) 104
(4,8) (4,9) 107
(5,8) (5,9) 37
(6,8) (6,9) 100
(7,8) (7,9) 93
(8,8) (8,9) 124
(9,8) (9,9) 40
(10,8) (10,9) 111
(11,8) (11,9) 105
(12,8) (12,9) 52
(13,8) (13,9) 35
(14,8) (14,9) 63
(15,8) (15,9) 29
(16,8) (16,9) 78
(17,8) (17,9) 45
(18,8) (18,9) 53
(19,8) (19,9) 115
(20,8) (20,9) 26
(21,8) (21,9) 94
(22,8) (22,9) 60
(23,8) (23,9) 70
(24,8) (24,9) 124
(25,8) (25,9) 66
(26,8) (26,9) 36
(27,8) (27,9) 26
(28,8) (28,9) 78
(29,8) (29,9) 117
(30,8) (30,9) 90
(31,8) (31,9) 32
(32,8) (32,9) 70
(33,8) (33,9) 87
(34,8) (34,9) 86
(35,8) (35,9) 113
(36,8) (36,9) 124
(37,8) (37,9) 29
(38,8) (38,9) 68
(39,8) (39,9) 61
(40,8) (40,9) 54
(41,8) (41,9) 30
(42,8) (42,9) 67
(43,8) (43,9) 83
(44,8) (44,9) 98
(45,8) (45,9) 93
(46,8) (46,9) 80
(47,8) (47,9) 37
(48,8) (48,9) 48
(49,8) (49,9) 40
(50,8) (50,9) 67
(51,8) (51,9) 69
(52,8) (52,9) 49
(53,8) (53,9) 102
(54,8) (54,9) 117
(55,8) (55,9) 103
(56,8) (56,9) 112
(57,8) (57,9) 75
(58,8) (58,9) 51
(59,8) (59,9) 50
(60,8) (60,9) 93
(61,8) (61,9) 112
(62,8) (62,9) 118
(63,8) (63,9) 86
(64,8) (64,9) 80
(65,8) (65,9) 86
(66,8) (66,9) 92
(67,8) (67,9) 105
(68,8) (68,9) 47
(69,8) (69,9) 83
(70,8) (70,9) 71
(71,8) (71,9) 97
(72,8) (72,9) 108
(73,8) (73,9) 92
(74,8) (74,9) 121
(75,8) (75,9) 34
(76,8) (76,9) 46
(77,8) (77,9) 47
(78,8) (78,9) 81
(79,8) (79,9) 89
(80,8) (80,9) 59
(81,8) (81,9) 28
(82,8) (82,9) 68
(83,8) (83,9) 84
(84,8) (84,9) 40
(85,8) (85,9) 119
(86,8) (86,9) 95
(87,8) (87,9) 71
(88,8) (88,9) 41
(89,8) (89,9) 78
(90,8) (90,9) 89
(91,8) (91,9) 92
(92,8) (92,9) 27
(93,8) (93,9) 97
(94,8) (94,9) 69
(95,8) (95,9) 99
(96,8) (96,9) 84
(97,8) (97,9) 88
(98,8) (98,9) 68
(99,8) (99,9) 76
(100,8) (100,9) 107
(1,9) (1,10) 116
(2,9) (2,10) 53
(3,9) (3,10) 109
(4,9) (4,10) 65
(5,9) (5,10) 97
(6,9) (6,10) 113
(7,9) (7,10) 41
(8,9) (8,10) 116
(9,9) (9,10) 112
(10,9) (10,10) 106
(11,9) (11,10) 91
(12,9) (12,10) 30
(13,9) (13,10) 84
(14,9) (14,10) 31
(15,9) (15,10) 37
(16,9) (16,10) 53
(17,9) (17,10) 57
(18,9) (18,10) 54
(19,9) (19,10) 32
(20,9) (20,10) 115
(21,9) (21,10) 25
(22,9) (22,10) 95
(23,9) (23,10) 85
(24,9) (24,10) 117
(25,9) (25,10) 72
(26,9) (26,10) 93
(27,9) (27,10) 59
(28,9) (28,10) 59
(29,9) (29,10) 95
(30,9) (30,10) 104
(31,9) (31,10) 84
(32,9) (32,10) 99
(33,9) (33,10) 68
(34,9) (34,10) 34
(35,9) (35,10) 49
(36,9) (36,10) 117
(37,9) (37,10) 92
(38,9) (38,10) 74
(39,9) (39,10) 49
(40,9) (40,10) 123
(41,9) (41,10) 29
(42,9) (42,10) 123
(43,9) (43,10) 30
(44,9) (44,10) 29
(45,9) (45,10) 45
(46,9) (46,10) 121
(47,9) (47,10) 88
(48,9) (48,10) 86
(49,9) (49,10) 108
(50,9) (50,10) 99
(51,9) (51,10) 88
(52,9) (52,10) 91
(53,9) (53,10) 54
(54,9) (54,10) 105
(55,9) (55,10) 85
(56,9) (56,10) 84
(57,9) (57,10) 44
(58,9) (58,10) 52
(59,9) (59,10) 110
(60,9) (60,10) 60
(61,9) (61,10) 29
(62,9) (62,10) 100
(63,9) (63,10) 34
(64,9) (64,10) 124
(65,9) (65,10) 95
(66,9) (66,10) 123
(67,9) (67,10) 110
(68,9) (68,10) 61
(69,9) (69,10) 68
(70,9) (70,10) 113
(71,9) (71,10) 109
(72,9) (72,10) 49
(73,9) (73,10) 54
(74,9) (74,10) 116
(75,9) (75,10) 114
(76,9) (76,10) 121
(77,9) (77,10) 33
(78,9) (78,10) 89
(79,9) (79,10) 124
(80,9) (80,10) 101
(81,9) (81,10) 120
(82,9) (82,10) 60
(83,9) (83,10) 106
(84,9) (84,10) 100
(85,9) (85,10) 33
(86,9) (86,10) 26
(87,9) (87,10) 67
(88,9) (88,10) 118
(89,9) (89,10) 59
(90,9) (90,10) 93
(91,9) (91,10) 111
(92,9) (92,10) 68
(93,9) (93,10) 106
(94,9) (94,10) 102
(95,9) (95,10) 49
(96,9) (96,10) 123
(97,9) (97,10) 56
(98,9) (98,10) 30
(99,9) (99,10) 54
(100,9) (100,10) 117
(1,1) (2,1) 42
(2,1) (1,1) 34
(2,1) (3,1) 90
(3,1) (2,1) 69
(3,1) (4,1) 83
(4,1) (3,1) 117
(4,1) (5,1) 59
(5,1) (4,1) 65
(5,1) (6,1) 58
(6,1) (5,1) 48
(6,1) (7,1) 77
(7,1) (6,1) 71
(7,1) (8,1) 120
(8,1) (7,1) 83
(8,1) (9,1) 78
(9,1) (8,1) 38
(9,1) (10,1) 100
(10,1) (9,1) 59
(10,1) (11,1) 107
(11,1) (10,1) 32
(11,1) (12,1) 67
(12,1) (11,1) 60
(12,1) (13,1) 120
(13,1) (12,1) 25
(13,1) (14,1) 60
(14,1) (13,1) 96
(14,1) (15,1) 90
(15,1) (14,1) 74
(15,1) (16,1) 108
(16,1) (15,1) 33
(16,1) (17,1) 66
(17,1) (16,1) 43
(17,1) (18,1) 120
(18,1) (17,1) 60
(18,1) (19,1) 31
(19,1) (18,1) 42
(19,1) (20,1) 27
(20,1) (19,1) 63
(20,1) (21,1) 97
(21,1) (20,1) 106
(21,1) (22,1) 104
(22,1) (21,1) 66
(22,1) (23,1) 92
(23,1) (22,1) 84
(23,1) (24,1) 33
(24,1) (23,1) 55
(24,1) (25,1) 59
(25,1) (24,1) 106
(25,1) (26,1) 73
(26,1) (25,1) 35
(26,1) (27,1) 110
(27,1) (26,1) 82
(27,1) (28,1) 113
(28,1) (27,1) 33
(28,1) (29,1) 124
(29,1) (28,1) 106
(29,1) (30,1) 77
(30,1) (29,1) 82
(30,1) (31,1) 68
(31,1) (30,1) 122
(31,1) (32,1) 119
(32,1) (31,1) 107
(32,1) (33,1) 42
(33,1) (32,1) 89
(33,1) (34,1) 89
(34,1) (33,1) 48
(34,1) (35,1) 113
(35,1) (34,1) 110
(35,1) (36,1) 67
(36,1) (35,1) 37
(36,1) (37,1) 124
(37,1) (36,1) 107
(37,1) (38,1) 65
(38,1) (37,1) 35
(38,1) (39,1) 117
(39,1) (38,1) 116
(39,1) (40,1) 91
(40,1) (39,1) 56
(40,1) (41,1) 115
(41,1) (40,1) 47
(41,1) (42,1) 72
(42,1) (41,1) 92
(42,1) (43,1) 28
(43,1) (42,1) 100
(43,1) (44,1) 108
(44,1) (43,1) 69
(44,1) (45,1) 111
(45,1) (44,1) 113
(45,1) (46,1) 124
(46,1) (45,1) 38
(46,1) (47,1) 25
(47,1) (46,1) 43
(47,1) (48,1) 65
(48,1) (47,1) 36
(48,1) (49,1) 87
(49,1) (48,1) 55
(49,1) (50,1) 89
(50,1) (49,1) 45
(50,1) (51,1) 60
(51,1) (50,1) 99
(51,1) (52,1) 99
(52,1) (51,1) 55
(52,1) (53,1) 124
(53,1) (52,1) 53
(53,1) (54,1) 83
(54,1) (53,1) 122
(54,1) (55,1) 87
(55,1) (54,1) 115
(55,1) (56,1) 81
(56,1) (55,1) 26
(56,1) (57,1) 37
(57,1) (56,1) 98
(57,1) (58,1) 111
(58,1) (57,1) 83
(58,1) (59,1) 124
(59,1) (58,1) 114
(59,1) (60,1) 62
(60,1) (59,1) 30
(60,1) (61,1) 61
(61,1) (60,1) 78
(61,1) (62,1) 42
(62,1) (61,1) 105
(62,1) (63,1) 85
(63,1) (62,1) 109
(63,1) (64,1) 109
(64,1) (63,1) 100
(64,1) (65,1) 111
(65,1) (64,1) 120
(65,1) (66,1) 89
(66,1) (65,1) 77
(66,1) (67,1) 30
(67,1) (66,1) 122
(67,1) (68,1) 111
(68,1) (67,1) 69
(68,1) (69,1) 85
(69,1) (68,1) 111
(69,1) (70,1) 45
(70,1) (69,1) 87
(70,1) (71,1) 47
(71,1) (70,1) 93
(71,1) (72,1) 105
(72,1) (71,1) 45
(72,1) (73,1) 109
(73,1) (72,1) 38
(73,1) (74,1) 40
(74,1) (73,1) 107
(74,1) (75,1) 71
(75,1) (74,1) 115
(75,1) (76,1) 57
(76,1) (75,1) 78
(76,1) (77,1) 38
(77,1) (76,1) 25
(77,1) (78,1) 74
(78,1) (77,1) 46
(78,1) (79,1) 89
(79,1) (78,1) 64
(79,1) (80,1) 121
(80,1) (79,1) 91
(80,1) (81,1) 84
(81,1) (80,1) 80
(81,1) (82,1) 120
(82,1) (81,1) 57
(82,1) (83,1) 38
(83,1) (82,1) 111
(83,1) (84,1) 111
(84,1) (83,1) 115
(84,1) (85,1) 91
(85,1) (84,1) 45
(85,1) (86,1) 107
(86,1) (85,1) 124
(86,1) (87,1) 56
(87,1) (86,1) 94
(87,1) (88,1) 113
(88,1) (87,1) 73
(88,1) (89,1) 63
(89,1) (88,1) 52
(89,1) (90,1) 110
(90,1) (89,1) 82
(90,1) (91,1) 100
(91,1) (90,1) 121
(91,1) (92,1) 82
(92,1) (91,1) 84
(92,1) (93,1) 82
(93,1) (92,1) 43
(93,1) (94,1) 124
(94,1) (93,1) 43
(94,1) (95,1) 33
(95,1) (94,1) 83
(95,1) (96,1) 99
(96,1) (95,1) 62
(96,1) (97,1) 76
(97,1) (96,1) 116
(97,1) (98,1) 70
(98,1) (97,1) 104
(98,1) (99,1) 82
(99,1) (98,1) 78
(99,1) (100,1) 122
(100,1) (99,1) 46
(1,2) (2,2) 102
(2,2) (1,2) 68
(2,2) (3,2) 78
(3,2) (2,2) 39
(3,2) (4,2) 119
(4,2) (3,2) 62
(4,2) (5,2) 90
(5,2) (4,2) 71
(5,2) (6,2) 71
(6,2) (5,2) 27
(6,2) (7,2) 113
(7,2) (6,2) 85
(7,2) (8,2) 40
(8,2) (7,2) 82
(8,2) (9,2) 109
(9,2) (8,2) 72
(9,2) (10,2) 45
(10,2) (9,2) 120
(10,2) (11,2) 88
(11,2) (10,2) 25
(11,2) (12,2) 108
(12,2) (11,2) 112
(12,2) (13,2) 67
(13,2) (12,2) 35
(13,2) (14,2) 124
(14,2) (13,2) 119
(14,2) (15,2) 92
(15,2) (14,2) 36
(15,2) (16,2) 86
(16,2) (15,2) 55
(16,2) (17,2) 89
(17,2) (16,2) 84
(17,2) (18,2) 58
(18,2) (17,2) 91
(18,2) (19,2) 73
(19,2) (18,2) 77
(19,2) (20,2) 83
(20,2) (19,2) 28
(20,2) (21,2) 40
(21,2) (20,2) 58
(21,2) (22,2) 73
(22,2) (21,2) 123
(22,2) (23,2) 54
(23,2) (22,2) 44
(23,2) (24,2) 46
(24,2) (23,2) 28
(24,2) (25,2) 121
(25,2) (24,2) 74
(25,2) (26,2) 63
(26,2) (25,2) 35
(26,2) (27,2) 62
(27,2) (26,2) 104
(27,2) (28,2) 82
(28,2) (27,2) 117
(28,2) (29,2) 63
(29,2) (28,2) 64
(29,2) (30,2) 77
(30,2) (29,2) 30
(30,2) (31,2) 60
(31,2) (30,2) 82
(31,2) (32,2) 99
(32,2) (31,2) 78
(32,2) (33,2) 52
(33,2) (32,2) 35
(33,2) (34,2) 87
(34,2) (33,2) 86
(34,2) (35,2) 28
(35,2) (34,2) 57
(35,2) (36,2) 77
(36,2) (35,2) 122
(36,2) (37,2) 106
(37,2) (36,2) 26
(37,2) (38,2) 109
(38,2) (37,2) 97
(38,2) (39,2) 68
(39,2) (38,2) 122
(39,2) (40,2) 79
(40,2) (39,2) 69
(40,2) (41,2) 40
(41,2) (40,2) 62
(41,2) (42,2) 93
(42,2) (41,2) 112
(42,2) (43,2) 51
(43,2) (42,2) 59
(43,2) (44,2) 44
(44,2) (43,2) 28
(44,2) (45,2) 38
(45,2) (44,2) 52
(45,2) (46,2) 102
(46,2) (45,2) 52
(46,2) (47,2) 105
(47,2) (46,2) 50
(47,2) (48,2) 29
(48,2) (47,2) 35
(48,2) (49,2) 75
(49,2) (48,2) 98
(49,2) (50,2) 57
(50,2) (49,2) 74
(50,2) (51,2) 84
(51,2) (50,2) 52
(51,2) (52,2) 84
(52,2) (51,2) 66
(52,2) (53,2) 90
(53,2) (52,2) 123
(53,2) (54,2) 63
(54,2) (53,2) 60
(54,2) (55,2) 95
(55,2) (54,2) 88
(55,2) (56,2) 62
(56,2) (55,2) 30
(56,2) (57,2) 68
(57,2) (56,2) 40
(57,2) (58,2) 25
(58,2) (57,2) 83
(58,2) (59,2) 58
(59,2) (58,2) 111
(59,2) (60,2) 74
(60,2) (59,2) 51
(60,2) (61,2) 107
(61,2) (60,2) 55
(61,2) (62,2) 98
(62,2) (61,2) 33
(62,2) (63,2) 84
(63,2) (62,2) 83
(63,2) (64,2) 103
(64,2) (63,2) 122
(64,2) (65,2) 94
(65,2) (64,2) 101
(65,2) (66,2) 64
(66,2) (65,2) 82
(66,2) (67,2) 84
(67,2) (66,2) 114
(67,2) (68,2) 109
(68,2) (67,2) 77
(68,2) (69,2) 114
(69,2) (68,2) 89
(69,2) (70,2) 31
(70,2) (69,2) 113
(70,2) (71,2) 87
(71,2) (70,2) 61
(71,2) (72,2) 44
(72,2) (71,2) 100
(72,2) (73,2) 50
(73,2) (72,2) 29
(73,2) (74,2) 104
(74,2) (73,2) 122
(74,2) (75,2) 60
(75,2) (74,2) 71
(75,2) (76,2) 31
(76,2) (75,2) 95
(76,2) (77,2) 67
(77,2) (76,2) 118
(77,2) (78,2) 59
(78,2) (77,2) 98
(78,2) (79,2) 78
(79,2) (78,2) 70
(79,2) (80,2) 78
(80,2) (79,2) 46
(80,2) (81,2) 120
(81,2) (80,2) 124
(81,2) (82,2) 53
(82,2) (81,2) 83
(82,2) (83,2) 40
(83,2) (82,2) 102
(83,2) (84,2) 111
(84,2) (83,2) 40
(84,2) (85,2) 75
(85,2) (84,2) 28
(85,2) (86,2) 93
(86,2) (85,2) 79
(86,2) (87,2) 89
(87,2) (86,2) 122
(87,2) (88,2) 97
(88,2) (87,2) 37
(88,2) (89,2) 65
(89,2) (88,2) 44
(89,2) (90,2) 38
(90,2) (89,2) 110
(90,2) (91,2) 115
(91,2) (90,2) 93
(91,2) (92,2) 92
(92,2) (91,2) 61
(92,2) (93,2) 117
(93,2) (92,2) 27
(93,2) (94,2) 119
(94,2) (93,2) 26
(94,2) (95,2) 104
(95,2) (94,2) 66
(95,2) (96,2) 93
(96,2) (95,2) 57
(96,2) (97,2) 66
(97,2) (96,2) 111
(97,2) (98,2) 50
(98,2) (97,2) 40
(98,2) (99,2) 112
(99,2) (98,2) 117
(99,2) (100,2) 59
(100,2) (99,2) 73
(1,3) (2,3) 48
(2,3) (1,3) 25
(2,3) (3,3) 105
(3,3) (2,3) 78
(3,3) (4,3) 76
(4,3) (3,3) 99
(4,3) (5,3) 111
(5,3) (4,3) 70
(5,3) (6,3) 55
(6,3) (5,3) 77
(6,3) (7,3) 60
(7,3) (6,3) 101
(7,3) (8,3) 25
(8,3) (7,3) 50
(8,3) (9,3) 64
(9,3) (8,3) 43
(9,3) (10,3) 27
(10,3) (9,3) 56
(10,3) (11,3) 36
(11,3) (10,3) 53
(11,3) (12,3) 58
(12,3) (11,3) 116
(12,3) (13,3) 49
(13,3) (12,3) 109
(13,3) (14,3) 32
(14,3) (13,3) 107
(14,3) (15,3) 124
(15,3) (14,3) 46
(15,3) (16,3) 105
(16,3) (15,3) 119
(16,3) (17,3) 25
(17,3) (16,3) 85
(17,3) (18,3) 27
(18,3) (17,3) 94
(18,3) (19,3) 108
(19,3) (18,3) 27
(19,3) (20,3) 77
(20,3) (19,3) 120
(20,3) (21,3) 33
(21,3) (20,3) 98
(21,3) (22,3) 102
(22,3) (21,3) 64
(22,3) (23,3) 28
(23,3) (22,3) 70
(23,3) (24,3) 62
(24,3) (23,3) 49
(24,3) (25,3) 75
(25,3) (24,3) 34
(25,3) (26,3) 67
(26,3) (25,3) 63
(26,3) (27,3) 93
(27,3) (26,3) 92
(27,3) (28,3) 102
(28,3) (27,3) 96
(28,3) (29,3) 65
(29,3) (28,3) 96
(29,3) (30,3) 38
(30,3) (29,3) 78
(30,3) (31,3) 79
(31,3) (30,3) 120
(31,3) (32,3) 77
(32,3) (31,3) 59
(32,3) (33,3) 60
(33,3) (32,3) 124
(33,3) (34,3) 110
(34,3) (33,3) 121
(34,3) (35,3) 40
(35,3) (34,3) 113
(35,3) (36,3) 70
(36,3) (35,3) 60
(36,3) (37,3) 37
(37,3) (36,3) 119
(37,3) (38,3) 111
(38,3) (37,3) 109
(38,3) (39,3) 75
(39,3) (38,3) 74
(39,3) (40,3) 36
(40,3) (39,3) 88
(40,3) (41,3) 99
(41,3) (40,3) 85
(41,3) (42,3) 106
(42,3) (41,3) 98
(42,3) (43,3) 73
(43,3) (42,3) 123
(43,3) (44,3) 38
(44,3) (43,3) 69
(44,3) (45,3) 74
(45,3) (44,3) 100
(45,3) (46,3) 51
(46,3) (45,3) 82
(46,3) (47,3) 120
(47,3) (46,3) 30
(47,3) (48,3) 27
(48,3) (47,3) 58
(48,3) (49,3) 72
(49,3) (48,3) 101
(49,3) (50,3) 34
(50,3) (49,3) 53
(50,3) (51,3) 74
(51,3) (50,3) 116
(51,3) (52,3) 93
(52,3) (51,3) 67
(52,3) (53,3) 47
(53,3) (52,3) 76
(53,3) (54,3) 42
(54,3) (53,3) 48
(54,3) (55,3) 102
(55,3) (54,3) 80
(55,3) (56,3) 29
(56,3) (55,3) 52
(56,3) (57,3) 69
(57,3) (56,3) 50
(57,3) (58,3) 44
(58,3) (57,3) 116
(58,3) (59,3) 74
(59,3) (58,3) 25
(59,3) (60,3) 97
(60,3) (59,3) 80
(60,3) (61,3) 87
(61,3) (60,3) 122
(61,3) (62,3) 92
(62,3) (61,3) 42
(62,3) (63,3) 121
(63,3) (62,3) 97
(63,3) (64,3) 124
(64,3) (63,3) 28
(64,3) (65,3) 62
(65,3) (64,3) 122
(65,3) (66,3) 103
(66,3) (65,3) 114
(66,3) (67,3) 66
(67,3) (66,3) 37
(67,3) (68,3) 77
(68,3) (67,3) 115
(68,3) (69,3) 49
(69,3) (68,3) 68
(69,3) (70,3) 87
(70,3) (69,3) 110
(70,3) (71,3) 67
(71,3) (70,3) 64
(71,3) (72,3) 60
(72,3) (71,3) 32
(72,3) (73,3) 72
(73,3) (72,3) 56
(73,3) (74,3) 73
(74,3) (73,3) 121
(74,3) (75,3) 31
(75,3) (74,3) 26
(75,3) (76,3) 95
(76,3) (75,3) 85
(76,3) (77,3) 37
(77,3) (76,3) 106
(77,3) (78,3) 25
(78,3) (77,3) 46
(78,3) (79,3) 104
(79,3) (78,3) 56
(79,3) (80,3) 78
(80,3) (79,3) 44
(80,3) (81,3) 34
(81,3) (80,3) 42
(81,3) (82,3) 52
(82,3) (81,3) 25
(82,3) (83,3) 121
(83,3) (82,3) 64
(83,3) (84,3) 63
(84,3) (83,3) 82
(84,3) (85,3) 48
(85,3) (84,3) 49
(85,3) (86,3) 105
(86,3) (85,3) 78
(86,3) (87,3) 123
(87,3) (86,3) 87
(87,3) (88,3) 86
(88,3) (87,3) 94
(88,3) (89,3) 50
(89,3) (88,3) 90
(89,3) (90,3) 72
(90,3) (89,3) 90
(90,3) (91,3) 84
(91,3) (90,3) 54
(91,3) (92,3) 37
(92,3) (91,3) 84
(92,3) (93,3) 75
(93,3) (92,3) 32
(93,3) (94,3) 110
(94,3) (93,3) 83
(94,3) (95,3) 75
(95,3) (94,3) 104
(95,3) (96,3) 64
(96,3) (95,3) 123
(96,3) (97,3) 43
(97,3) (96,3) 60
(97,3) (98,3) 110
(98,3) (97,3) 48
(98,3) (99,3) 53
(99,3) (98,3) 28
(99,3) (100,3) 69
(100,3) (99,3) 29
(1,4) (2,4) 62
(2,4) (1,4) 117
(2,4) (3,4) 49
(3,4) (2,4) 36
(3,4) (4,4) 99
(4,4) (3,4) 124
(4,4) (5,4) 121
(5,4) (4,4) 87
(5,4) (6,4) 83
(6,4) (5,4) 82
(6,4) (7,4) 35
(7,4) (6,4) 25
(7,4) (8,4) 61
(8,4) (7,4) 70
(8,4) (9,4) 41
(9,4) (8,4) 36
(9,4) (10,4) 110
(10,4) (9,4) 44
(10,4) (11,4) 103
(11,4) (10,4) 103
(11,4) (12,4) 124
(12,4) (11,4) 116
(12,4) (13,4) 54
(13,4) (12,4) 53
(13,4) (14,4) 82
(14,4) (13,4) 62
(14,4) (15,4) 118
(15,4) (14,4) 45
(15,4) (16,4) 47
(16,4) (15,4) 113
(16,4) (17,4) 101
(17,4) (16,4) 31
(17,4) (18,4) 115
(18,4) (17,4) 50
(18,4) (19,4) 55
(19,4) (18,4) 40
(19,4) (20,4) 117
(20,4) (19,4) 112
(20,4) (21,4) 91
(21,4) (20,4) 122
(21,4) (22,4) 56
(22,4) (21,4) 90
(22,4) (23,4) 28
(23,4) (22,4) 88
(23,4) (24,4) 93
(24,4) (23,4) 54
(24,4) (25,4) 110
(25,4) (24,4) 77
(25,4) (26,4) 109
(26,4) (25,4) 73
(26,4) (27,4) 83
(27,4) (26,4) 84
(27,4) (28,4) 61
(28,4) (27,4) 80
(28,4) (29,4) 37
(29,4) (28,4) 49
(29,4) (30,4) 62
(30,4) (29,4) 94
(30,4) (31,4) 114
(31,4) (30,4) 38
(31,4) (32,4) 52
(32,4) (31,4) 75
(32,4) (33,4) 31
(33,4) (32,4) 65
(33,4) (34,4) 110
(34,4) (33,4) 98
(34,4) (35,4) 67
(35,4) (34,4) 34
(35,4) (36,4) 83
(36,4) (35,4) 42
(36,4) (37,4) 115
(37,4) (36,4) 105
(37,4) (38,4) 28
(38,4) (37,4) 80
(38,4) (39,4) 120
(39,4) (38,4) 50
(39,4) (40,4) 106
(40,4) (39,4) 69
(40,4) (41,4) 77
(41,4) (40,4) 37
(41,4) (42,4) 61
(42,4) (41,4) 25
(42,4) (43,4) 35
(43,4) (42,4) 48
(43,4) (44,4) 48
(44,4) (43,4) 65
(44,4) (45,4) 80
(45,4) (44,4) 44
(45,4) (46,4) 52
(46,4) (45,4) 73
(46,4) (47,4) 90
(47,4) (46,4) 57
(47,4) (48,4) 102
(48,4) (47,4) 71
(48,4) (49,4) 77
(49,4) (48,4) 63
(49,4) (50,4) 120
(50,4) (49,4) 50
(50,4) (51,4) 72
(51,4) (50,4) 74
(51,4) (52,4) 79
(52,4) (51,4) 95
(52,4) (53,4) 114
(53,4) (52,4) 93
(53,4) (54,4) 48
(54,4) (53,4) 70
(54,4) (55,4) 70
(55,4) (54,4) 123
(55,4) (56,4) 35
(56,4) (55,4) 91
(56,4) (57,4) 52
(57,4) (56,4) 74
(57,4) (58,4) 82
(58,4) (57,4) 111
(58,4) (59,4) 55
(59,4) (58,4) 57
(59,4) (60,4) 95
(60,4) (59,4) 46
(60,4) (61,4) 123
(61,4) (60,4) 45
(61,4) (62,4) 43
(62,4) (61,4) 96
(62,4) (63,4) 76
(63,4) (62,4) 85
(63,4) (64,4) 95
(64,4) (63,4) 69
(64,4) (65,4) 41
(65,4) (64,4) 100
(65,4) (66,4) 84
(66,4) (65,4) 114
(66,4) (67,4) 27
(67,4) (66,4) 97
(67,4) (68,4) 51
(68,4) (67,4) 34
(68,4) (69,4) 39
(69,4) (68,4) 105
(69,4) (70,4) 116
(70,4) (69,4) 109
(70,4) (71,4) 111
(71,4) (70,4) 31
(71,4) (72,4) 60
(72,4) (71,4) 40
(72,4) (73,4) 122
(73,4) (72,4) 77
(73,4) (74,4) 79
(74,4) (73,4) 106
(74,4) (75,4) 95
(75,4) (74,4) 42
(75,4) (76,4) 56
(76,4) (75,4) 120
(76,4) (77,4) 34
(77,4) (76,4) 74
(77,4) (78,4) 116
(78,4) (77,4) 69
(78,4) (79,4) 26
(79,4) (78,4) 75
(79,4) (80,4) 53
(80,4) (79,4) 36
(80,4) (81,4) 82
(81,4) (80,4) 113
(81,4) (82,4) 31
(82,4) (81,4) 122
(82,4) (83,4) 105
(83,4) (82,4) 121
(83,4) (84,4) 94
(84,4) (83,4) 119
(84,4) (85,4) 102
(85,4) (84,4) 94
(85,4) (86,4) 103
(86,4) (85,4) 121
(86,4) (87,4) 100
(87,4) (86,4) 90
(87,4) (88,4) 45
(88,4) (87,4) 109
(88,4) (89,4) 79
(89,4) (88,4) 57
(89,4) (90,4) 28
(90,4) (89,4) 43
(90,4) (91,4) 106
(91,4) (90,4) 52
(91,4) (92,4) 97
(92,4) (91,4) 78
(92,4) (93,4) 78
(93,4) (92,4) 65
(93,4) (94,4) 114
(94,4) (93,4) 101
(94,4) (95,4) 45
(95,4) (94,4) 77
(95,4) (96,4) 66
(96,4) (95,4) 72
(96,4) (97,4) 45
(97,4) (96,4) 50
(97,4) (98,4) 76
(98,4) (97,4) 58
(98,4) (99,4) 107
(99,4) (98,4) 112
(99,4) (100,4) 75
(100,4) (99,4) 27
(1,5) (2,5) 107
(2,5) (1,5) 36
(2,5) (3,5) 65
(3,5) (2,5) 90
(3,5) (4,5) 58
(4,5) (3,5) 33
(4,5) (5,5) 70
(5,5) (4,5) 114
(5,5) (6,5) 36
(6,5) (5,5) 119
(6,5) (7,5) 90
(7,5) (6,5) 83
(7,5) (8,5) 105
(8,5) (7,5) 73
(8,5) (9,5) 100
(9,5) (8,5) 68
(9,5) (10,5) 46
(10,5) (9,5) 102
(10,5) (11,5) 38
(11,5) (10,5) 107
(11,5) (12,5) 57
(12,5) (11,5) 92
(12,5) (13,5) 88
(13,5) (12,5) 46
(13,5) (14,5) 28
(14,5) (13,5) 106
(14,5) (15,5) 116
(15,5) (14,5) 97
(15,5) (16,5) 68
(16,5) (15,5) 33
(16,5) (17,5) 120
(17,5) (16,5) 81
(17,5) (18,5) 79
(18,5) (17,5) 26
(18,5) (19,5) 52
(19,5) (18,5) 56
(19,5) (20,5) 100
(20,5) (19,5) 94
(20,5) (21,5) 107
(21,5) (20,5) 58
(21,5) (22,5) 75
(22,5) (21,5) 43
(22,5) (23,5) 57
(23,5) (22,5) 28
(23,5) (24,5) 88
(24,5) (23,5) 39
(24,5) (25,5) 52
(25,5) (24,5) 107
(25,5) (26,5) 70
(26,5) (25,5) 78
(26,5) (27,5) 47
(27,5) (26,5) 25
(27,5) (28,5) 69
(28,5) (27,5) 81
(28,5) (29,5) 113
(29,5) (28,5) 33
(29,5) (30,5) 53
(30,5) (29,5) 70
(30,5) (31,5) 62
(31,5) (30,5) 121
(31,5) (32,5) 114
(32,5) (31,5) 48
(32,5) (33,5) 64
(33,5) (32,5) 37
(33,5) (34,5) 61
(34,5) (33,5) 33
(34,5) (35,5) 57
(35,5) (34,5) 42
(35,5) (36,5) 33
(36,5) (35,5) 39
(36,5) (37,5) 77
(37,5) (36,5) 81
(37,5) (38,5) 82
(38,5) (37,5) 92
(38,5) (39,5) 116
(39,5) (38,5) 107
(39,5) (40,5) 79
(40,5) (39,5) 56
(40,5) (41,5) 113
(41,5) (40,5) 94
(41,5) (42,5) 31
(42,5) (41,5) 25
(42,5) (43,5) 70
(43,5) (42,5) 58
(43,5) (44,5) 91
(44,5) (43,5) 79
(44,5) (45,5) 31
(45,5) (44,5) 121
(45,5) (46,5) 87
(46,5) (45,5) 86
(46,5) (47,5) 119
(47,5) (46,5) 105
(47,5) (48,5) 75
(48,5) (47,5) 109
(48,5) (49,5) 91
(49,5) (48,5) 36
(49,5) (50,5) 41
(50,5) (49,5) 89
(50,5) (51,5) 98
(51,5) (50,5) 118
(51,5) (52,5) 80
(52,5) (51,5) 63
(52,5) (53,5) 70
(53,5) (52,5) 40
(53,5) (54,5) 105
(54,5) (53,5) 35
(54,5) (55,5) 112
(55,5) (54,5) 92
(55,5) (56,5) 118
(56,5) (55,5) 42
(56,5) (57,5) 26
(57,5) (56,5) 70
(57,5) (58,5) 44
(58,5) (57,5) 119
(58,5) (59,5) 34
(59,5) (58,5) 98
(59,5) (60,5) 117
(60,5) (59,5) 54
(60,5) (61,5) 56
(61,5) (60,5) 95
(61,5) (62,5) 99
(62,5) (61,5) 53
(62,5) (63,5) 111
(63,5) (62,5) 108
(63,5) (64,5) 89
(64,5) (63,5) 113
(64,5) (65,5) 112
(65,5) (64,5) 122
(65,5) (66,5) 119
(66,5) (65,5) 45
(66,5) (67,5) 55
(67,5) (66,5) 71
(67,5) (68,5) 114
(68,5) (67,5) 110
(68,5) (69,5) 55
(69,5) (68,5) 46
(69,5) (70,5) 123
(70,5) (69,5) 36
(70,5) (71,5) 120
(71,5) (70,5) 111
(71,5) (72,5) 32
(72,5) (71,5) 120
(72,5) (73,5) 49
(73,5) (72,5) 118
(73,5) (74,5) 109
(74,5) (73,5) 107
(74,5) (75,5) 36
(75,5) (74,5) 60
(75,5) (76,5) 48
(76,5) (75,5) 54
(76,5) (77,5) 99
(77,5) (76,5) 58
(77,5) (78,5) 120
(78,5) (77,5) 96
(78,5) (79,5) 89
(79,5) (78,5) 59
(79,5) (80,5) 56
(80,5) (79,5) 74
(80,5) (81,5) 65
(81,5) (80,5) 49
(81,5) (82,5) 76
(82,5) (81,5) 94
(82,5) (83,5) 87
(83,5) (82,5) 112
(83,5) (84,5) 39
(84,5) (83,5) 84
(84,5) (85,5) 56
(85,5) (84,5) 75
(85,5) (86,5) 67
(86,5) (85,5) 110
(86,5) (87,5) 117
(87,5) (86,5) 76
(87,5) (88,5) 94
(88,5) (87,5) 66
(88,5) (89,5) 73
(89,5) (88,5) 26
(89,5) (90,5) 74
(90,5) (89,5) 74
(90,5) (91,5) 108
(91,5) (90,5) 37
(91,5) (92,5) 64
(92,5) (91,5) 79
(92,5) (93,5) 67
(93,5) (92,5) 123
(93,5) (94,5) 102
(94,5) (93,5) 43
(94,5) (95,5) 37
(95,5) (94,5) 95
(95,5) (96,5) 114
(96,5) (95,5) 26
(96,5) (97,5) 69
(97,5) (96,5) 75
(97,5) (98,5) 55
(98,5) (97,5) 112
(98,5) (99,5) 75
(99,5) (98,5) 70
(99,5) (100,5) 26
(100,5) (99,5) 86
(1,6) (2,6) 65
(2,6) (1,6) 96
(2,6) (3,6) 56
(3,6) (2,6) 106
(3,6) (4,6) 74
(4,6) (3,6) 50
(4,6) (5,6) 36
(5,6) (4,6) 25
(5,6) (6,6) 26
(6,6) (5,6) 35
(6,6) (7,6) 124
(7,6) (6,6) 103
(7,6) (8,6) 101
(8,6) (7,6) 98
(8,6) (9,6) 64
(9,6) (8,6) 114
(9,6) (10,6) 38
(10,6) (9,6) 85
(10,6) (11,6) 29
(11,6) (10,6) 33
(11,6) (12,6) 76
(12,6) (11,6) 66
(12,6) (13,6) 73
(13,6) (12,6) 88
(13,6) (14,6) 112
(14,6) (13,6) 100
(14,6) (15,6) 36
(15,6) (14,6) 34
(15,6) (16,6) 42
(16,6) (15,6) 86
(16,6) (17,6) 73
(17,6) (16,6) 106
(17,6) (18,6) 74
(18,6) (17,6) 64
(18,6) (19,6) 35
(19,6) (18,6) 43
(19,6) (20,6) 68
(20,6) (19,6) 107
(20,6) (21,6) 66
(21,6) (20,6) 31
(21,6) (22,6) 64
(22,6) (21,6) 40
(22,6) (23,6) 114
(23,6) (22,6) 95
(23,6) (24,6) 75
(24,6) (23,6) 121
(24,6) (25,6) 93
(25,6) (24,6) 90
(25,6) (26,6) 63
(26,6) (25,6) 85
(26,6) (27,6) 106
(27,6) (26,6) 123
(27,6) (28,6) 46
(28,6) (27,6) 25
(28,6) (29,6) 50
(29,6) (28,6) 104
(29,6) (30,6) 114
(30,6) (29,6) 67
(30,6) (31,6) 72
(31,6) (30,6) 81
(31,6) (32,6) 41
(32,6) (31,6) 54
(32,6) (33,6) 90
(33,6) (32,6) 30
(33,6) (34,6) 80
(34,6) (33,6) 72
(34,6) (35,6) 34
(35,6) (34,6) 39
(35,6) (36,6) 46
(36,6) (35,6) 102
(36,6) (37,6) 111
(37,6) (36,6) 34
(37,6) (38,6) 79
(38,6) (37,6) 90
(38,6) (39,6) 40
(39,6) (38,6) 90
(39,6) (40,6) 68
(40,6) (39,6) 31
(40,6) (41,6) 27
(41,6) (40,6) 38
(41,6) (42,6) 30
(42,6) (41,6) 77
(42,6) (43,6) 120
(43,6) (42,6) 101
(43,6) (44,6) 94
(44,6) (43,6) 32
(44,6) (45,6) 101
(45,6) (44,6) 110
(45,6) (46,6) 87
(46,6) (45,6) 76
(46,6) (47,6) 78
(47,6) (46,6) 57
(47,6) (48,6) 59
(48,6) (47,6) 79
(48,6) (49,6) 82
(49,6) (48,6) 89
(49,6) (50,6) 33
(50,6) (49,6) 87
(50,6) (51,6) 84
(51,6) (50,6) 72
(51,6) (52,6) 53
(52,6) (51,6) 90
(52,6) (53,6) 117
(53,6) (52,6) 88
(53,6) (54,6) 63
(54,6) (53,6) 28
(54,6) (55,6) 118
(55,6) (54,6) 120
(55,6) (56,6) 29
(56,6) (55,6) 44
(56,6) (57,6) 114
(57,6) (56,6) 80
(57,6) (58,6) 47
(58,6) (57,6) 60
(58,6) (59,6) 71
(59,6) (58,6) 50
(59,6) (60,6) 48
(60,6) (59,6) 63
(60,6) (61,6) 110
(61,6) (60,6) 55
(61,6) (62,6) 47
(62,6) (61,6) 108
(62,6) (63,6) 110
(63,6) (62,6) 53
(63,6) (64,6) 121
(64,6) (63,6) 73
(64,6) (65,6) 41
(65,6) (64,6) 59
(65,6) (66,6) 46
(66,6) (65,6) 26
(66,6) (67,6) 77
(67,6) (66,6) 94
(67,6) (68,6) 92
(68,6) (67,6) 76
(68,6) (69,6) 58
(69,6) (68,6) 99
(69,6) (70,6) 80
(70,6) (69,6) 43
(70,6) (71,6) 77
(71,6) (70,6) 84
(71,6) (72,6) 88
(72,6) (71,6) 92
(72,6) (73,6) 114
(73,6) (72,6) 71
(73,6) (74,6) 33
(74,6) (73,6) 47
(74,6) (75,6) 84
(75,6) (74,6) 83
(75,6) (76,6) 90
(76,6) (75,6) 110
(76,6) (77,6) 72
(77,6) (76,6) 117
(77,6) (78,6) 74
(78,6) (77,6) 102
(78,6) (79,6) 121
(79,6) (78,6) 62
(79,6) (80,6) 27
(80,6) (79,6) 48
(80,6) (81,6) 42
(81,6) (80,6) 32
(81,6) (82,6) 40
(82,6) (81,6) 36
(82,6) (83,6) 110
(83,6) (82,6) 98
(83,6) (84,6) 116
(84,6) (83,6) 41
(84,6) (85,6) 118
(85,6) (84,6) 30
(85,6) (86,6) 94
(86,6) (85,6) 106
(86,6) (87,6) 116
(87,6) (86,6) 55
(87,6) (88,6) 101
(88,6) (87,6) 43
(88,6) (89,6) 26
(89,6) (88,6) 112
(89,6) (90,6) 30
(90,6) (89,6) 105
(90,6) (91,6) 77
(91,6) (90,6) 111
(91,6) (92,6) 97
(92,6) (91,6) 40
(92,6) (93,6) 77
(93,6) (92,6) 78
(93,6) (94,6) 48
(94,6) (93,6) 111
(94,6) (95,6) 41
(95,6) (94,6) 64
(95,6) (96,6) 112
(96,6) (95,6) 72
(96,6) (97,6) 54
(97,6) (96,6) 104
(97,6) (98,6) 49
(98,6) (97,6) 97
(98,6) (99,6) 70
(99,6) (98,6) 44
(99,6) (100,6) 105
(100,6) (99,6) 99
(1,7) (2,7) 119
(2,7) (1,7) 114
(2,7) (3,7) 117
(3,7) (2,7) 109
(3,7) (4,7) 32
(4,7) (3,7) 44
(4,7) (5,7) 83
(5,7) (4,7) 97
(5,7) (6,7) 59
(6,7) (5,7) 73
(6,7) (7,7) 117
(7,7) (6,7) 35
(7,7) (8,7) 120
(8,7) (7,7) 88
(8,7) (9,7) 123
(9,7) (8,7) 27
(9,7) (10,7) 43
(10,7) (9,7) 109
(10,7) (11,7) 57
(11,7) (10,7) 42
(11,7) (12,7) 48
(12,7) (11,7) 58
(12,7) (13,7) 80
(13,7) (12,7) 120
(13,7) (14,7) 38
(14,7) (13,7) 60
(14,7) (15,7) 39
(15,7) (14,7) 86
(15,7) (16,7) 85
(16,7) (15,7) 124
(16,7) (17,7) 58
(17,7) (16,7) 51
(17,7) (18,7) 35
(18,7) (17,7) 25
(18,7) (19,7) 89
(19,7) (18,7) 109
(19,7) (20,7) 115
(20,7) (19,7) 68
(20,7) (21,7) 43
(21,7) (20,7) 41
(21,7) (22,7) 61
(22,7) (21,7) 44
(22,7) (23,7) 58
(23,7) (22,7) 67
(23,7) (24,7) 49
(24,7) (23,7) 91
(24,7) (25,7) 116
(25,7) (24,7) 41
(25,7) (26,7) 102
(26,7) (25,7) 50
(26,7) (27,7) 33
(27,7) (26,7) 83
(27,7) (28,7) 50
(28,7) (27,7) 73
(28,7) (29,7) 52
(29,7) (28,7) 82
(29,7) (30,7) 83
(30,7) (29,7) 119
(30,7) (31,7) 100
(31,7) (30,7) 62
(31,7) (32,7) 92
(32,7) (31,7) 29
(32,7) (33,7) 35
(33,7) (32,7) 49
(33,7) (34,7) 44
(34,7) (33,7) 117
(34,7) (35,7) 98
(35,7) (34,7) 105
(35,7) (36,7) 99
(36,7) (35,7) 107
(36,7) (37,7) 72
(37,7) (36,7) 117
(37,7) (38,7) 108
(38,7) (37,7) 123
(38,7) (39,7) 89
(39,7) (38,7) 108
(39,7) (40,7) 110
(40,7) (39,7) 35
(40,7) (41,7) 71
(41,7) (40,7) 40
(41,7) (42,7) 96
(42,7) (41,7) 93
(42,7) (43,7) 36
(43,7) (42,7) 119
(43,7) (44,7) 49
(44,7) (43,7) 28
(44,7) (45,7) 60
(45,7) (44,7) 53
(45,7) (46,7) 112
(46,7) (45,7) 68
(46,7) (47,7) 74
(47,7) (46,7) 113
(47,7) (48,7) 41
(48,7) (47,7) 88
(48,7) (49,7) 65
(49,7) (48,7) 109
(49,7) (50,7) 56
(50,7) (49,7) 104
(50,7) (51,7) 76
(51,7) (50,7) 77
(51,7) (52,7) 92
(52,7) (51,7) 60
(52,7) (53,7) 115
(53,7) (52,7) 103
(53,7) (54,7) 36
(54,7) (53,7) 64
(54,7) (55,7) 98
(55,7) (54,7) 35
(55,7) (56,7) 81
(56,7) (55,7) 50
(56,7) (57,7) 57
(57,7) (56,7) 34
(57,7) (58,7) 95
(58,7) (57,7) 42
(58,7) (59,7) 90
(59,7) (58,7) 121
(59,7) (60,7) 59
(60,7) (59,7) 109
(60,7) (61,7) 31
(61,7) (60,7) 100
(61,7) (62,7) 123
(62,7) (61,7) 65
(62,7) (63,7) 107
(63,7) (62,7) 32
(63,7) (64,7) 47
(64,7) (63,7) 80
(64,7) (65,7) 80
(65,7) (64,7) 102
(65,7) (66,7) 59
(66,7) (65,7) 72
(66,7) (67,7) 91
(67,7) (66,7) 114
(67,7) (68,7) 104
(68,7) (67,7) 72
(68,7) (69,7) 67
(69,7) (68,7) 61
(69,7) (70,7) 64
(70,7) (69,7) 86
(70,7) (71,7) 89
(71,7) (70,7) 47
(71,7) (72,7) 54
(72,7) (71,7) 121
(72,7) (73,7) 82
(73,7) (72,7) 112
(73,7) (74,7) 44
(74,7) (73,7) 105
(74,7) (75,7) 59
(75,7) (74,7) 90
(75,7) (76,7) 51
(76,7) (75,7) 109
(76,7) (77,7) 85
(77,7) (76,7) 64
(77,7) (78,7) 118
(78,7) (77,7) 82
(78,7) (79,7) 69
(79,7) (78,7) 35
(79,7) (80,7) 59
(80,7) (79,7) 59
(80,7) (81,7) 47
(81,7) (80,7) 78
(81,7) (82,7) 67
(82,7) (81,7) 72
(82,7) (83,7) 51
(83,7) (82,7) 91
(83,7) (84,7) 73
(84,7) (83,7) 123
(84,7) (85,7) 81
(85,7) (84,7) 45
(85,7) (86,7) 109
(86,7) (85,7) 97
(86,7) (87,7) 38
(87,7) (86,7) 29
(87,7) (88,7) 91
(88,7) (87,7) 67
(88,7) (89,7) 112
(89,7) (88,7) 66
(89,7) (90,7) 99
(90,7) (89,7) 31
(90,7) (91,7) 67
(91,7) (90,7) 65
(91,7) (92,7) 34
(92,7) (91,7) 83
(92,7) (93,7) 119
(93,7) (92,7) 66
(93,7) (94,7) 59
(94,7) (93,7) 101
(94,7) (95,7) 114
(95,7) (94,7) 72
(95,7) (96,7) 118
(96,7) (95,7) 98
(96,7) (97,7) 63
(97,7) (96,7) 108
(97,7) (98,7) 30
(98,7) (97,7) 52
(98,7) (99,7) 108
(99,7) (98,7) 105
(99,7) (100,7) 58
(100,7) (99,7) 56
(1,8) (2,8) 81
(2,8) (1,8) 72
(2,8) (3,8) 107
(3,8) (2,8) 46
(3,8) (4,8) 45
(4,8) (3,8) 108
(4,8) (5,8) 118
(5,8) (4,8) 94
(5,8) (6,8) 38
(6,8) (5,8) 36
(6,8) (7,8) 108
(7,8) (6,8) 95
(7,8) (8,8) 71
(8,8) (7,8) 34
(8,8) (9,8) 118
(9,8) (8,8) 45
(9,8) (10,8) 41
(10,8) (9,8) 60
(10,8) (11,8) 50
(11,8) (10,8) 75
(11,8) (12,8) 56
(12,8) (11,8) 94
(12,8) (13,8) 69
(13,8) (12,8) 108
(13,8) (14,8) 87
(14,8) (13,8) 91
(14,8) (15,8) 113
(15,8) (14,8) 121
(15,8) (16,8) 43
(16,8) (15,8) 87
(16,8) (17,8) 103
(17,8) (16,8) 124
(17,8) (18,8) 81
(18,8) (17,8) 114
(18,8) (19,8) 110
(19,8) (18,8) 111
(19,8) (20,8) 107
(20,8) (19,8) 120
(20,8) (21,8) 66
(21,8) (20,8) 39
(21,8) (22,8) 50
(22,8) (21,8) 82
(22,8) (23,8) 102
(23,8) (22,8) 41
(23,8) (24,8) 73
(24,8) (23,8) 122
(24,8) (25,8) 85
(25,8) (24,8) 64
(25,8) (26,8) 62
(26,8) (25,8) 103
(26,8) (27,8) 109
(27,8) (26,8) 81
(27,8) (28,8) 82
(28,8) (27,8) 78
(28,8) (29,8) 72
(29,8) (28,8) 107
(29,8) (30,8) 99
(30,8) (29,8) 105
(30,8) (31,8) 92
(31,8) (30,8) 89
(31,8) (32,8) 26
(32,8) (31,8) 78
(32,8) (33,8) 65
(33,8) (32,8) 59
(33,8) (34,8) 92
(34,8) (33,8) 91
(34,8) (35,8) 85
(35,8) (34,8) 98
(35,8) (36,8) 102
(36,8) (35,8) 34
(36,8) (37,8) 103
(37,8) (36,8) 85
(37,8) (38,8) 56
(38,8) (37,8) 124
(38,8) (39,8) 83
(39,8) (38,8) 101
(39,8) (40,8) 74
(40,8) (39,8) 109
(40,8) (41,8) 122
(41,8) (40,8) 80
(41,8) (42,8) 71
(42,8) (41,8) 51
(42,8) (43,8) 70
(43,8) (42,8) 66
(43,8) (44,8) 27
(44,8) (43,8) 34
(44,8) (45,8) 77
(45,8) (44,8) 32
(45,8) (46,8) 45
(46,8) (45,8) 116
(46,8) (47,8) 51
(47,8) (46,8) 110
(47,8) (48,8) 66
(48,8) (47,8) 109
(48,8) (49,8) 103
(49,8) (48,8) 64
(49,8) (50,8) 100
(50,8) (49,8) 35
(50,8) (51,8) 69
(51,8) (50,8) 98
(51,8) (52,8) 47
(52,8) (51,8) 61
(52,8) (53,8) 38
(53,8) (52,8) 58
(53,8) (54,8) 93
(54,8) (53,8) 42
(54,8) (55,8) 101
(55,8) (54,8) 79
(55,8) (56,8) 95
(56,8) (55,8) 97
(56,8) (57,8) 90
(57,8) (56,8) 64
(57,8) (58,8) 79
(58,8) (57,8) 80
(58,8) (59,8) 58
(59,8) (58,8) 25
(59,8) (60,8) 97
(60,8) (59,8) 118
(60,8) (61,8) 74
(61,8) (60,8) 50
(61,8) (62,8) 106
(62,8) (61,8) 113
(62,8) (63,8) 89
(63,8) (62,8) 31
(63,8) (64,8) 88
(64,8) (63,8) 104
(64,8) (65,8) 97
(65,8) (64,8) 40
(65,8) (66,8) 41
(66,8) (65,8) 122
(66,8) (67,8) 46
(67,8) (66,8) 111
(67,8) (68,8) 98
(68,8) (67,8) 50
(68,8) (69,8) 122
(69,8) (68,8) 59
(69,8) (70,8) 73
(70,8) (69,8) 116
(70,8) (71,8) 105
(71,8) (70,8) 63
(71,8) (72,8) 102
(72,8) (71,8) 56
(72,8) (73,8) 68
(73,8) (72,8) 29
(73,8) (74,8) 43
(74,8) (73,8) 41
(74,8) (75,8) 57
(75,8) (74,8) 48
(75,8) (76,8) 95
(76,8) (75,8) 64
(76,8) (77,8) 78
(77,8) (76,8) 42
(77,8) (78,8) 45
(78,8) (77,8) 68
(78,8) (79,8) 67
(79,8) (78,8) 108
(79,8) (80,8) 102
(80,8) (79,8) 56
(80,8) (81,8) 55
(81,8) (80,8) 123
(81,8) (82,8) 60
(82,8) (81,8) 56
(82,8) (83,8) 32
(83,8) (82,8) 53
(83,8) (84,8) 51
(84,8) (83,8) 60
(84,8) (85,8) 63
(85,8) (84,8) 27
(85,8) (86,8) 31
(86,8) (85,8) 57
(86,8) (87,8) 118
(87,8) (86,8) 106
(87,8) (88,8) 80
(88,8) (87,8) 46
(88,8) (89,8) 28
(89,8) (88,8) 42
(89,8) (90,8) 90
(90,8) (89,8) 124
(90,8) (91,8) 59
(91,8) (90,8) 99
(91,8) (92,8) 93
(92,8) (91,8) 86
(92,8) (93,8) 89
(93,8) (92,8) 64
(93,8) (94,8) 44
(94,8) (93,8) 89
(94,8) (95,8) 33
(95,8) (94,8) 73
(95,8) (96,8) 102
(96,8) (95,8) 88
(96,8) (97,8) 30
(97,8) (96,8) 108
(97,8) (98,8) 109
(98,8) (97,8) 72
(98,8) (99,8) 51
(99,8) (98,8) 40
(99,8) (100,8) 111
(100,8) (99,8) 43
(1,9) (2,9) 25
(2,9) (1,9) 71
(2,9) (3,9) 103
(3,9) (2,9) 95
(3,9) (4,9) 34
(4,9) (3,9) 79
(4,9) (5,9) 98
(5,9) (4,9) 42
(5,9) (6,9) 30
(6,9) (5,9) 68
(6,9) (7,9) 65
(7,9) (6,9) 28
(7,9) (8,9) 71
(8,9) (7,9) 116
(8,9) (9,9) 66
(9,9) (8,9) 92
(9,9) (10,9) 60
(10,9) (9,9) 63
(10,9) (11,9) 103
(11,9) (10,9) 44
(11,9) (12,9) 31
(12,9) (11,9) 106
(12,9) (13,9) 82
(13,9) (12,9) 65
(13,9) (14,9) 45
(14,9) (13,9) 40
(14,9) (15,9) 119
(15,9) (14,9) 64
(15,9) (16,9) 54
(16,9) (15,9) 85
(16,9) (17,9) 72
(17,9) (16,9) 40
(17,9) (18,9) 121
(18,9) (17,9) 111
(18,9) (19,9) 123
(19,9) (18,9) 40
(19,9) (20,9) 47
(20,9) (19,9) 90
(20,9) (21,9) 70
(21,9) (20,9) 76
(21,9) (22,9) 119
(22,9) (21,9) 59
(22,9) (23,9) 84
(23,9) (22,9) 60
(23,9) (24,9) 99
(24,9) (23,9) 53
(24,9) (25,9) 72
(25,9) (24,9) 73
(25,9) (26,9) 117
(26,9) (25,9) 117
(26,9) (27,9) 95
(27,9) (26,9) 33
(27,9) (28,9) 113
(28,9) (27,9) 84
(28,9) (29,9) 63
(29,9) (28,9) 50
(29,9) (30,9) 44
(30,9) (29,9) 79
(30,9) (31,9) 79
(31,9) (30,9) 94
(31,9) (32,9) 34
(32,9) (31,9) 110
(32,9) (33,9) 67
(33,9) (32,9) 30
(33,9) (34,9) 66
(34,9) (33,9) 50
(34,9) (35,9) 68
(35,9) (34,9) 65
(35,9) (36,9) 50
(36,9) (35,9) 87
(36,9) (37,9) 66
(37,9) (36,9) 33
(37,9) (38,9) 110
(38,9) (37,9) 114
(38,9) (39,9) 29
(39,9) (38,9) 69
(39,9) (40,9) 113
(40,9) (39,9) 76
(40,9) (41,9) 78
(41,9) (40,9) 34
(41,9) (42,9) 103
(42,9) (41,9) 95
(42,9) (43,9) 75
(43,9) (42,9) 72
(43,9) (44,9) 74
(44,9) (43,9) 69
(44,9) (45,9) 90
(45,9) (44,9) 67
(45,9) (46,9) 112
(46,9) (45,9) 44
(46,9) (47,9) 32
(47,9) (46,9) 116
(47,9) (48,9) 83
(48,9) (47,9) 121
(48,9) (49,9) 77
(49,9) (48,9) 110
(49,9) (50,9) 64
(50,9) (49,9) 90
(50,9) (51,9) 92
(51,9) (50,9) 63
(51,9) (52,9) 106
(52,9) (51,9) 114
(52,9) (53,9) 108
(53,9) (52,9) 68
(53,9) (54,9) 43
(54,9) (53,9) 54
(54,9) (55,9) 63
(55,9) (54,9) 44
(55,9) (56,9) 33
(56,9) (55,9) 119
(56,9) (57,9) 52
(57,9) (56,9) 33
(57,9) (58,9) 111
(58,9) (57,9) 40
(58,9) (59,9) 84
(59,9) (58,9) 124
(59,9) (60,9) 87
(60,9) (59,9) 115
(60,9) (61,9) 46
(61,9) (60,9) 53
(61,9) (62,9) 36
(62,9) (61,9) 80
(62,9) (63,9) 63
(63,9) (62,9) 100
(63,9) (64,9) 45
(64,9) (63,9) 109
(64,9) (65,9) 108
(65,9) (64,9) 115
(65,9) (66,9) 104
(66,9) (65,9) 116
(66,9) (67,9) 119
(67,9) (66,9) 104
(67,9) (68,9) 57
(68,9) (67,9) 55
(68,9) (69,9) 82
(69,9) (68,9) 113
(69,9) (70,9) 91
(70,9) (69,9) 43
(70,9) (71,9) 104
(71,9) (70,9) 99
(71,9) (72,9) 69
(72,9) (71,9) 85
(72,9) (73,9) 94
(73,9) (72,9) 53
(73,9) (74,9) 47
(74,9) (73,9) 50
(74,9) (75,9) 26
(75,9) (74,9) 111
(75,9) (76,9) 60
(76,9) (75,9) 81
(76,9) (77,9) 122
(77,9) (76,9) 59
(77,9) (78,9) 72
(78,9) (77,9) 99
(78,9) (79,9) 31
(79,9) (78,9) 31
(79,9) (80,9) 103
(80,9) (79,9) 90
(80,9) (81,9) 82
(81,9) (80,9) 69
(81,9) (82,9) 89
(82,9) (81,9) 71
(82,9) (83,9) 100
(83,9) (82,9) 37
(83,9) (84,9) 97
(84,9) (83,9) 39
(84,9) (85,9) 107
(85,9) (84,9) 117
(85,9) (86,9) 52
(86,9) (85,9) 41
(86,9) (87,9) 48
(87,9) (86,9) 123
(87,9) (88,9) 115
(88,9) (87,9) 42
(88,9) (89,9) 124
(89,9) (88,9) 95
(89,9) (90,9) 38
(90,9) (89,9) 101
(90,9) (91,9) 84
(91,9) (90,9) 52
(91,9) (92,9) 105
(92,9) (91,9) 55
(92,9) (93,9) 72
(93,9) (92,9) 58
(93,9) (94,9) 36
(94,9) (93,9) 88
(94,9) (95,9) 77
(95,9) (94,9) 25
(95,9) (96,9) 82
(96,9) (95,9) 96
(96,9) (97,9) 85
(97,9) (96,9) 93
(97,9) (98,9) 31
(98,9) (97,9) 45
(98,9) (99,9) 92
(99,9) (98,9) 98
(99,9) (100,9) 63
(100,9) (99,9) 76
(1,10) (2,10) 106
(2,10) (1,10) 31
(2,10) (3,10) 77
(3,10) (2,10) 99
(3,10) (4,10) 92
(4,10) (3,10) 120
(4,10) (5,10) 52
(5,10) (4,10) 99
(5,10) (6,10) 122
(6,10) (5,10) 101
(6,10) (7,10) 112
(7,10) (6,10) 75
(7,10) (8,10) 50
(8,10) (7,10) 30
(8,10) (9,10) 109
(9,10) (8,10) 81
(9,10) (10,10) 70
(10,10) (9,10) 81
(10,10) (11,10) 45
(11,10) (10,10) 112
(11,10) (12,10) 116
(12,10) (11,10) 38
(12,10) (13,10) 70
(13,10) (12,10) 100
(13,10) (14,10) 87
(14,10) (13,10) 118
(14,10) (15,10) 122
(15,10) (14,10) 70
(15,10) (16,10) 106
(16,10) (15,10) 39
(16,10) (17,10) 31
(17,10) (16,10) 48
(17,10) (18,10) 117
(18,10) (17,10) 68
(18,10) (19,10) 111
(19,10) (18,10) 41
(19,10) (20,10) 48
(20,10) (19,10) 110
(20,10) (21,10) 56
(21,10) (20,10) 42
(21,10) (22,10) 116
(22,10) (21,10) 43
(22,10) (23,10) 74
(23,10) (22,10) 110
(23,10) (24,10) 105
(24,10) (23,10) 114
(24,10) (25,10) 85
(25,10) (24,10) 55
(25,10) (26,10) 42
(26,10) (25,10) 80
(26,10) (27,10) 102
(27,10) (26,10) 62
(27,10) (28,10) 33
(28,10) (27,10) 122
(28,10) (29,10) 107
(29,10) (28,10) 124
(29,10) (30,10) 34
(30,10) (29,10) 113
(30,10) (31,10) 67
(31,10) (30,10) 72
(31,10) (32,10) 115
(32,10) (31,10) 27
(32,10) (33,10) 49
(33,10) (32,10) 90
(33,10) (34,10) 34
(34,10) (33,10) 47
(34,10) (35,10) 75
(35,10) (34,10) 29
(35,10) (36,10) 111
(36,10) (35,10) 109
(36,10) (37,10) 115
(37,10) (36,10) 77
(37,10) (38,10) 26
(38,10) (37,10) 100
(38,10) (39,10) 102
(39,10) (38,10) 66
(39,10) (40,10) 109
(40,10) (39,10) 84
(40,10) (41,10) 25
(41,10) (40,10) 118
(41,10) (42,10) 43
(42,10) (41,10) 108
(42,10) (43,10) 103
(43,10) (42,10) 59
(43,10) (44,10) 43
(44,10) (43,10) 97
(44,10) (45,10) 89
(45,10) (44,10) 98
(45,10) (46,10) 28
(46,10) (45,10) 93
(46,10) (47,10) 109
(47,10) (46,10) 61
(47,10) (48,10) 35
(48,10) (47,10) 68
(48,10) (49,10) 124
(49,10) (48,10) 30
(49,10) (50,10) 79
(50,10) (49,10) 33
(50,10) (51,10) 82
(51,10) (50,10) 61
(51,10) (52,10) 30
(52,10) (51,10) 53
(52,10) (53,10) 93
(53,10) (52,10) 66
(53,10) (54,10) 116
(54,10) (53,10) 100
(54,10) (55,10) 98
(55,10) (54,10) 61
(55,10) (56,10) 33
(56,10) (55,10) 48
(56,10) (57,10) 61
(57,10) (56,10) 65
(57,10) (58,10) 44
(58,10) (57,10) 120
(58,10) (59,10) 117
(59,10) (58,10) 103
(59,10) (60,10) 55
(60,10) (59,10) 99
(60,10) (61,10) 103
(61,10) (60,10) 57
(61,10) (62,10) 104
(62,10) (61,10) 114
(62,10) (63,10) 100
(63,10) (62,10) 61
(63,10) (64,10) 121
(64,10) (63,10) 36
(64,10) (65,10) 69
(65,10) (64,10) 108
(65,10) (66,10) 79
(66,10) (65,10) 105
(66,10) (67,10) 52
(67,10) (66,10) 74
(67,10) (68,10) 120
(68,10) (67,10) 117
(68,10) (69,10) 117
(69,10) (68,10) 63
(69,10) (70,10) 26
(70,10) (69,10) 79
(70,10) (71,10) 102
(71,10) (70,10) 25
(71,10) (72,10) 74
(72,10) (71,10) 110
(72,10) (73,10) 105
(73,10) (72,10) 64
(73,10) (74,10) 39
(74,10) (73,10) 109
(74,10) (75,10) 67
(75,10) (74,10) 70
(75,10) (76,10) 57
(76,10) (75,10) 71
(76,10) (77,10) 70
(77,10) (76,10) 25
(77,10) (78,10) 41
(78,10) (77,10) 37
(78,10) (79,10) 73
(79,10) (78,10) 110
(79,10) (80,10) 93
(80,10) (79,10) 101
(80,10) (81,10) 88
(81,10) (80,10) 53
(81,10) (82,10) 122
(82,10) (81,10) 55
(82,10) (83,10) 43
(83,10) (82,10) 55
(83,10) (84,10) 122
(84,10) (83,10) 91
(84,10) (85,10) 104
(85,10) (84,10) 31
(85,10) (86,10) 81
(86,10) (85,10) 99
(86,10) (87,10) 105
(87,10) (86,10) 122
(87,10) (88,10) 35
(88,10) (87,10) 38
(88,10) (89,10) 32
(89,10) (88,10) 79
(89,10) (90,10) 83
(90,10) (89,10) 94
(90,10) (91,10) 45
(91,10) (90,10) 63
(91,10) (92,10) 95
(92,10) (91,10) 35
(92,10) (93,10) 114
(93,10) (92,10) 34
(93,10) (94,10) 117
(94,10) (93,10) 26
(94,10) (95,10) 106
(95,10) (94,10) 98
(95,10) (96,10) 96
(96,10) (95,10) 81
(96,10) (97,10) 113
(97,10) (96,10) 99
(97,10) (98,10) 84
(98,10) (97,10) 92
(98,10) (99,10) 89
(99,10) (98,10) 77
(99,10) (100,10) 123
(100,10) (99,10) 53
(1,10) t 58
(2,10) t 63
(3,10) t 83
(4,10) t 45
(5,10) t 38
(6,10) t 38
(7,10) t 101
(8,10) t 92
(9,10) t 91
(10,10) t 54
(11,10) t 80
(12,10) t 59
(13,10) t 79
(14,10) t 63
(15,10) t 44
(16,10) t 121
(17,10) t 39
(18,10) t 96
(19,10) t 43
(20,10) t 75
(21,10) t 37
(22,10) t 117
(23,10) t 121
(24,10) t 118
(25,10) t 104
(26,10) t 64
(27,10) t 124
(28,10) t 47
(29,10) t 109
(30,10) t 72
(31,10) t 56
(32,10) t 101
(33,10) t 62
(34,10) t 105
(35,10) t 73
(36,10) t 27
(37,10) t 116
(38,10) t 91
(39,10) t 79
(40,10) t 64
(41,10) t 74
(42,10) t 57
(43,10) t 78
(44,10) t 85
(45,10) t 66
(46,10) t 25
(47,10) t 58
(48,10) t 50
(49,10) t 88
(50,10) t 108
(51,10) t 50
(52,10) t 114
(53,10) t 74
(54,10) t 32
(55,10) t 61
(56,10) t 74
(57,10) t 72
(58,10) t 95
(59,10) t 100
(60,10) t 57
(61,10) t 119
(62,10) t 99
(63,10) t 76
(64,10) t 121
(65,10) t 34
(66,10) t 91
(67,10) t 123
(68,10) t 104
(69,10) t 120
(70,10) t 109
(71,10) t 90
(72,10) t 117
(73,10) t 97
(74,10) t 124
(75,10) t 69
(76,10) t 32
(77,10) t 81
(78,10) t 70
(79,10) t 46
(80,10) t 107
(81,10) t 67
(82,10) t 40
(83,10) t 60
(84,10) t 47
(85,10) t 51
(86,10) t 27
(87,10) t 44
(88,10) t 38
(89,10) t 90
(90,10) t 44
(91,10) t 103
(92,10) t 37
(93,10) t 104
(94,10) t 47
(95,10) t 96
(96,10) t 122
(97,10) t 84
(98,10) t 67
(99,10) t 93
(100,10) t 25
