s (1,1) 66
s (2,1) 41
s (3,1) 105
s (4,1) 85
s (5,1) 38
s (6,1) 74
s (7,1) 84
s (8,1) 62
s (9,1) 132
s (10,1) 100
(1,1) (1,2) 73
(2,1) (2,2) 43
(3,1) (3,2) 128
(4,1) (4,2) 57
(5,1) (5,2) 98
(6,1) (6,2) 36
(7,1) (7,2) 112
(8,1) (8,2) 42
(9,1) (9,2) 70
(10,1) (10,2) 69
(1,2) (1,3) 112
(2,2) (2,3) 36
(3,2) (3,3) 102
(4,2) (4,3) 91
(5,2) (5,3) 54
(6,2) (6,3) 108
(7,2) (7,3) 83
(8,2) (8,3) 44
(9,2) (9,3) 126
(10,2) (10,3) 69
(1,3) (1,4) 74
(2,3) (2,4) 86
(3,3) (3,4) 93
(4,3) (4,4) 64
(5,3) (5,4) 132
(6,3) (6,4) 65
(7,3) (7,4) 129
(8,3) (8,4) 118
(9,3) (9,4) 96
(10,3) (10,4) 71
(1,4) (1,5) 93
(2,4) (2,5) 50
(3,4) (3,5) 46
(4,4) (4,5) 47
(5,4) (5,5) 55
(6,4) (6,5) 77
(7,4) (7,5) 35
(8,4) (8,5) 134
(9,4) (9,5) 88
(10,4) (10,5) 71
(1,5) (1,6) 79
(2,5) (2,6) 82
(3,5) (3,6) 116
(4,5) (4,6) 100
(5,5) (5,6) 115
(6,5) (6,6) 104
(7,5) (7,6) 119
(8,5) (8,6) 100
(9,5) (9,6) 69
(10,5) (10,6) 124
(1,6) (1,7) 112
(2,6) (2,7) 74
(3,6) (3,7) 53
(4,6) (4,7) 117
(5,6) (5,7) 120
(6,6) (6,7) 99
(7,6) (7,7) 130
(8,6) (8,7) 108
(9,6) (9,7) 55
(10,6) (10,7) 51
(1,7) (1,8) 41
(2,7) (2,8) 86
(3,7) (3,8) 60
(4,7) (4,8) 57
(5,7) (5,8) 54
(6,7) (6,8) 65
(7,7) (7,8) 98
(8,7) (8,8) 87
(9,7) (9,8) 98
(10,7) (10,8) 59
(1,8) (1,9) 67
(2,8) (2,9) 54
(3,8) (3,9) 54
(4,8) (4,9) 63
(5,8) (5,9) 60
(6,8) (6,9) 95
(7,8) (7,9) 66
(8,8) (8,9) 50
(9,8) (9,9) 88
(10,8) (10,9) 36
(1,9) (1,10) 108
(2,9) (2,10) 113
(3,9) (3,10) 104
(4,9) (4,10) 86
(5,9) (5,10) 120
(6,9) (6,10) 57
(7,9) (7,10) 68
(8,9) (8,10) 59
(9,9) (9,10) 62
(10,9) (10,10) 59
(1,10) (1,11) 47
(2,10) (2,11) 37
(3,10) (3,11) 64
(4,10) (4,11) 119
(5,10) (5,11) 47
(6,10) (6,11) 37
(7,10) (7,11) 134
(8,10) (8,11) 74
(9,10) (9,11) 112
(10,10) (10,11) 131
(1,11) (1,12) 115
(2,11) (2,12) 43
(3,11) (3,12) 41
(4,11) (4,12) 119
(5,11) (5,12) 48
(6,11) (6,12) 95
(7,11) (7,12) 74
(8,11) (8,12) 129
(9,11) (9,12) 89
(10,11) (10,12) 111
(1,12) (1,13) 44
(2,12) (2,13) 102
(3,12) (3,13) 50
(4,12) (4,13) 123
(5,12) (5,13) 78
(6,12) (6,13) 78
(7,12) (7,13) 40
(8,12) (8,13) 130
(9,12) (9,13) 64
(10,12) (10,13) 59
(1,13) (1,14) 48
(2,13) (2,14) 113
(3,13) (3,14) 123
(4,13) (4,14) 84
(5,13) (5,14) 60
(6,13) (6,14) 130
(7,13) (7,14) 101
(8,13) (8,14) 131
(9,13) (9,14) 82
(10,13) (10,14) 109
(1,14) (1,15) 47
(2,14) (2,15) 125
(3,14) (3,15) 86
(4,14) (4,15) 86
(5,14) (5,15) 77
(6,14) (6,15) 118
(7,14) (7,15) 120
(8,14) (8,15) 42
(9,14) (9,15) 92
(10,14) (10,15) 66
(1,15) (1,16) 119
(2,15) (2,16) 49
(3,15) (3,16) 104
(4,15) (4,16) 92
(5,15) (5,16) 65
(6,15) (6,16) 61
(7,15) (7,16) 50
(8,15) (8,16) 86
(9,15) (9,16) 59
(10,15) (10,16) 120
(1,16) (1,17) 113
(2,16) (2,17) 119
(3,16) (3,17) 102
(4,16) (4,17) 132
(5,16) (5,17) 89
(6,16) (6,17) 39
(7,16) (7,17) 72
(8,16) (8,17) 43
(9,16) (9,17) 100
(10,16) (10,17) 50
(1,17) (1,18) 69
(2,17) (2,18) 111
(3,17) (3,18) 97
(4,17) (4,18) 116
(5,17) (5,18) 111
(6,17) (6,18) 116
(7,17) (7,18) 91
(8,17) (8,18) 100
(9,17) (9,18) 120
(10,17) (10,18) 61
(1,18) (1,19) 40
(2,18) (2,19) 105
(3,18) (3,19) 44
(4,18) (4,19) 62
(5,18) (5,19) 127
(6,18) (6,19) 53
(7,18) (7,19) 89
(8,18) (8,19) 87
(9,18) (9,19) 39
(10,18) (10,19) 126
(1,19) (1,20) 103
(2,19) (2,20) 55
(3,19) (3,20) 90
(4,19) (4,20) 131
(5,19) (5,20) 118
(6,19) (6,20) 48
(7,19) (7,20) 123
(8,19) (8,20) 56
(9,19) (9,20) 110
(10,19) (10,20) 78
(1,20) (1,21) 56
(2,20) (2,21) 130
(3,20) (3,21) 80
(4,20) (4,21) 127
(5,20) (5,21) 51
(6,20) (6,21) 93
(7,20) (7,21) 59
(8,20) (8,21) 37
(9,20) (9,21) 99
(10,20) (10,21) 56
(1,21) (1,22) 65
(2,21) (2,22) 112
(3,21) (3,22) 56
(4,21) (4,22) 63
(5,21) (5,22) 52
(6,21) (6,22) 60
(7,21) (7,22) 105
(8,21) (8,22) 105
(9,21) (9,22) 119
(10,21) (10,22) 70
(1,22) (1,23) 71
(2,22) (2,23) 70
(3,22) (3,23) 35
(4,22) (4,23) 119
(5,22) (5,23) 103
(6,22) (6,23) 84
(7,22) (7,23) 49
(8,22) (8,23) 122
(9,22) (9,23) 99
(10,22) (10,23) 117
(1,23) (1,24) 70
(2,23) (2,24) 39
(3,23) (3,24) 77
(4,23) (4,24) 83
(5,23) (5,24) 46
(6,23) (6,24) 98
(7,23) (7,24) 133
(8,23) (8,24) 96
(9,23) (9,24) 124
(10,23) (10,24) 134
(1,24) (1,25) 66
(2,24) (2,25) 55
(3,24) (3,25) 107
(4,24) (4,25) 74
(5,24) (5,25) 133
(6,24) (6,25) 124
(7,24) (7,25) 127
(8,24) (8,25) 113
(9,24) (9,25) 107
(10,24) (10,25) 109
(1,25) (1,26) 83
(2,25) (2,26) 106
(3,25) (3,26) 49
(4,25) (4,26) 89
(5,25) (5,26) 76
(6,25) (6,26) 113
(7,25) (7,26) 93
(8,25) (8,26) 61
(9,25) (9,26) 54
(10,25) (10,26) 45
(1,26) (1,27) 86
(2,26) (2,27) 87
(3,26) (3,27) 78
(4,26) (4,27) 82
(5,26) (5,27) 72
(6,26) (6,27) 86
(7,26) (7,27) 56
(8,26) (8,27) 91
(9,26) (9,27) 87
(10,26) (10,27) 129
(1,27) (1,28) 56
(2,27) (2,28) 53
(3,27) (3,28) 132
(4,27) (4,28) 36
(5,27) (5,28) 125
(6,27) (6,28) 64
(7,27) (7,28) 96
(8,27) (8,28) 88
(9,27) (9,28) 53
(10,27) (10,28) 43
(1,28) (1,29) 48
(2,28) (2,29) 108
(3,28) (3,29) 128
(4,28) (4,29) 74
(5,28) (5,29) 116
(6,28) (6,29) 100
(7,28) (7,29) 124
(8,28) (8,29) 115
(9,28) (9,29) 79
(10,28) (10,29) 106
(1,29) (1,30) 66
(2,29) (2,30) 78
(3,29) (3,30) 120
(4,29) (4,30) 133
(5,29) (5,30) 48
(6,29) (6,30) 76
(7,29) (7,30) 77
(8,29) (8,30) 118
(9,29) (9,30) 130
(10,29) (10,30) 71
(1,30) (1,31) 105
(2,30) (2,31) 123
(3,30) (3,31) 50
(4,30) (4,31) 59
(5,30) (5,31) 124
(6,30) (6,31) 114
(7,30) (7,31) 68
(8,30) (8,31) 81
(9,30) (9,31) 131
(10,30) (10,31) 119
(1,31) (1,32) 119
(2,31) (2,32) 121
(3,31) (3,32) 69
(4,31) (4,32) 110
(5,31) (5,32) 84
(6,31) (6,32) 83
(7,31) (7,32) 62
(8,31) (8,32) 79
(9,31) (9,32) 92
(10,31) (10,32) 122
(1,32) (1,33) 109
(2,32) (2,33) 44
(3,32) (3,33) 93
(4,32) (4,33) 80
(5,32) (5,33) 57
(6,32) (6,33) 109
(7,32) (7,33) 98
(8,32) (8,33) 91
(9,32) (9,33) 50
(10,32) (10,33) 111
(1,33) (1,34) 52
(2,33) (2,34) 74
(3,33) (3,34) 63
(4,33) (4,34) 47
(5,33) (5,34) 110
(6,33) (6,34) 56
(7,33) (7,34) 110
(8,33) (8,34) 80
(9,33) (9,34) 127
(10,33) (10,34) 82
(1,34) (1,35) 79
(2,34) (2,35) 120
(3,34) (3,35) 84
(4,34) (4,35) 102
(5,34) (5,35) 93
(6,34) (6,35) 51
(7,34) (7,35) 120
(8,34) (8,35) 68
(9,34) (9,35) 129
(10,34) (10,35) 98
(1,35) (1,36) 57
(2,35) (2,36) 122
(3,35) (3,36) 60
(4,35) (4,36) 78
(5,35) (5,36) 134
(6,35) (6,36) 116
(7,35) (7,36) 85
(8,35) (8,36) 113
(9,35) (9,36) 50
(10,35) (10,36) 56
(1,36) (1,37) 82
(2,36) (2,37) 74
(3,36) (3,37) 109
(4,36) (4,37) 103
(5,36) (5,37) 129
(6,36) (6,37) 118
(7,36) (7,37) 100
(8,36) (8,37) 73
(9,36) (9,37) 83
(10,36) (10,37) 39
(1,37) (1,38) 47
(2,37) (2,38) 78
(3,37) (3,38) 63
(4,37) (4,38) 36
(5,37) (5,38) 116
(6,37) (6,38) 92
(7,37) (7,38) 84
(8,37) (8,38) 104
(9,37) (9,38) 111
(10,37) (10,38) 106
(1,38) (1,39) 86
(2,38) (2,39) 56
(3,38) (3,39) 46
(4,38) (4,39) 96
(5,38) (5,39) 120
(6,38) (6,39) 44
(7,38) (7,39) 126
(8,38) (8,39) 110
(9,38) (9,39) 56
(10,38) (10,39) 62
(1,39) (1,40) 119
(2,39) (2,40) 67
(3,39) (3,40) 134
(4,39) (4,40) 134
(5,39) (5,40) 129
(6,39) (6,40) 98
(7,39) (7,40) 87
(8,39) (8,40) 57
(9,39) (9,40) 89
(10,39) (10,40) 132
(1,40) (1,41) 126
(2,40) (2,41) 97
(3,40) (3,41) 120
(4,40) (4,41) 98
(5,40) (5,41) 133
(6,40) (6,41) 51
(7,40) (7,41) 83
(8,40) (8,41) 134
(9,40) (9,41) 35
(10,40) (10,41) 96
(1,41) (1,42) 123
(2,41) (2,42) 128
(3,41) (3,42) 65
(4,41) (4,42) 82
(5,41) (5,42) 119
(6,41) (6,42) 110
(7,41) (7,42) 87
(8,41) (8,42) 95
(9,41) (9,42) 61
(10,41) (10,42) 121
(1,42) (1,43) 118
(2,42) (2,43) 88
(3,42) (3,43) 81
(4,42) (4,43) 69
(5,42) (5,43) 108
(6,42) (6,43) 55
(7,42) (7,43) 82
(8,42) (8,43) 60
(9,42) (9,43) 88
(10,42) (10,43) 71
(1,43) (1,44) 39
(2,43) (2,44) 82
(3,43) (3,44) 127
(4,43) (4,44) 89
(5,43) (5,44) 126
(6,43) (6,44) 89
(7,43) (7,44) 40
(8,43) (8,44) 49
(9,43) (9,44) 41
(10,43) (10,44) 112
(1,44) (1,45) 117
(2,44) (2,45) 39
(3,44) (3,45) 117
(4,44) (4,45) 131
(5,44) (5,45) 78
(6,44) (6,45) 60
(7,44) (7,45) 116
(8,44) (8,45) 38
(9,44) (9,45) 104
(10,44) (10,45) 133
(1,45) (1,46) 130
(2,45) (2,46) 70
(3,45) (3,46) 126
(4,45) (4,46) 98
(5,45) (5,46) 64
(6,45) (6,46) 48
(7,45) (7,46) 96
(8,45) (8,46) 129
(9,45) (9,46) 130
(10,45) (10,46) 101
(1,46) (1,47) 118
(2,46) (2,47) 94
(3,46) (3,47) 108
(4,46) (4,47) 52
(5,46) (5,47) 59
(6,46) (6,47) 72
(7,46) (7,47) 44
(8,46) (8,47) 72
(9,46) (9,47) 92
(10,46) (10,47) 61
(1,47) (1,48) 122
(2,47) (2,48) 57
(3,47) (3,48) 43
(4,47) (4,48) 134
(5,47) (5,48) 72
(6,47) (6,48) 58
(7,47) (7,48) 133
(8,47) (8,48) 42
(9,47) (9,48) 53
(10,47) (10,48) 66
(1,48) (1,49) 48
(2,48) (2,49) 116
(3,48) (3,49) 98
(4,48) (4,49) 88
(5,48) (5,49) 50
(6,48) (6,49) 110
(7,48) (7,49) 89
(8,48) (8,49) 37
(9,48) (9,49) 100
(10,48) (10,49) 37
(1,49) (1,50) 94
(2,49) (2,50) 60
(3,49) (3,50) 131
(4,49) (4,50) 111
(5,49) (5,50) 123
(6,49) (6,50) 124
(7,49) (7,50) 113
(8,49) (8,50) 120
(9,49) (9,50) 75
(10,49) (10,50) 38
(1,50) (1,51) 128
(2,50) (2,51) 64
(3,50) (3,51) 43
(4,50) (4,51) 59
(5,50) (5,51) 44
(6,50) (6,51) 52
(7,50) (7,51) 73
(8,50) (8,51) 70
(9,50) (9,51) 58
(10,50) (10,51) 55
(1,51) (1,52) 99
(2,51) (2,52) 124
(3,51) (3,52) 113
(4,51) (4,52) 88
(5,51) (5,52) 80
(6,51) (6,52) 71
(7,51) (7,52) 116
(8,51) (8,52) 102
(9,51) (9,52) 74
(10,51) (10,52) 45
(1,52) (1,53) 59
(2,52) (2,53) 74
(3,52) (3,53) 57
(4,52) (4,53) 42
(5,52) (5,53) 108
(6,52) (6,53) 118
(7,52) (7,53) 68
(8,52) (8,53) 132
(9,52) (9,53) 58
(10,52) (10,53) 63
(1,53) (1,54) 122
(2,53) (2,54) 112
(3,53) (3,54) 65
(4,53) (4,54) 126
(5,53) (5,54) 82
(6,53) (6,54) 105
(7,53) (7,54) 88
(8,53) (8,54) 109
(9,53) (9,54) 72
(10,53) (10,54) 131
(1,54) (1,55) 133
(2,54) (2,55) 41
(3,54) (3,55) 124
(4,54) (4,55) 118
(5,54) (5,55) 47
(6,54) (6,55) 107
(7,54) (7,55) 130
(8,54) (8,55) 93
(9,54) (9,55) 94
(10,54) (10,55) 83
(1,55) (1,56) 129
(2,55) (2,56) 78
(3,55) (3,56) 98
(4,55) (4,56) 68
(5,55) (5,56) 96
(6,55) (6,56) 58
(7,55) (7,56) 38
(8,55) (8,56) 83
(9,55) (9,56) 63
(10,55) (10,56) 114
(1,56) (1,57) 85
(2,56) (2,57) 100
(3,56) (3,57) 90
(4,56) (4,57) 89
(5,56) (5,57) 44
(6,56) (6,57) 63
(7,56) (7,57) 101
(8,56) (8,57) 111
(9,56) (9,57) 76
(10,56) (10,57) 77
(1,57) (1,58) 60
(2,57) (2,58) 96
(3,57) (3,58) 81
(4,57) (4,58) 82
(5,57) (5,58) 58
(6,57) (6,58) 122
(7,57) (7,58) 68
(8,57) (8,58) 55
(9,57) (9,58) 58
(10,57) (10,58) 83
(1,58) (1,59) 106
(2,58) (2,59) 124
(3,58) (3,59) 85
(4,58) (4,59) 61
(5,58) (5,59) 39
(6,58) (6,59) 52
(7,58) (7,59) 103
(8,58) (8,59) 101
(9,58) (9,59) 95
(10,58) (10,59) 66
(1,59) (1,60) 84
(2,59) (2,60) 76
(3,59) (3,60) 95
(4,59) (4,60) 128
(5,59) (5,60) 83
(6,59) (6,60) 42
(7,59) (7,60) 111
(8,59) (8,60) 107
(9,59) (9,60) 131
(10,59) (10,60) 61
(1,60) (1,61) 131
(2,60) (2,61) 73
(3,60) (3,61) 70
(4,60) (4,61) 53
(5,60) (5,61) 64
(6,60) (6,61) 127
(7,60) (7,61) 100
(8,60) (8,61) 126
(9,60) (9,61) 115
(10,60) (10,61) 111
(1,61) (1,62) 116
(2,61) (2,62) 63
(3,61) (3,62) 93
(4,61) (4,62) 83
(5,61) (5,62) 106
(6,61) (6,62) 35
(7,61) (7,62) 106
(8,61) (8,62) 105
(9,61) (9,62) 65
(10,61) (10,62) 78
(1,62) (1,63) 132
(2,62) (2,63) 122
(3,62) (3,63) 44
(4,62) (4,63) 113
(5,62) (5,63) 63
(6,62) (6,63) 74
(7,62) (7,63) 76
(8,62) (8,63) 59
(9,62) (9,63) 67
(10,62) (10,63) 125
(1,63) (1,64) 88
(2,63) (2,64) 39
(3,63) (3,64) 50
(4,63) (4,64) 132
(5,63) (5,64) 78
(6,63) (6,64) 67
(7,63) (7,64) 36
(8,63) (8,64) 127
(9,63) (9,64) 38
(10,63) (10,64) 96
(1,64) (1,65) 49
(2,64) (2,65) 76
(3,64) (3,65) 77
(4,64) (4,65) 53
(5,64) (5,65) 63
(6,64) (6,65) 114
(7,64) (7,65) 52
(8,64) (8,65) 38
(9,64) (9,65) 69
(10,64) (10,65) 39
(1,65) (1,66) 103
(2,65) (2,66) 62
(3,65) (3,66) 41
(4,65) (4,66) 76
(5,65) (5,66) 45
(6,65) (6,66) 116
(7,65) (7,66) 37
(8,65) (8,66) 134
(9,65) (9,66) 106
(10,65) (10,66) 95
(1,66) (1,67) 64
(2,66) (2,67) 98
(3,66) (3,67) 77
(4,66) (4,67) 77
(5,66) (5,67) 68
(6,66) (6,67) 70
(7,66) (7,67) 99
(8,66) (8,67) 38
(9,66) (9,67) 51
(10,66) (10,67) 52
(1,67) (1,68) 44
(2,67) (2,68) 130
(3,67) (3,68) 44
(4,67) (4,68) 132
(5,67) (5,68) 105
(6,67) (6,68) 121
(7,67) (7,68) 116
(8,67) (8,68) 78
(9,67) (9,68) 88
(10,67) (10,68) 60
(1,68) (1,69) 87
(2,68) (2,69) 78
(3,68) (3,69) 69
(4,68) (4,69) 68
(5,68) (5,69) 77
(6,68) (6,69) 76
(7,68) (7,69) 109
(8,68) (8,69) 51
(9,68) (9,69) 134
(10,68) (10,69) 48
(1,69) (1,70) 45
(2,69) (2,70) 67
(3,69) (3,70) 46
(4,69) (4,70) 46
(5,69) (5,70) 100
(6,69) (6,70) 83
(7,69) (7,70) 37
(8,69) (8,70) 84
(9,69) (9,70) 118
(10,69) (10,70) 101
(1,70) (1,71) 39
(2,70) (2,71) 44
(3,70) (3,71) 39
(4,70) (4,71) 50
(5,70) (5,71) 104
(6,70) (6,71) 109
(7,70) (7,71) 36
(8,70) (8,71) 61
(9,70) (9,71) 132
(10,70) (10,71) 91
(1,71) (1,72) 108
(2,71) (2,72) 87
(3,71) (3,72) 45
(4,71) (4,72) 35
(5,71) (5,72) 90
(6,71) (6,72) 81
(7,71) (7,72) 70
(8,71) (8,72) 117
(9,71) (9,72) 123
(10,71) (10,72) 85
(1,72) (1,73) 61
(2,72) (2,73) 57
(3,72) (3,73) 68
(4,72) (4,73) 94
(5,72) (5,73) 101
(6,72) (6,73) 81
(7,72) (7,73) 75
(8,72) (8,73) 49
(9,72) (9,73) 82
(10,72) (10,73) 73
(1,73) (1,74) 127
(2,73) (2,74) 44
(3,73) (3,74) 121
(4,73) (4,74) 112
(5,73) (5,74) 121
(6,73) (6,74) 63
(7,73) (7,74) 79
(8,73) (8,74) 123
(9,73) (9,74) 49
(10,73) (10,74) 128
(1,74) (1,75) 123
(2,74) (2,75) 125
(3,74) (3,75) 126
(4,74) (4,75) 77
(5,74) (5,75) 109
(6,74) (6,75) 93
(7,74) (7,75) 75
(8,74) (8,75) 120
(9,74) (9,75) 75
(10,74) (10,75) 49
(1,75) (1,76) 103
(2,75) (2,76) 121
(3,75) (3,76) 70
(4,75) (4,76) 36
(5,75) (5,76) 120
(6,75) (6,76) 132
(7,75) (7,76) 45
(8,75) (8,76) 90
(9,75) (9,76) 97
(10,75) (10,76) 79
(1,76) (1,77) 58
(2,76) (2,77) 109
(3,76) (3,77) 41
(4,76) (4,77) 69
(5,76) (5,77) 49
(6,76) (6,77) 108
(7,76) (7,77) 48
(8,76) (8,77) 112
(9,76) (9,77) 84
(10,76) (10,77) 104
(1,77) (1,78) 53
(2,77) (2,78) 120
(3,77) (3,78) 89
(4,77) (4,78) 47
(5,77) (5,78) 45
(6,77) (6,78) 101
(7,77) (7,78) 123
(8,77) (8,78) 68
(9,77) (9,78) 72
(10,77) (10,78) 102
(1,78) (1,79) 83
(2,78) (2,79) 42
(3,78) (3,79) 97
(4,78) (4,79) 113
(5,78) (5,79) 58
(6,78) (6,79) 41
(7,78) (7,79) 85
(8,78) (8,79) 82
(9,78) (9,79) 37
(10,78) (10,79) 51
(1,79) (1,80) 49
(2,79) (2,80) 97
(3,79) (3,80) 90
(4,79) (4,80) 88
(5,79) (5,80) 69
(6,79) (6,80) 73
(7,79) (7,80) 47
(8,79) (8,80) 96
(9,79) (9,80) 119
(10,79) (10,80) 71
(1,80) (1,81) 68
(2,80) (2,81) 42
(3,80) (3,81) 44
(4,80) (4,81) 101
(5,80) (5,81) 49
(6,80) (6,81) 102
(7,80) (7,81) 57
(8,80) (8,81) 82
(9,80) (9,81) 114
(10,80) (10,81) 89
(1,81) (1,82) 88
(2,81) (2,82) 90
(3,81) (3,82) 116
(4,81) (4,82) 101
(5,81) (5,82) 134
(6,81) (6,82) 88
(7,81) (7,82) 41
(8,81) (8,82) 64
(9,81) (9,82) 131
(10,81) (10,82) 56
(1,82) (1,83) 119
(2,82) (2,83) 78
(3,82) (3,83) 50
(4,82) (4,83) 44
(5,82) (5,83) 61
(6,82) (6,83) 103
(7,82) (7,83) 71
(8,82) (8,83) 58
(9,82) (9,83) 99
(10,82) (10,83) 59
(1,83) (1,84) 38
(2,83) (2,84) 103
(3,83) (3,84) 121
(4,83) (4,84) 40
(5,83) (5,84) 45
(6,83) (6,84) 100
(7,83) (7,84) 37
(8,83) (8,84) 42
(9,83) (9,84) 110
(10,83) (10,84) 126
(1,84) (1,85) 110
(2,84) (2,85) 51
(3,84) (3,85) 112
(4,84) (4,85) 93
(5,84) (5,85) 108
(6,84) (6,85) 130
(7,84) (7,85) 56
(8,84) (8,85) 50
(9,84) (9,85) 73
(10,84) (10,85) 42
(1,85) (1,86) 109
(2,85) (2,86) 81
(3,85) (3,86) 117
(4,85) (4,86) 99
(5,85) (5,86) 133
(6,85) (6,86) 122
(7,85) (7,86) 91
(8,85) (8,86) 125
(9,85) (9,86) 62
(10,85) (10,86) 132
(1,86) (1,87) 113
(2,86) (2,87) 90
(3,86) (3,87) 65
(4,86) (4,87) 64
(5,86) (5,87) 91
(6,86) (6,87) 75
(7,86) (7,87) 69
(8,86) (8,87) 96
(9,86) (9,87) 43
(10,86) (10,87) 95
(1,87) (1,88) 132
(2,87) (2,88) 80
(3,87) (3,88) 40
(4,87) (4,88) 50
(5,87) (5,88) 84
(6,87) (6,88) 95
(7,87) (7,88) 60
(8,87) (8,88) 52
(9,87) (9,88) 133
(10,87) (10,88) 94
(1,88) (1,89) 96
(2,88) (2,89) 102
(3,88) (3,89) 75
(4,88) (4,89) 126
(5,88) (5,89) 41
(6,88) (6,89) 72
(7,88) (7,89) 119
(8,88) (8,89) 92
(9,88) (9,89) 61
(10,88) (10,89) 46
(1,89) (1,90) 107
(2,89) (2,90) 78
(3,89) (3,90) 77
(4,89) (4,90) 73
(5,89) (5,90) 36
(6,89) (6,90) 134
(7,89) (7,90) 133
(8,89) (8,90) 57
(9,89) (9,90) 47
(10,89) (10,90) 107
(1,90) (1,91) 88
(2,90) (2,91) 36
(3,90) (3,91) 120
(4,90) (4,91) 95
(5,90) (5,91) 119
(6,90) (6,91) 114
(7,90) (7,91) 83
(8,90) (8,91) 91
(9,90) (9,91) 101
(10,90) (10,91) 121
(1,91) (1,92) 80
(2,91) (2,92) 66
(3,91) (3,92) 126
(4,91) (4,92) 128
(5,91) (5,92) 54
(6,91) (6,92) 38
(7,91) (7,92) 89
(8,91) (8,92) 111
(9,91) (9,92) 105
(10,91) (10,92) 50
(1,92) (1,93) 107
(2,92) (2,93) 71
(3,92) (3,93) 62
(4,92) (4,93) 109
(5,92) (5,93) 78
(6,92) (6,93) 56
(7,92) (7,93) 36
(8,92) (8,93) 97
(9,92) (9,93) 127
(10,92) (10,93) 108
(1,93) (1,94) 52
(2,93) (2,94) 134
(3,93) (3,94) 61
(4,93) (4,94) 94
(5,93) (5,94) 52
(6,93) (6,94) 69
(7,93) (7,94) 55
(8,93) (8,94) 96
(9,93) (9,94) 70
(10,93) (10,94) 106
(1,94) (1,95) 125
(2,94) (2,95) 127
(3,94) (3,95) 53
(4,94) (4,95) 97
(5,94) (5,95) 70
(6,94) (6,95) 81
(7,94) (7,95) 86
(8,94) (8,95) 130
(9,94) (9,95) 50
(10,94) (10,95) 130
(1,95) (1,96) 73
(2,95) (2,96) 48
(3,95) (3,96) 95
(4,95) (4,96) 38
(5,95) (5,96) 94
(6,95) (6,96) 101
(7,95) (7,96) 82
(8,95) (8,96) 46
(9,95) (9,96) 87
(10,95) (10,96) 69
(1,96) (1,97) 126
(2,96) (2,97) 99
(3,96) (3,97) 112
(4,96) (4,97) 127
(5,96) (5,97) 48
(6,96) (6,97) 54
(7,96) (7,97) 62
(8,96) (8,97) 125
(9,96) (9,97) 41
(10,96) (10,97) 91
(1,97) (1,98) 125
(2,97) (2,98) 59
(3,97) (3,98) 109
(4,97) (4,98) 35
(5,97) (5,98) 124
(6,97) (6,98) 107
(7,97) (7,98) 88
(8,97) (8,98) 104
(9,97) (9,98) 75
(10,97) (10,98) 57
(1,98) (1,99) 108
(2,98) (2,99) 123
(3,98) (3,99) 57
(4,98) (4,99) 131
(5,98) (5,99) 47
(6,98) (6,99) 81
(7,98) (7,99) 80
(8,98) (8,99) 56
(9,98) (9,99) 111
(10,98) (10,99) 64
(1,99) (1,100) 47
(2,99) (2,100) 49
(3,99) (3,100) 109
(4,99) (4,100) 123
(5,99) (5,100) 38
(6,99) (6,100) 106
(7,99) (7,100) 50
(8,99) (8,100) 57
(9,99) (9,100) 121
(10,99) (10,100) 43
(1,1) (2,1) 116
(2,1) (1,1) 123
(2,1) (3,1) 99
(3,1) (2,1) 122
(3,1) (4,1) 77
(4,1) (3,1) 76
(4,1) (5,1) 58
(5,1) (4,1) 96
(5,1) (6,1) 129
(6,1) (5,1) 53
(6,1) (7,1) 92
(7,1) (6,1) 96
(7,1) (8,1) 47
(8,1) (7,1) 118
(8,1) (9,1) 36
(9,1) (8,1) 121
(9,1) (10,1) 39
(10,1) (9,1) 60
(1,2) (2,2) 48
(2,2) (1,2) 101
(2,2) (3,2) 91
(3,2) (2,2) 75
(3,2) (4,2) 51
(4,2) (3,2) 79
(4,2) (5,2) 80
(5,2) (4,2) 55
(5,2) (6,2) 48
(6,2) (5,2) 86
(6,2) (7,2) 51
(7,2) (6,2) 94
(7,2) (8,2) 93
(8,2) (7,2) 115
(8,2) (9,2) 73
(9,2) (8,2) 116
(9,2) (10,2) 117
(10,2) (9,2) 112
(1,3) (2,3) 60
(2,3) (1,3) 132
(2,3) (3,3) 85
(3,3) (2,3) 76
(3,3) (4,3) 68
(4,3) (3,3) 65
(4,3) (5,3) 110
(5,3) (4,3) 79
(5,3) (6,3) 107
(6,3) (5,3) 89
(6,3) (7,3) 67
(7,3) (6,3) 52
(7,3) (8,3) 70
(8,3) (7,3) 89
(8,3) (9,3) 109
(9,3) (8,3) 94
(9,3) (10,3) 88
(10,3) (9,3) 48
(1,4) (2,4) 131
(2,4) (1,4) 42
(2,4) (3,4) 120
(3,4) (2,4) 55
(3,4) (4,4) 75
(4,4) (3,4) 88
(4,4) (5,4) 107
(5,4) (4,4) 35
(5,4) (6,4) 107
(6,4) (5,4) 105
(6,4) (7,4) 127
(7,4) (6,4) 59
(7,4) (8,4) 98
(8,4) (7,4) 93
(8,4) (9,4) 100
(9,4) (8,4) 37
(9,4) (10,4) 123
(10,4) (9,4) 55
(1,5) (2,5) 54
(2,5) (1,5) 38
(2,5) (3,5) 81
(3,5) (2,5) 69
(3,5) (4,5) 84
(4,5) (3,5) 46
(4,5) (5,5) 84
(5,5) (4,5) 54
(5,5) (6,5) 88
(6,5) (5,5) 110
(6,5) (7,5) 104
(7,5) (6,5) 55
(7,5) (8,5) 75
(8,5) (7,5) 74
(8,5) (9,5) 87
(9,5) (8,5) 43
(9,5) (10,5) 128
(10,5) (9,5) 71
(1,6) (2,6) 50
(2,6) (1,6) 71
(2,6) (3,6) 133
(3,6) (2,6) 118
(3,6) (4,6) 77
(4,6) (3,6) 128
(4,6) (5,6) 119
(5,6) (4,6) 39
(5,6) (6,6) 112
(6,6) (5,6) 48
(6,6) (7,6) 48
(7,6) (6,6) 108
(7,6) (8,6) 39
(8,6) (7,6) 57
(8,6) (9,6) 70
(9,6) (8,6) 66
(9,6) (10,6) 88
(10,6) (9,6) 134
(1,7) (2,7) 105
(2,7) (1,7) 74
(2,7) (3,7) 76
(3,7) (2,7) 96
(3,7) (4,7) 42
(4,7) (3,7) 67
(4,7) (5,7) 48
(5,7) (4,7) 69
(5,7) (6,7) 40
(6,7) (5,7) 51
(6,7) (7,7) 64
(7,7) (6,7) 76
(7,7) (8,7) 117
(8,7) (7,7) 60
(8,7) (9,7) 55
(9,7) (8,7) 120
(9,7) (10,7) 131
(10,7) (9,7) 61
(1,8) (2,8) 65
(2,8) (1,8) 46
(2,8) (3,8) 112
(3,8) (2,8) 85
(3,8) (4,8) 108
(4,8) (3,8) 62
(4,8) (5,8) 59
(5,8) (4,8) 97
(5,8) (6,8) 117
(6,8) (5,8) 102
(6,8) (7,8) 112
(7,8) (6,8) 109
(7,8) (8,8) 100
(8,8) (7,8) 75
(8,8) (9,8) 116
(9,8) (8,8) 45
(9,8) (10,8) 60
(10,8) (9,8) 75
(1,9) (2,9) 43
(2,9) (1,9) 98
(2,9) (3,9) 79
(3,9) (2,9) 72
(3,9) (4,9) 103
(4,9) (3,9) 81
(4,9) (5,9) 84
(5,9) (4,9) 122
(5,9) (6,9) 106
(6,9) (5,9) 129
(6,9) (7,9) 63
(7,9) (6,9) 54
(7,9) (8,9) 100
(8,9) (7,9) 92
(8,9) (9,9) 133
(9,9) (8,9) 122
(9,9) (10,9) 90
(10,9) (9,9) 51
(1,10) (2,10) 37
(2,10) (1,10) 90
(2,10) (3,10) 35
(3,10) (2,10) 119
(3,10) (4,10) 53
(4,10) (3,10) 118
(4,10) (5,10) 57
(5,10) (4,10) 97
(5,10) (6,10) 45
(6,10) (5,10) 48
(6,10) (7,10) 112
(7,10) (6,10) 51
(7,10) (8,10) 95
(8,10) (7,10) 53
(8,10) (9,10) 52
(9,10) (8,10) 49
(9,10) (10,10) 134
(10,10) (9,10) 79
(1,11) (2,11) 40
(2,11) (1,11) 117
(2,11) (3,11) 105
(3,11) (2,11) 133
(3,11) (4,11) 108
(4,11) (3,11) 90
(4,11) (5,11) 129
(5,11) (4,11) 86
(5,11) (6,11) 127
(6,11) (5,11) 97
(6,11) (7,11) 131
(7,11) (6,11) 36
(7,11) (8,11) 114
(8,11) (7,11) 63
(8,11) (9,11) 97
(9,11) (8,11) 65
(9,11) (10,11) 50
(10,11) (9,11) 64
(1,12) (2,12) 75
(2,12) (1,12) 62
(2,12) (3,12) 112
(3,12) (2,12) 56
(3,12) (4,12) 94
(4,12) (3,12) 36
(4,12) (5,12) 76
(5,12) (4,12) 87
(5,12) (6,12) 65
(6,12) (5,12) 116
(6,12) (7,12) 67
(7,12) (6,12) 67
(7,12) (8,12) 132
(8,12) (7,12) 114
(8,12) (9,12) 79
(9,12) (8,12) 94
(9,12) (10,12) 114
(10,12) (9,12) 133
(1,13) (2,13) 66
(2,13) (1,13) 128
(2,13) (3,13) 82
(3,13) (2,13) 47
(3,13) (4,13) 101
(4,13) (3,13) 38
(4,13) (5,13) 122
(5,13) (4,13) 84
(5,13) (6,13) 127
(6,13) (5,13) 76
(6,13) (7,13) 105
(7,13) (6,13) 102
(7,13) (8,13) 77
(8,13) (7,13) 114
(8,13) (9,13) 36
(9,13) (8,13) 116
(9,13) (10,13) 70
(10,13) (9,13) 69
(1,14) (2,14) 104
(2,14) (1,14) 119
(2,14) (3,14) 65
(3,14) (2,14) 50
(3,14) (4,14) 58
(4,14) (3,14) 94
(4,14) (5,14) 103
(5,14) (4,14) 36
(5,14) (6,14) 95
(6,14) (5,14) 110
(6,14) (7,14) 123
(7,14) (6,14) 59
(7,14) (8,14) 103
(8,14) (7,14) 134
(8,14) (9,14) 44
(9,14) (8,14) 89
(9,14) (10,14) 126
(10,14) (9,14) 122
(1,15) (2,15) 63
(2,15) (1,15) 92
(2,15) (3,15) 114
(3,15) (2,15) 67
(3,15) (4,15) 130
(4,15) (3,15) 83
(4,15) (5,15) 108
(5,15) (4,15) 46
(5,15) (6,15) 128
(6,15) (5,15) 110
(6,15) (7,15) 106
(7,15) (6,15) 53
(7,15) (8,15) 62
(8,15) (7,15) 101
(8,15) (9,15) 126
(9,15) (8,15) 95
(9,15) (10,15) 52
(10,15) (9,15) 132
(1,16) (2,16) 86
(2,16) (1,16) 41
(2,16) (3,16) 106
(3,16) (2,16) 45
(3,16) (4,16) 104
(4,16) (3,16) 43
(4,16) (5,16) 114
(5,16) (4,16) 63
(5,16) (6,16) 84
(6,16) (5,16) 52
(6,16) (7,16) 51
(7,16) (6,16) 83
(7,16) (8,16) 56
(8,16) (7,16) 50
(8,16) (9,16) 43
(9,16) (8,16) 107
(9,16) (10,16) 64
(10,16) (9,16) 55
(1,17) (2,17) 82
(2,17) (1,17) 63
(2,17) (3,17) 80
(3,17) (2,17) 105
(3,17) (4,17) 47
(4,17) (3,17) 123
(4,17) (5,17) 127
(5,17) (4,17) 129
(5,17) (6,17) 132
(6,17) (5,17) 122
(6,17) (7,17) 121
(7,17) (6,17) 97
(7,17) (8,17) 51
(8,17) (7,17) 85
(8,17) (9,17) 42
(9,17) (8,17) 52
(9,17) (10,17) 112
(10,17) (9,17) 89
(1,18) (2,18) 118
(2,18) (1,18) 88
(2,18) (3,18) 131
(3,18) (2,18) 71
(3,18) (4,18) 69
(4,18) (3,18) 76
(4,18) (5,18) 130
(5,18) (4,18) 50
(5,18) (6,18) 81
(6,18) (5,18) 76
(6,18) (7,18) 102
(7,18) (6,18) 71
(7,18) (8,18) 70
(8,18) (7,18) 73
(8,18) (9,18) 87
(9,18) (8,18) 124
(9,18) (10,18) 70
(10,18) (9,18) 86
(1,19) (2,19) 90
(2,19) (1,19) 123
(2,19) (3,19) 42
(3,19) (2,19) 132
(3,19) (4,19) 129
(4,19) (3,19) 42
(4,19) (5,19) 97
(5,19) (4,19) 59
(5,19) (6,19) 131
(6,19) (5,19) 121
(6,19) (7,19) 56
(7,19) (6,19) 90
(7,19) (8,19) 57
(8,19) (7,19) 56
(8,19) (9,19) 62
(9,19) (8,19) 122
(9,19) (10,19) 101
(10,19) (9,19) 87
(1,20) (2,20) 123
(2,20) (1,20) 60
(2,20) (3,20) 129
(3,20) (2,20) 44
(3,20) (4,20) 89
(4,20) (3,20) 128
(4,20) (5,20) 36
(5,20) (4,20) 111
(5,20) (6,20) 82
(6,20) (5,20) 37
(6,20) (7,20) 62
(7,20) (6,20) 54
(7,20) (8,20) 73
(8,20) (7,20) 113
(8,20) (9,20) 73
(9,20) (8,20) 84
(9,20) (10,20) 131
(10,20) (9,20) 71
(1,21) (2,21) 89
(2,21) (1,21) 85
(2,21) (3,21) 42
(3,21) (2,21) 37
(3,21) (4,21) 124
(4,21) (3,21) 43
(4,21) (5,21) 110
(5,21) (4,21) 73
(5,21) (6,21) 110
(6,21) (5,21) 46
(6,21) (7,21) 124
(7,21) (6,21) 36
(7,21) (8,21) 125
(8,21) (7,21) 131
(8,21) (9,21) 49
(9,21) (8,21) 105
(9,21) (10,21) 37
(10,21) (9,21) 131
(1,22) (2,22) 47
(2,22) (1,22) 37
(2,22) (3,22) 97
(3,22) (2,22) 104
(3,22) (4,22) 63
(4,22) (3,22) 111
(4,22) (5,22) 66
(5,22) (4,22) 61
(5,22) (6,22) 47
(6,22) (5,22) 43
(6,22) (7,22) 132
(7,22) (6,22) 67
(7,22) (8,22) 54
(8,22) (7,22) 64
(8,22) (9,22) 90
(9,22) (8,22) 133
(9,22) (10,22) 83
(10,22) (9,22) 110
(1,23) (2,23) 54
(2,23) (1,23) 56
(2,23) (3,23) 63
(3,23) (2,23) 84
(3,23) (4,23) 71
(4,23) (3,23) 36
(4,23) (5,23) 48
(5,23) (4,23) 91
(5,23) (6,23) 103
(6,23) (5,23) 38
(6,23) (7,23) 106
(7,23) (6,23) 72
(7,23) (8,23) 46
(8,23) (7,23) 58
(8,23) (9,23) 84
(9,23) (8,23) 87
(9,23) (10,23) 121
(10,23) (9,23) 110
(1,24) (2,24) 121
(2,24) (1,24) 131
(2,24) (3,24) 87
(3,24) (2,24) 110
(3,24) (4,24) 81
(4,24) (3,24) 80
(4,24) (5,24) 107
(5,24) (4,24) 84
(5,24) (6,24) 116
(6,24) (5,24) 65
(6,24) (7,24) 74
(7,24) (6,24) 104
(7,24) (8,24) 61
(8,24) (7,24) 107
(8,24) (9,24) 96
(9,24) (8,24) 68
(9,24) (10,24) 51
(10,24) (9,24) 127
(1,25) (2,25) 78
(2,25) (1,25) 57
(2,25) (3,25) 53
(3,25) (2,25) 50
(3,25) (4,25) 112
(4,25) (3,25) 73
(4,25) (5,25) 68
(5,25) (4,25) 123
(5,25) (6,25) 134
(6,25) (5,25) 82
(6,25) (7,25) 36
(7,25) (6,25) 115
(7,25) (8,25) 83
(8,25) (7,25) 69
(8,25) (9,25) 116
(9,25) (8,25) 90
(9,25) (10,25) 130
(10,25) (9,25) 61
(1,26) (2,26) 134
(2,26) (1,26) 107
(2,26) (3,26) 93
(3,26) (2,26) 63
(3,26) (4,26) 51
(4,26) (3,26) 100
(4,26) (5,26) 65
(5,26) (4,26) 109
(5,26) (6,26) 91
(6,26) (5,26) 107
(6,26) (7,26) 92
(7,26) (6,26) 59
(7,26) (8,26) 86
(8,26) (7,26) 37
(8,26) (9,26) 46
(9,26) (8,26) 129
(9,26) (10,26) 112
(10,26) (9,26) 42
(1,27) (2,27) 54
(2,27) (1,27) 40
(2,27) (3,27) 62
(3,27) (2,27) 104
(3,27) (4,27) 80
(4,27) (3,27) 66
(4,27) (5,27) 74
(5,27) (4,27) 73
(5,27) (6,27) 101
(6,27) (5,27) 125
(6,27) (7,27) 56
(7,27) (6,27) 86
(7,27) (8,27) 59
(8,27) (7,27) 100
(8,27) (9,27) 55
(9,27) (8,27) 100
(9,27) (10,27) 124
(10,27) (9,27) 67
(1,28) (2,28) 85
(2,28) (1,28) 126
(2,28) (3,28) 46
(3,28) (2,28) 132
(3,28) (4,28) 66
(4,28) (3,28) 111
(4,28) (5,28) 85
(5,28) (4,28) 36
(5,28) (6,28) 96
(6,28) (5,28) 84
(6,28) (7,28) 116
(7,28) (6,28) 117
(7,28) (8,28) 64
(8,28) (7,28) 94
(8,28) (9,28) 58
(9,28) (8,28) 131
(9,28) (10,28) 89
(10,28) (9,28) 53
(1,29) (2,29) 81
(2,29) (1,29) 94
(2,29) (3,29) 51
(3,29) (2,29) 104
(3,29) (4,29) 110
(4,29) (3,29) 57
(4,29) (5,29) 50
(5,29) (4,29) 132
(5,29) (6,29) 37
(6,29) (5,29) 69
(6,29) (7,29) 40
(7,29) (6,29) 52
(7,29) (8,29) 50
(8,29) (7,29) 69
(8,29) (9,29) 61
(9,29) (8,29) 68
(9,29) (10,29) 125
(10,29) (9,29) 42
(1,30) (2,30) 106
(2,30) (1,30) 131
(2,30) (3,30) 70
(3,30) (2,30) 132
(3,30) (4,30) 134
(4,30) (3,30) 95
(4,30) (5,30) 54
(5,30) (4,30) 76
(5,30) (6,30) 130
(6,30) (5,30) 63
(6,30) (7,30) 75
(7,30) (6,30) 58
(7,30) (8,30) 127
(8,30) (7,30) 91
(8,30) (9,30) 71
(9,30) (8,30) 94
(9,30) (10,30) 75
(10,30) (9,30) 128
(1,31) (2,31) 45
(2,31) (1,31) 50
(2,31) (3,31) 124
(3,31) (2,31) 97
(3,31) (4,31) 92
(4,31) (3,31) 47
(4,31) (5,31) 116
(5,31) (4,31) 47
(5,31) (6,31) 64
(6,31) (5,31) 65
(6,31) (7,31) 95
(7,31) (6,31) 108
(7,31) (8,31) 67
(8,31) (7,31) 82
(8,31) (9,31) 123
(9,31) (8,31) 122
(9,31) (10,31) 81
(10,31) (9,31) 115
(1,32) (2,32) 83
(2,32) (1,32) 50
(2,32) (3,32) 104
(3,32) (2,32) 126
(3,32) (4,32) 58
(4,32) (3,32) 81
(4,32) (5,32) 103
(5,32) (4,32) 128
(5,32) (6,32) 126
(6,32) (5,32) 111
(6,32) (7,32) 134
(7,32) (6,32) 95
(7,32) (8,32) 65
(8,32) (7,32) 35
(8,32) (9,32) 51
(9,32) (8,32) 52
(9,32) (10,32) 56
(10,32) (9,32) 79
(1,33) (2,33) 48
(2,33) (1,33) 66
(2,33) (3,33) 97
(3,33) (2,33) 132
(3,33) (4,33) 78
(4,33) (3,33) 95
(4,33) (5,33) 95
(5,33) (4,33) 72
(5,33) (6,33) 75
(6,33) (5,33) 88
(6,33) (7,33) 36
(7,33) (6,33) 112
(7,33) (8,33) 108
(8,33) (7,33) 93
(8,33) (9,33) 98
(9,33) (8,33) 69
(9,33) (10,33) 113
(10,33) (9,33) 71
(1,34) (2,34) 115
(2,34) (1,34) 91
(2,34) (3,34) 101
(3,34) (2,34) 50
(3,34) (4,34) 77
(4,34) (3,34) 116
(4,34) (5,34) 60
(5,34) (4,34) 71
(5,34) (6,34) 58
(6,34) (5,34) 54
(6,34) (7,34) 85
(7,34) (6,34) 39
(7,34) (8,34) 125
(8,34) (7,34) 84
(8,34) (9,34) 110
(9,34) (8,34) 91
(9,34) (10,34) 44
(10,34) (9,34) 36
(1,35) (2,35) 125
(2,35) (1,35) 62
(2,35) (3,35) 105
(3,35) (2,35) 110
(3,35) (4,35) 57
(4,35) (3,35) 37
(4,35) (5,35) 77
(5,35) (4,35) 82
(5,35) (6,35) 68
(6,35) (5,35) 50
(6,35) (7,35) 41
(7,35) (6,35) 108
(7,35) (8,35) 109
(8,35) (7,35) 96
(8,35) (9,35) 38
(9,35) (8,35) 53
(9,35) (10,35) 60
(10,35) (9,35) 40
(1,36) (2,36) 123
(2,36) (1,36) 89
(2,36) (3,36) 64
(3,36) (2,36) 129
(3,36) (4,36) 121
(4,36) (3,36) 60
(4,36) (5,36) 105
(5,36) (4,36) 62
(5,36) (6,36) 67
(6,36) (5,36) 74
(6,36) (7,36) 102
(7,36) (6,36) 84
(7,36) (8,36) 72
(8,36) (7,36) 110
(8,36) (9,36) 131
(9,36) (8,36) 104
(9,36) (10,36) 118
(10,36) (9,36) 68
(1,37) (2,37) 74
(2,37) (1,37) 115
(2,37) (3,37) 128
(3,37) (2,37) 43
(3,37) (4,37) 133
(4,37) (3,37) 105
(4,37) (5,37) 68
(5,37) (4,37) 95
(5,37) (6,37) 124
(6,37) (5,37) 48
(6,37) (7,37) 107
(7,37) (6,37) 36
(7,37) (8,37) 110
(8,37) (7,37) 94
(8,37) (9,37) 98
(9,37) (8,37) 48
(9,37) (10,37) 83
(10,37) (9,37) 46
(1,38) (2,38) 64
(2,38) (1,38) 58
(2,38) (3,38) 48
(3,38) (2,38) 94
(3,38) (4,38) 118
(4,38) (3,38) 122
(4,38) (5,38) 103
(5,38) (4,38) 71
(5,38) (6,38) 75
(6,38) (5,38) 87
(6,38) (7,38) 57
(7,38) (6,38) 59
(7,38) (8,38) 68
(8,38) (7,38) 109
(8,38) (9,38) 69
(9,38) (8,38) 133
(9,38) (10,38) 35
(10,38) (9,38) 65
(1,39) (2,39) 59
(2,39) (1,39) 63
(2,39) (3,39) 101
(3,39) (2,39) 38
(3,39) (4,39) 51
(4,39) (3,39) 95
(4,39) (5,39) 117
(5,39) (4,39) 44
(5,39) (6,39) 85
(6,39) (5,39) 71
(6,39) (7,39) 106
(7,39) (6,39) 67
(7,39) (8,39) 87
(8,39) (7,39) 128
(8,39) (9,39) 88
(9,39) (8,39) 131
(9,39) (10,39) 98
(10,39) (9,39) 75
(1,40) (2,40) 91
(2,40) (1,40) 97
(2,40) (3,40) 53
(3,40) (2,40) 100
(3,40) (4,40) 97
(4,40) (3,40) 110
(4,40) (5,40) 62
(5,40) (4,40) 91
(5,40) (6,40) 81
(6,40) (5,40) 128
(6,40) (7,40) 91
(7,40) (6,40) 40
(7,40) (8,40) 35
(8,40) (7,40) 45
(8,40) (9,40) 50
(9,40) (8,40) 40
(9,40) (10,40) 53
(10,40) (9,40) 53
(1,41) (2,41) 90
(2,41) (1,41) 98
(2,41) (3,41) 105
(3,41) (2,41) 60
(3,41) (4,41) 42
(4,41) (3,41) 52
(4,41) (5,41) 65
(5,41) (4,41) 108
(5,41) (6,41) 132
(6,41) (5,41) 82
(6,41) (7,41) 108
(7,41) (6,41) 84
(7,41) (8,41) 87
(8,41) (7,41) 129
(8,41) (9,41) 52
(9,41) (8,41) 38
(9,41) (10,41) 41
(10,41) (9,41) 58
(1,42) (2,42) 112
(2,42) (1,42) 72
(2,42) (3,42) 36
(3,42) (2,42) 58
(3,42) (4,42) 104
(4,42) (3,42) 75
(4,42) (5,42) 51
(5,42) (4,42) 46
(5,42) (6,42) 35
(6,42) (5,42) 41
(6,42) (7,42) 50
(7,42) (6,42) 116
(7,42) (8,42) 37
(8,42) (7,42) 36
(8,42) (9,42) 96
(9,42) (8,42) 72
(9,42) (10,42) 103
(10,42) (9,42) 76
(1,43) (2,43) 110
(2,43) (1,43) 37
(2,43) (3,43) 121
(3,43) (2,43) 62
(3,43) (4,43) 108
(4,43) (3,43) 108
(4,43) (5,43) 38
(5,43) (4,43) 60
(5,43) (6,43) 94
(6,43) (5,43) 64
(6,43) (7,43) 71
(7,43) (6,43) 72
(7,43) (8,43) 122
(8,43) (7,43) 117
(8,43) (9,43) 114
(9,43) (8,43) 84
(9,43) (10,43) 42
(10,43) (9,43) 78
(1,44) (2,44) 113
(2,44) (1,44) 93
(2,44) (3,44) 106
(3,44) (2,44) 109
(3,44) (4,44) 116
(4,44) (3,44) 41
(4,44) (5,44) 115
(5,44) (4,44) 134
(5,44) (6,44) 40
(6,44) (5,44) 91
(6,44) (7,44) 113
(7,44) (6,44) 81
(7,44) (8,44) 46
(8,44) (7,44) 61
(8,44) (9,44) 51
(9,44) (8,44) 78
(9,44) (10,44) 60
(10,44) (9,44) 36
(1,45) (2,45) 86
(2,45) (1,45) 99
(2,45) (3,45) 71
(3,45) (2,45) 73
(3,45) (4,45) 77
(4,45) (3,45) 75
(4,45) (5,45) 87
(5,45) (4,45) 65
(5,45) (6,45) 112
(6,45) (5,45) 101
(6,45) (7,45) 99
(7,45) (6,45) 43
(7,45) (8,45) 95
(8,45) (7,45) 61
(8,45) (9,45) 124
(9,45) (8,45) 89
(9,45) (10,45) 95
(10,45) (9,45) 44
(1,46) (2,46) 90
(2,46) (1,46) 124
(2,46) (3,46) 84
(3,46) (2,46) 67
(3,46) (4,46) 50
(4,46) (3,46) 50
(4,46) (5,46) 98
(5,46) (4,46) 69
(5,46) (6,46) 119
(6,46) (5,46) 95
(6,46) (7,46) 38
(7,46) (6,46) 63
(7,46) (8,46) 72
(8,46) (7,46) 64
(8,46) (9,46) 119
(9,46) (8,46) 117
(9,46) (10,46) 67
(10,46) (9,46) 127
(1,47) (2,47) 35
(2,47) (1,47) 71
(2,47) (3,47) 88
(3,47) (2,47) 123
(3,47) (4,47) 116
(4,47) (3,47) 126
(4,47) (5,47) 77
(5,47) (4,47) 41
(5,47) (6,47) 49
(6,47) (5,47) 113
(6,47) (7,47) 90
(7,47) (6,47) 69
(7,47) (8,47) 134
(8,47) (7,47) 124
(8,47) (9,47) 116
(9,47) (8,47) 51
(9,47) (10,47) 131
(10,47) (9,47) 76
(1,48) (2,48) 79
(2,48) (1,48) 117
(2,48) (3,48) 90
(3,48) (2,48) 77
(3,48) (4,48) 98
(4,48) (3,48) 93
(4,48) (5,48) 79
(5,48) (4,48) 63
(5,48) (6,48) 40
(6,48) (5,48) 65
(6,48) (7,48) 85
(7,48) (6,48) 84
(7,48) (8,48) 121
(8,48) (7,48) 35
(8,48) (9,48) 75
(9,48) (8,48) 124
(9,48) (10,48) 46
(10,48) (9,48) 68
(1,49) (2,49) 69
(2,49) (1,49) 53
(2,49) (3,49) 106
(3,49) (2,49) 65
(3,49) (4,49) 62
(4,49) (3,49) 122
(4,49) (5,49) 65
(5,49) (4,49) 92
(5,49) (6,49) 36
(6,49) (5,49) 51
(6,49) (7,49) 47
(7,49) (6,49) 57
(7,49) (8,49) 70
(8,49) (7,49) 78
(8,49) (9,49) 47
(9,49) (8,49) 132
(9,49) (10,49) 113
(10,49) (9,49) 88
(1,50) (2,50) 82
(2,50) (1,50) 48
(2,50) (3,50) 53
(3,50) (2,50) 43
(3,50) (4,50) 80
(4,50) (3,50) 115
(4,50) (5,50) 128
(5,50) (4,50) 120
(5,50) (6,50) 106
(6,50) (5,50) 57
(6,50) (7,50) 59
(7,50) (6,50) 86
(7,50) (8,50) 41
(8,50) (7,50) 111
(8,50) (9,50) 92
(9,50) (8,50) 129
(9,50) (10,50) 66
(10,50) (9,50) 87
(1,51) (2,51) 63
(2,51) (1,51) 74
(2,51) (3,51) 39
(3,51) (2,51) 46
(3,51) (4,51) 112
(4,51) (3,51) 104
(4,51) (5,51) 55
(5,51) (4,51) 47
(5,51) (6,51) 111
(6,51) (5,51) 36
(6,51) (7,51) 110
(7,51) (6,51) 116
(7,51) (8,51) 40
(8,51) (7,51) 62
(8,51) (9,51) 120
(9,51) (8,51) 71
(9,51) (10,51) 54
(10,51) (9,51) 47
(1,52) (2,52) 89
(2,52) (1,52) 74
(2,52) (3,52) 95
(3,52) (2,52) 76
(3,52) (4,52) 89
(4,52) (3,52) 36
(4,52) (5,52) 41
(5,52) (4,52) 117
(5,52) (6,52) 66
(6,52) (5,52) 68
(6,52) (7,52) 128
(7,52) (6,52) 35
(7,52) (8,52) 118
(8,52) (7,52) 108
(8,52) (9,52) 117
(9,52) (8,52) 71
(9,52) (10,52) 47
(10,52) (9,52) 103
(1,53) (2,53) 119
(2,53) (1,53) 71
(2,53) (3,53) 107
(3,53) (2,53) 80
(3,53) (4,53) 124
(4,53) (3,53) 84
(4,53) (5,53) 97
(5,53) (4,53) 95
(5,53) (6,53) 70
(6,53) (5,53) 112
(6,53) (7,53) 84
(7,53) (6,53) 95
(7,53) (8,53) 89
(8,53) (7,53) 119
(8,53) (9,53) 45
(9,53) (8,53) 118
(9,53) (10,53) 130
(10,53) (9,53) 108
(1,54) (2,54) 71
(2,54) (1,54) 60
(2,54) (3,54) 130
(3,54) (2,54) 48
(3,54) (4,54) 35
(4,54) (3,54) 58
(4,54) (5,54) 54
(5,54) (4,54) 113
(5,54) (6,54) 74
(6,54) (5,54) 124
(6,54) (7,54) 82
(7,54) (6,54) 58
(7,54) (8,54) 37
(8,54) (7,54) 127
(8,54) (9,54) 35
(9,54) (8,54) 113
(9,54) (10,54) 68
(10,54) (9,54) 65
(1,55) (2,55) 86
(2,55) (1,55) 128
(2,55) (3,55) 91
(3,55) (2,55) 46
(3,55) (4,55) 120
(4,55) (3,55) 92
(4,55) (5,55) 125
(5,55) (4,55) 63
(5,55) (6,55) 37
(6,55) (5,55) 66
(6,55) (7,55) 90
(7,55) (6,55) 38
(7,55) (8,55) 106
(8,55) (7,55) 36
(8,55) (9,55) 56
(9,55) (8,55) 78
(9,55) (10,55) 70
(10,55) (9,55) 96
(1,56) (2,56) 118
(2,56) (1,56) 47
(2,56) (3,56) 88
(3,56) (2,56) 73
(3,56) (4,56) 66
(4,56) (3,56) 58
(4,56) (5,56) 107
(5,56) (4,56) 43
(5,56) (6,56) 85
(6,56) (5,56) 114
(6,56) (7,56) 123
(7,56) (6,56) 37
(7,56) (8,56) 50
(8,56) (7,56) 49
(8,56) (9,56) 113
(9,56) (8,56) 77
(9,56) (10,56) 76
(10,56) (9,56) 134
(1,57) (2,57) 101
(2,57) (1,57) 56
(2,57) (3,57) 96
(3,57) (2,57) 104
(3,57) (4,57) 60
(4,57) (3,57) 110
(4,57) (5,57) 86
(5,57) (4,57) 40
(5,57) (6,57) 110
(6,57) (5,57) 52
(6,57) (7,57) 40
(7,57) (6,57) 78
(7,57) (8,57) 81
(8,57) (7,57) 113
(8,57) (9,57) 130
(9,57) (8,57) 118
(9,57) (10,57) 101
(10,57) (9,57) 50
(1,58) (2,58) 37
(2,58) (1,58) 115
(2,58) (3,58) 131
(3,58) (2,58) 66
(3,58) (4,58) 48
(4,58) (3,58) 60
(4,58) (5,58) 129
(5,58) (4,58) 71
(5,58) (6,58) 80
(6,58) (5,58) 93
(6,58) (7,58) 45
(7,58) (6,58) 70
(7,58) (8,58) 76
(8,58) (7,58) 41
(8,58) (9,58) 134
(9,58) (8,58) 104
(9,58) (10,58) 77
(10,58) (9,58) 74
(1,59) (2,59) 84
(2,59) (1,59) 125
(2,59) (3,59) 115
(3,59) (2,59) 51
(3,59) (4,59) 66
(4,59) (3,59) 109
(4,59) (5,59) 114
(5,59) (4,59) 123
(5,59) (6,59) 99
(6,59) (5,59) 134
(6,59) (7,59) 43
(7,59) (6,59) 51
(7,59) (8,59) 126
(8,59) (7,59) 109
(8,59) (9,59) 76
(9,59) (8,59) 90
(9,59) (10,59) 76
(10,59) (9,59) 74
(1,60) (2,60) 68
(2,60) (1,60) 129
(2,60) (3,60) 57
(3,60) (2,60) 51
(3,60) (4,60) 131
(4,60) (3,60) 72
(4,60) (5,60) 82
(5,60) (4,60) 62
(5,60) (6,60) 51
(6,60) (5,60) 120
(6,60) (7,60) 102
(7,60) (6,60) 62
(7,60) (8,60) 39
(8,60) (7,60) 43
(8,60) (9,60) 62
(9,60) (8,60) 59
(9,60) (10,60) 65
(10,60) (9,60) 43
(1,61) (2,61) 131
(2,61) (1,61) 62
(2,61) (3,61) 126
(3,61) (2,61) 54
(3,61) (4,61) 108
(4,61) (3,61) 121
(4,61) (5,61) 105
(5,61) (4,61) 74
(5,61) (6,61) 90
(6,61) (5,61) 101
(6,61) (7,61) 51
(7,61) (6,61) 115
(7,61) (8,61) 129
(8,61) (7,61) 97
(8,61) (9,61) 79
(9,61) (8,61) 105
(9,61) (10,61) 55
(10,61) (9,61) 98
(1,62) (2,62) 119
(2,62) (1,62) 47
(2,62) (3,62) 76
(3,62) (2,62) 112
(3,62) (4,62) 89
(4,62) (3,62) 36
(4,62) (5,62) 61
(5,62) (4,62) 112
(5,62) (6,62) 67
(6,62) (5,62) 54
(6,62) (7,62) 127
(7,62) (6,62) 110
(7,62) (8,62) 126
(8,62) (7,62) 52
(8,62) (9,62) 108
(9,62) (8,62) 84
(9,62) (10,62) 70
(10,62) (9,62) 98
(1,63) (2,63) 52
(2,63) (1,63) 100
(2,63) (3,63) 89
(3,63) (2,63) 111
(3,63) (4,63) 78
(4,63) (3,63) 54
(4,63) (5,63) 121
(5,63) (4,63) 100
(5,63) (6,63) 66
(6,63) (5,63) 113
(6,63) (7,63) 96
(7,63) (6,63) 72
(7,63) (8,63) 52
(8,63) (7,63) 107
(8,63) (9,63) 91
(9,63) (8,63) 110
(9,63) (10,63) 63
(10,63) (9,63) 45
(1,64) (2,64) 63
(2,64) (1,64) 47
(2,64) (3,64) 76
(3,64) (2,64) 74
(3,64) (4,64) 96
(4,64) (3,64) 101
(4,64) (5,64) 121
(5,64) (4,64) 104
(5,64) (6,64) 63
(6,64) (5,64) 71
(6,64) (7,64) 74
(7,64) (6,64) 45
(7,64) (8,64) 40
(8,64) (7,64) 100
(8,64) (9,64) 47
(9,64) (8,64) 88
(9,64) (10,64) 81
(10,64) (9,64) 74
(1,65) (2,65) 112
(2,65) (1,65) 84
(2,65) (3,65) 79
(3,65) (2,65) 110
(3,65) (4,65) 42
(4,65) (3,65) 74
(4,65) (5,65) 111
(5,65) (4,65) 90
(5,65) (6,65) 112
(6,65) (5,65) 42
(6,65) (7,65) 108
(7,65) (6,65) 96
(7,65) (8,65) 114
(8,65) (7,65) 81
(8,65) (9,65) 123
(9,65) (8,65) 75
(9,65) (10,65) 102
(10,65) (9,65) 102
(1,66) (2,66) 83
(2,66) (1,66) 116
(2,66) (3,66) 57
(3,66) (2,66) 59
(3,66) (4,66) 77
(4,66) (3,66) 78
(4,66) (5,66) 108
(5,66) (4,66) 107
(5,66) (6,66) 133
(6,66) (5,66) 91
(6,66) (7,66) 120
(7,66) (6,66) 117
(7,66) (8,66) 119
(8,66) (7,66) 127
(8,66) (9,66) 95
(9,66) (8,66) 72
(9,66) (10,66) 112
(10,66) (9,66) 100
(1,67) (2,67) 98
(2,67) (1,67) 134
(2,67) (3,67) 80
(3,67) (2,67) 119
(3,67) (4,67) 38
(4,67) (3,67) 68
(4,67) (5,67) 61
(5,67) (4,67) 133
(5,67) (6,67) 119
(6,67) (5,67) 80
(6,67) (7,67) 67
(7,67) (6,67) 134
(7,67) (8,67) 115
(8,67) (7,67) 54
(8,67) (9,67) 116
(9,67) (8,67) 52
(9,67) (10,67) 118
(10,67) (9,67) 89
(1,68) (2,68) 82
(2,68) (1,68) 46
(2,68) (3,68) 103
(3,68) (2,68) 37
(3,68) (4,68) 36
(4,68) (3,68) 96
(4,68) (5,68) 41
(5,68) (4,68) 102
(5,68) (6,68) 110
(6,68) (5,68) 66
(6,68) (7,68) 80
(7,68) (6,68) 65
(7,68) (8,68) 130
(8,68) (7,68) 67
(8,68) (9,68) 39
(9,68) (8,68) 111
(9,68) (10,68) 119
(10,68) (9,68) 91
(1,69) (2,69) 110
(2,69) (1,69) 60
(2,69) (3,69) 67
(3,69) (2,69) 106
(3,69) (4,69) 76
(4,69) (3,69) 125
(4,69) (5,69) 126
(5,69) (4,69) 90
(5,69) (6,69) 128
(6,69) (5,69) 45
(6,69) (7,69) 79
(7,69) (6,69) 73
(7,69) (8,69) 82
(8,69) (7,69) 86
(8,69) (9,69) 48
(9,69) (8,69) 55
(9,69) (10,69) 90
(10,69) (9,69) 80
(1,70) (2,70) 94
(2,70) (1,70) 130
(2,70) (3,70) 44
(3,70) (2,70) 108
(3,70) (4,70) 90
(4,70) (3,70) 59
(4,70) (5,70) 126
(5,70) (4,70) 55
(5,70) (6,70) 114
(6,70) (5,70) 126
(6,70) (7,70) 71
(7,70) (6,70) 74
(7,70) (8,70) 65
(8,70) (7,70) 70
(8,70) (9,70) 105
(9,70) (8,70) 98
(9,70) (10,70) 62
(10,70) (9,70) 95
(1,71) (2,71) 95
(2,71) (1,71) 129
(2,71) (3,71) 100
(3,71) (2,71) 57
(3,71) (4,71) 41
(4,71) (3,71) 35
(4,71) (5,71) 51
(5,71) (4,71) 102
(5,71) (6,71) 80
(6,71) (5,71) 56
(6,71) (7,71) 90
(7,71) (6,71) 41
(7,71) (8,71) 109
(8,71) (7,71) 103
(8,71) (9,71) 87
(9,71) (8,71) 78
(9,71) (10,71) 90
(10,71) (9,71) 44
(1,72) (2,72) 127
(2,72) (1,72) 102
(2,72) (3,72) 78
(3,72) (2,72) 134
(3,72) (4,72) 111
(4,72) (3,72) 51
(4,72) (5,72) 79
(5,72) (4,72) 55
(5,72) (6,72) 128
(6,72) (5,72) 124
(6,72) (7,72) 98
(7,72) (6,72) 66
(7,72) (8,72) 122
(8,72) (7,72) 87
(8,72) (9,72) 126
(9,72) (8,72) 36
(9,72) (10,72) 41
(10,72) (9,72) 61
(1,73) (2,73) 100
(2,73) (1,73) 57
(2,73) (3,73) 101
(3,73) (2,73) 72
(3,73) (4,73) 87
(4,73) (3,73) 73
(4,73) (5,73) 77
(5,73) (4,73) 84
(5,73) (6,73) 57
(6,73) (5,73) 54
(6,73) (7,73) 42
(7,73) (6,73) 55
(7,73) (8,73) 63
(8,73) (7,73) 119
(8,73) (9,73) 69
(9,73) (8,73) 43
(9,73) (10,73) 83
(10,73) (9,73) 91
(1,74) (2,74) 107
(2,74) (1,74) 118
(2,74) (3,74) 63
(3,74) (2,74) 78
(3,74) (4,74) 94
(4,74) (3,74) 110
(4,74) (5,74) 61
(5,74) (4,74) 121
(5,74) (6,74) 130
(6,74) (5,74) 115
(6,74) (7,74) 126
(7,74) (6,74) 86
(7,74) (8,74) 98
(8,74) (7,74) 84
(8,74) (9,74) 36
(9,74) (8,74) 70
(9,74) (10,74) 76
(10,74) (9,74) 78
(1,75) (2,75) 57
(2,75) (1,75) 90
(2,75) (3,75) 91
(3,75) (2,75) 89
(3,75) (4,75) 121
(4,75) (3,75) 133
(4,75) (5,75) 72
(5,75) (4,75) 62
(5,75) (6,75) 48
(6,75) (5,75) 44
(6,75) (7,75) 61
(7,75) (6,75) 54
(7,75) (8,75) 77
(8,75) (7,75) 81
(8,75) (9,75) 119
(9,75) (8,75) 48
(9,75) (10,75) 131
(10,75) (9,75) 134
(1,76) (2,76) 66
(2,76) (1,76) 50
(2,76) (3,76) 79
(3,76) (2,76) 38
(3,76) (4,76) 127
(4,76) (3,76) 122
(4,76) (5,76) 79
(5,76) (4,76) 78
(5,76) (6,76) 57
(6,76) (5,76) 80
(6,76) (7,76) 94
(7,76) (6,76) 106
(7,76) (8,76) 85
(8,76) (7,76) 97
(8,76) (9,76) 112
(9,76) (8,76) 75
(9,76) (10,76) 53
(10,76) (9,76) 66
(1,77) (2,77) 117
(2,77) (1,77) 89
(2,77) (3,77) 121
(3,77) (2,77) 127
(3,77) (4,77) 67
(4,77) (3,77) 54
(4,77) (5,77) 86
(5,77) (4,77) 51
(5,77) (6,77) 101
(6,77) (5,77) 112
(6,77) (7,77) 86
(7,77) (6,77) 88
(7,77) (8,77) 91
(8,77) (7,77) 53
(8,77) (9,77) 108
(9,77) (8,77) 53
(9,77) (10,77) 123
(10,77) (9,77) 133
(1,78) (2,78) 36
(2,78) (1,78) 85
(2,78) (3,78) 117
(3,78) (2,78) 102
(3,78) (4,78) 84
(4,78) (3,78) 124
(4,78) (5,78) 68
(5,78) (4,78) 45
(5,78) (6,78) 120
(6,78) (5,78) 96
(6,78) (7,78) 46
(7,78) (6,78) 88
(7,78) (8,78) 56
(8,78) (7,78) 84
(8,78) (9,78) 70
(9,78) (8,78) 68
(9,78) (10,78) 64
(10,78) (9,78) 117
(1,79) (2,79) 89
(2,79) (1,79) 96
(2,79) (3,79) 59
(3,79) (2,79) 86
(3,79) (4,79) 110
(4,79) (3,79) 53
(4,79) (5,79) 117
(5,79) (4,79) 67
(5,79) (6,79) 83
(6,79) (5,79) 129
(6,79) (7,79) 84
(7,79) (6,79) 84
(7,79) (8,79) 38
(8,79) (7,79) 83
(8,79) (9,79) 103
(9,79) (8,79) 131
(9,79) (10,79) 52
(10,79) (9,79) 68
(1,80) (2,80) 78
(2,80) (1,80) 83
(2,80) (3,80) 101
(3,80) (2,80) 132
(3,80) (4,80) 121
(4,80) (3,80) 104
(4,80) (5,80) 37
(5,80) (4,80) 40
(5,80) (6,80) 91
(6,80) (5,80) 36
(6,80) (7,80) 96
(7,80) (6,80) 37
(7,80) (8,80) 54
(8,80) (7,80) 64
(8,80) (9,80) 77
(9,80) (8,80) 55
(9,80) (10,80) 90
(10,80) (9,80) 36
(1,81) (2,81) 85
(2,81) (1,81) 123
(2,81) (3,81) 48
(3,81) (2,81) 129
(3,81) (4,81) 106
(4,81) (3,81) 91
(4,81) (5,81) 43
(5,81) (4,81) 73
(5,81) (6,81) 83
(6,81) (5,81) 83
(6,81) (7,81) 41
(7,81) (6,81) 65
(7,81) (8,81) 132
(8,81) (7,81) 41
(8,81) (9,81) 63
(9,81) (8,81) 79
(9,81) (10,81) 58
(10,81) (9,81) 114
(1,82) (2,82) 43
(2,82) (1,82) 88
(2,82) (3,82) 54
(3,82) (2,82) 64
(3,82) (4,82) 114
(4,82) (3,82) 80
(4,82) (5,82) 73
(5,82) (4,82) 121
(5,82) (6,82) 51
(6,82) (5,82) 49
(6,82) (7,82) 85
(7,82) (6,82) 127
(7,82) (8,82) 75
(8,82) (7,82) 43
(8,82) (9,82) 105
(9,82) (8,82) 90
(9,82) (10,82) 55
(10,82) (9,82) 77
(1,83) (2,83) 42
(2,83) (1,83) 38
(2,83) (3,83) 43
(3,83) (2,83) 129
(3,83) (4,83) 42
(4,83) (3,83) 129
(4,83) (5,83) 41
(5,83) (4,83) 78
(5,83) (6,83) 84
(6,83) (5,83) 88
(6,83) (7,83) 99
(7,83) (6,83) 91
(7,83) (8,83) 66
(8,83) (7,83) 35
(8,83) (9,83) 106
(9,83) (8,83) 133
(9,83) (10,83) 37
(10,83) (9,83) 132
(1,84) (2,84) 89
(2,84) (1,84) 133
(2,84) (3,84) 36
(3,84) (2,84) 62
(3,84) (4,84) 38
(4,84) (3,84) 40
(4,84) (5,84) 128
(5,84) (4,84) 123
(5,84) (6,84) 120
(6,84) (5,84) 116
(6,84) (7,84) 126
(7,84) (6,84) 98
(7,84) (8,84) 61
(8,84) (7,84) 72
(8,84) (9,84) 118
(9,84) (8,84) 52
(9,84) (10,84) 94
(10,84) (9,84) 89
(1,85) (2,85) 36
(2,85) (1,85) 49
(2,85) (3,85) 41
(3,85) (2,85) 71
(3,85) (4,85) 78
(4,85) (3,85) 83
(4,85) (5,85) 79
(5,85) (4,85) 83
(5,85) (6,85) 62
(6,85) (5,85) 36
(6,85) (7,85) 48
(7,85) (6,85) 78
(7,85) (8,85) 78
(8,85) (7,85) 108
(8,85) (9,85) 112
(9,85) (8,85) 40
(9,85) (10,85) 122
(10,85) (9,85) 79
(1,86) (2,86) 96
(2,86) (1,86) 56
(2,86) (3,86) 105
(3,86) (2,86) 132
(3,86) (4,86) 70
(4,86) (3,86) 56
(4,86) (5,86) 97
(5,86) (4,86) 68
(5,86) (6,86) 118
(6,86) (5,86) 129
(6,86) (7,86) 73
(7,86) (6,86) 127
(7,86) (8,86) 107
(8,86) (7,86) 67
(8,86) (9,86) 52
(9,86) (8,86) 72
(9,86) (10,86) 62
(10,86) (9,86) 59
(1,87) (2,87) 68
(2,87) (1,87) 52
(2,87) (3,87) 49
(3,87) (2,87) 119
(3,87) (4,87) 121
(4,87) (3,87) 120
(4,87) (5,87) 99
(5,87) (4,87) 108
(5,87) (6,87) 49
(6,87) (5,87) 84
(6,87) (7,87) 80
(7,87) (6,87) 63
(7,87) (8,87) 77
(8,87) (7,87) 56
(8,87) (9,87) 53
(9,87) (8,87) 81
(9,87) (10,87) 106
(10,87) (9,87) 75
(1,88) (2,88) 126
(2,88) (1,88) 37
(2,88) (3,88) 101
(3,88) (2,88) 71
(3,88) (4,88) 128
(4,88) (3,88) 96
(4,88) (5,88) 64
(5,88) (4,88) 52
(5,88) (6,88) 42
(6,88) (5,88) 109
(6,88) (7,88) 123
(7,88) (6,88) 113
(7,88) (8,88) 99
(8,88) (7,88) 99
(8,88) (9,88) 44
(9,88) (8,88) 52
(9,88) (10,88) 47
(10,88) (9,88) 127
(1,89) (2,89) 76
(2,89) (1,89) 127
(2,89) (3,89) 36
(3,89) (2,89) 94
(3,89) (4,89) 58
(4,89) (3,89) 63
(4,89) (5,89) 123
(5,89) (4,89) 80
(5,89) (6,89) 89
(6,89) (5,89) 98
(6,89) (7,89) 76
(7,89) (6,89) 93
(7,89) (8,89) 49
(8,89) (7,89) 89
(8,89) (9,89) 79
(9,89) (8,89) 56
(9,89) (10,89) 131
(10,89) (9,89) 111
(1,90) (2,90) 77
(2,90) (1,90) 35
(2,90) (3,90) 67
(3,90) (2,90) 74
(3,90) (4,90) 99
(4,90) (3,90) 61
(4,90) (5,90) 88
(5,90) (4,90) 120
(5,90) (6,90) 85
(6,90) (5,90) 87
(6,90) (7,90) 92
(7,90) (6,90) 123
(7,90) (8,90) 40
(8,90) (7,90) 127
(8,90) (9,90) 97
(9,90) (8,90) 109
(9,90) (10,90) 42
(10,90) (9,90) 97
(1,91) (2,91) 92
(2,91) (1,91) 82
(2,91) (3,91) 63
(3,91) (2,91) 81
(3,91) (4,91) 92
(4,91) (3,91) 40
(4,91) (5,91) 62
(5,91) (4,91) 97
(5,91) (6,91) 119
(6,91) (5,91) 133
(6,91) (7,91) 125
(7,91) (6,91) 46
(7,91) (8,91) 42
(8,91) (7,91) 53
(8,91) (9,91) 78
(9,91) (8,91) 79
(9,91) (10,91) 67
(10,91) (9,91) 83
(1,92) (2,92) 98
(2,92) (1,92) 37
(2,92) (3,92) 80
(3,92) (2,92) 101
(3,92) (4,92) 104
(4,92) (3,92) 130
(4,92) (5,92) 49
(5,92) (4,92) 89
(5,92) (6,92) 72
(6,92) (5,92) 54
(6,92) (7,92) 35
(7,92) (6,92) 79
(7,92) (8,92) 38
(8,92) (7,92) 121
(8,92) (9,92) 129
(9,92) (8,92) 101
(9,92) (10,92) 39
(10,92) (9,92) 92
(1,93) (2,93) 97
(2,93) (1,93) 82
(2,93) (3,93) 126
(3,93) (2,93) 40
(3,93) (4,93) 36
(4,93) (3,93) 50
(4,93) (5,93) 76
(5,93) (4,93) 49
(5,93) (6,93) 86
(6,93) (5,93) 96
(6,93) (7,93) 58
(7,93) (6,93) 107
(7,93) (8,93) 58
(8,93) (7,93) 133
(8,93) (9,93) 76
(9,93) (8,93) 115
(9,93) (10,93) 114
(10,93) (9,93) 129
(1,94) (2,94) 123
(2,94) (1,94) 96
(2,94) (3,94) 51
(3,94) (2,94) 113
(3,94) (4,94) 91
(4,94) (3,94) 130
(4,94) (5,94) 131
(5,94) (4,94) 108
(5,94) (6,94) 36
(6,94) (5,94) 125
(6,94) (7,94) 107
(7,94) (6,94) 108
(7,94) (8,94) 35
(8,94) (7,94) 84
(8,94) (9,94) 85
(9,94) (8,94) 88
(9,94) (10,94) 50
(10,94) (9,94) 55
(1,95) (2,95) 116
(2,95) (1,95) 63
(2,95) (3,95) 52
(3,95) (2,95) 67
(3,95) (4,95) 116
(4,95) (3,95) 104
(4,95) (5,95) 114
(5,95) (4,95) 132
(5,95) (6,95) 72
(6,95) (5,95) 73
(6,95) (7,95) 99
(7,95) (6,95) 101
(7,95) (8,95) 98
(8,95) (7,95) 79
(8,95) (9,95) 92
(9,95) (8,95) 82
(9,95) (10,95) 98
(10,95) (9,95) 60
(1,96) (2,96) 61
(2,96) (1,96) 38
(2,96) (3,96) 47
(3,96) (2,96) 40
(3,96) (4,96) 51
(4,96) (3,96) 81
(4,96) (5,96) 92
(5,96) (4,96) 38
(5,96) (6,96) 47
(6,96) (5,96) 104
(6,96) (7,96) 46
(7,96) (6,96) 103
(7,96) (8,96) 56
(8,96) (7,96) 49
(8,96) (9,96) 63
(9,96) (8,96) 133
(9,96) (10,96) 73
(10,96) (9,96) 106
(1,97) (2,97) 127
(2,97) (1,97) 105
(2,97) (3,97) 66
(3,97) (2,97) 109
(3,97) (4,97) 63
(4,97) (3,97) 115
(4,97) (5,97) 57
(5,97) (4,97) 114
(5,97) (6,97) 37
(6,97) (5,97) 84
(6,97) (7,97) 80
(7,97) (6,97) 112
(7,97) (8,97) 58
(8,97) (7,97) 130
(8,97) (9,97) 99
(9,97) (8,97) 106
(9,97) (10,97) 59
(10,97) (9,97) 52
(1,98) (2,98) 100
(2,98) (1,98) 102
(2,98) (3,98) 114
(3,98) (2,98) 48
(3,98) (4,98) 100
(4,98) (3,98) 66
(4,98) (5,98) 56
(5,98) (4,98) 74
(5,98) (6,98) 112
(6,98) (5,98) 128
(6,98) (7,98) 65
(7,98) (6,98) 84
(7,98) (8,98) 132
(8,98) (7,98) 104
(8,98) (9,98) 128
(9,98) (8,98) 76
(9,98) (10,98) 69
(10,98) (9,98) 59
(1,99) (2,99) 126
(2,99) (1,99) 119
(2,99) (3,99) 121
(3,99) (2,99) 85
(3,99) (4,99) 62
(4,99) (3,99) 82
(4,99) (5,99) 122
(5,99) (4,99) 45
(5,99) (6,99) 75
(6,99) (5,99) 63
(6,99) (7,99) 127
(7,99) (6,99) 87
(7,99) (8,99) 70
(8,99) (7,99) 99
(8,99) (9,99) 91
(9,99) (8,99) 112
(9,99) (10,99) 50
(10,99) (9,99) 118
(1,100) (2,100) 48
(2,100) (1,100) 37
(2,100) (3,100) 113
(3,100) (2,100) 101
(3,100) (4,100) 59
(4,100) (3,100) 44
(4,100) (5,100) 62
(5,100) (4,100) 95
(5,100) (6,100) 115
(6,100) (5,100) 59
(6,100) (7,100) 90
(7,100) (6,100) 48
(7,100) (8,100) 84
(8,100) (7,100) 117
(8,100) (9,100) 77
(9,100) (8,100) 116
(9,100) (10,100) 75
(10,100) (9,100) 100
(1,100) t 61
(2,100) t 131
(3,100) t 112
(4,100) t 129
(5,100) t 129
(6,100) t 98
(7,100) t 79
(8,100) t 83
(9,100) t 36
(10,100) t 41
