s (1,1) 37
s (2,1) 75
s (3,1) 101
s (4,1) 22
s (5,1) 6
s (6,1) 68
s (7,1) 35
s (8,1) 25
s (9,1) 47
s (10,1) 43
(1,1) (1,2) 48
(2,1) (2,2) 21
(3,1) (3,2) 88
(4,1) (4,2) 42
(5,1) (5,2) 90
(6,1) (6,2) 35
(7,1) (7,2) 70
(8,1) (8,2) 10
(9,1) (9,2) 20
(10,1) (10,2) 50
(1,2) (1,3) 69
(2,2) (2,3) 76
(3,2) (3,3) 64
(4,2) (4,3) 49
(5,2) (5,3) 7
(6,2) (6,3) 92
(7,2) (7,3) 32
(8,2) (8,3) 26
(9,2) (9,3) 48
(10,2) (10,3) 86
(1,3) (1,4) 14
(2,3) (2,4) 43
(3,3) (3,4) 14
(4,3) (4,4) 102
(5,3) (5,4) 9
(6,3) (6,4) 68
(7,3) (7,4) 20
(8,3) (8,4) 24
(9,3) (9,4) 48
(10,3) (10,4) 102
(1,4) (1,5) 98
(2,4) (2,5) 29
(3,4) (3,5) 27
(4,4) (4,5) 66
(5,4) (5,5) 52
(6,4) (6,5) 53
(7,4) (7,5) 85
(8,4) (8,5) 101
(9,4) (9,5) 45
(10,4) (10,5) 50
(1,5) (1,6) 67
(2,5) (2,6) 97
(3,5) (3,6) 40
(4,5) (4,6) 69
(5,5) (5,6) 7
(6,5) (6,6) 49
(7,5) (7,6) 81
(8,5) (8,6) 57
(9,5) (9,6) 66
(10,5) (10,6) 43
(1,6) (1,7) 22
(2,6) (2,7) 61
(3,6) (3,7) 93
(4,6) (4,7) 63
(5,6) (5,7) 52
(6,6) (6,7) 55
(7,6) (7,7) 40
(8,6) (8,7) 52
(9,6) (9,7) 25
(10,6) (10,7) 88
(1,7) (1,8) 40
(2,7) (2,8) 95
(3,7) (3,8) 81
(4,7) (4,8) 70
(5,7) (5,8) 93
(6,7) (6,8) 67
(7,7) (7,8) 96
(8,7) (8,8) 93
(9,7) (9,8) 32
(10,7) (10,8) 13
(1,8) (1,9) 59
(2,8) (2,9) 101
(3,8) (3,9) 15
(4,8) (4,9) 59
(5,8) (5,9) 35
(6,8) (6,9) 37
(7,8) (7,9) 29
(8,8) (8,9) 52
(9,8) (9,9) 24
(10,8) (10,9) 94
(1,9) (1,10) 65
(2,9) (2,10) 97
(3,9) (3,10) 73
(4,9) (4,10) 24
(5,9) (5,10) 94
(6,9) (6,10) 95
(7,9) (7,10) 36
(8,9) (8,10) 39
(9,9) (9,10) 22
(10,9) (10,10) 98
(1,10) (1,11) 96
(2,10) (2,11) 16
(3,10) (3,11) 15
(4,10) (4,11) 53
(5,10) (5,11) 70
(6,10) (6,11) 74
(7,10) (7,11) 83
(8,10) (8,11) 15
(9,10) (9,11) 91
(10,10) (10,11) 75
(1,11) (1,12) 12
(2,11) (2,12) 42
(3,11) (3,12) 61
(4,11) (4,12) 101
(5,11) (5,12) 16
(6,11) (6,12) 74
(7,11) (7,12) 55
(8,11) (8,12) 76
(9,11) (9,12) 83
(10,11) (10,12) 82
(1,12) (1,13) 100
(2,12) (2,13) 73
(3,12) (3,13) 35
(4,12) (4,13) 8
(5,12) (5,13) 89
(6,12) (6,13) 74
(7,12) (7,13) 50
(8,12) (8,13) 91
(9,12) (9,13) 65
(10,12) (10,13) 36
(1,13) (1,14) 35
(2,13) (2,14) 47
(3,13) (3,14) 53
(4,13) (4,14) 42
(5,13) (5,14) 10
(6,13) (6,14) 76
(7,13) (7,14) 97
(8,13) (8,14) 21
(9,13) (9,14) 22
(10,13) (10,14) 71
(1,14) (1,15) 22
(2,14) (2,15) 11
(3,14) (3,15) 36
(4,14) (4,15) 53
(5,14) (5,15) 55
(6,14) (6,15) 81
(7,14) (7,15) 6
(8,14) (8,15) 62
(9,14) (9,15) 87
(10,14) (10,15) 17
(1,15) (1,16) 19
(2,15) (2,16) 67
(3,15) (3,16) 25
(4,15) (4,16) 101
(5,15) (5,16) 39
(6,15) (6,16) 49
(7,15) (7,16) 98
(8,15) (8,16) 44
(9,15) (9,16) 80
(10,15) (10,16) 71
(1,16) (1,17) 25
(2,16) (2,17) 83
(3,16) (3,17) 95
(4,16) (4,17) 46
(5,16) (5,17) 89
(6,16) (6,17) 48
(7,16) (7,17) 96
(8,16) (8,17) 68
(9,16) (9,17) 16
(10,16) (10,17) 39
(1,17) (1,18) 60
(2,17) (2,18) 38
(3,17) (3,18) 39
(4,17) (4,18) 88
(5,17) (5,18) 13
(6,17) (6,18) 43
(7,17) (7,18) 65
(8,17) (8,18) 73
(9,17) (9,18) 69
(10,17) (10,18) 74
(1,18) (1,19) 67
(2,18) (2,19) 40
(3,18) (3,19) 77
(4,18) (4,19) 91
(5,18) (5,19) 94
(6,18) (6,19) 99
(7,18) (7,19) 41
(8,18) (8,19) 103
(9,18) (9,19) 101
(10,18) (10,19) 82
(1,19) (1,20) 17
(2,19) (2,20) 31
(3,19) (3,20) 46
(4,19) (4,20) 89
(5,19) (5,20) 38
(6,19) (6,20) 100
(7,19) (7,20) 34
(8,19) (8,20) 54
(9,19) (9,20) 34
(10,19) (10,20) 100
(1,20) (1,21) 101
(2,20) (2,21) 64
(3,20) (3,21) 58
(4,20) (4,21) 92
(5,20) (5,21) 92
(6,20) (6,21) 11
(7,20) (7,21) 103
(8,20) (8,21) 50
(9,20) (9,21) 7
(10,20) (10,21) 93
(1,21) (1,22) 57
(2,21) (2,22) 86
(3,21) (3,22) 23
(4,21) (4,22) 103
(5,21) (5,22) 36
(6,21) (6,22) 66
(7,21) (7,22) 76
(8,21) (8,22) 17
(9,21) (9,22) 97
(10,21) (10,22) 83
(1,22) (1,23) 33
(2,22) (2,23) 47
(3,22) (3,23) 56
(4,22) (4,23) 90
(5,22) (5,23) 81
(6,22) (6,23) 41
(7,22) (7,23) 44
(8,22) (8,23) 84
(9,22) (9,23) 46
(10,22) (10,23) 65
(1,23) (1,24) 12
(2,23) (2,24) 62
(3,23) (3,24) 25
(4,23) (4,24) 57
(5,23) (5,24) 21
(6,23) (6,24) 78
(7,23) (7,24) 8
(8,23) (8,24) 7
(9,23) (9,24) 97
(10,23) (10,24) 67
(1,24) (1,25) 16
(2,24) (2,25) 54
(3,24) (3,25) 14
(4,24) (4,25) 51
(5,24) (5,25) 8
(6,24) (6,25) 44
(7,24) (7,25) 89
(8,24) (8,25) 20
(9,24) (9,25) 75
(10,24) (10,25) 61
(1,25) (1,26) 47
(2,25) (2,26) 59
(3,25) (3,26) 75
(4,25) (4,26) 52
(5,25) (5,26) 17
(6,25) (6,26) 86
(7,25) (7,26) 6
(8,25) (8,26) 35
(9,25) (9,26) 13
(10,25) (10,26) 62
(1,26) (1,27) 93
(2,26) (2,27) 73
(3,26) (3,27) 69
(4,26) (4,27) 73
(5,26) (5,27) 72
(6,26) (6,27) 68
(7,26) (7,27) 51
(8,26) (8,27) 19
(9,26) (9,27) 80
(10,26) (10,27) 58
(1,27) (1,28) 91
(2,27) (2,28) 58
(3,27) (3,28) 41
(4,27) (4,28) 70
(5,27) (5,28) 68
(6,27) (6,28) 80
(7,27) (7,28) 73
(8,27) (8,28) 16
(9,27) (9,28) 59
(10,27) (10,28) 104
(1,28) (1,29) 99
(2,28) (2,29) 21
(3,28) (3,29) 15
(4,28) (4,29) 74
(5,28) (5,29) 21
(6,28) (6,29) 24
(7,28) (7,29) 78
(8,28) (8,29) 61
(9,28) (9,29) 52
(10,28) (10,29) 15
(1,29) (1,30) 29
(2,29) (2,30) 19
(3,29) (3,30) 37
(4,29) (4,30) 90
(5,29) (5,30) 17
(6,29) (6,30) 48
(7,29) (7,30) 78
(8,29) (8,30) 31
(9,29) (9,30) 74
(10,29) (10,30) 15
(1,30) (1,31) 27
(2,30) (2,31) 98
(3,30) (3,31) 14
(4,30) (4,31) 35
(5,30) (5,31) 58
(6,30) (6,31) 39
(7,30) (7,31) 67
(8,30) (8,31) 89
(9,30) (9,31) 94
(10,30) (10,31) 42
(1,31) (1,32) 55
(2,31) (2,32) 88
(3,31) (3,32) 28
(4,31) (4,32) 35
(5,31) (5,32) 37
(6,31) (6,32) 90
(7,31) (7,32) 93
(8,31) (8,32) 52
(9,31) (9,32) 17
(10,31) (10,32) 101
(1,32) (1,33) 17
(2,32) (2,33) 41
(3,32) (3,33) 20
(4,32) (4,33) 98
(5,32) (5,33) 80
(6,32) (6,33) 67
(7,32) (7,33) 13
(8,32) (8,33) 49
(9,32) (9,33) 58
(10,32) (10,33) 13
(1,33) (1,34) 100
(2,33) (2,34) 71
(3,33) (3,34) 41
(4,33) (4,34) 79
(5,33) (5,34) 66
(6,33) (6,34) 93
(7,33) (7,34) 83
(8,33) (8,34) 56
(9,33) (9,34) 35
(10,33) (10,34) 31
(1,34) (1,35) 75
(2,34) (2,35) 39
(3,34) (3,35) 48
(4,34) (4,35) 58
(5,34) (5,35) 13
(6,34) (6,35) 98
(7,34) (7,35) 49
(8,34) (8,35) 51
(9,34) (9,35) 82
(10,34) (10,35) 20
(1,35) (1,36) 34
(2,35) (2,36) 52
(3,35) (3,36) 79
(4,35) (4,36) 30
(5,35) (5,36) 78
(6,35) (6,36) 56
(7,35) (7,36) 101
(8,35) (8,36) 53
(9,35) (9,36) 81
(10,35) (10,36) 98
(1,36) (1,37) 61
(2,36) (2,37) 14
(3,36) (3,37) 55
(4,36) (4,37) 75
(5,36) (5,37) 74
(6,36) (6,37) 94
(7,36) (7,37) 102
(8,36) (8,37) 50
(9,36) (9,37) 12
(10,36) (10,37) 29
(1,37) (1,38) 77
(2,37) (2,38) 34
(3,37) (3,38) 89
(4,37) (4,38) 83
(5,37) (5,38) 59
(6,37) (6,38) 43
(7,37) (7,38) 75
(8,37) (8,38) 47
(9,37) (9,38) 23
(10,37) (10,38) 41
(1,38) (1,39) 65
(2,38) (2,39) 52
(3,38) (3,39) 82
(4,38) (4,39) 59
(5,38) (5,39) 67
(6,38) (6,39) 56
(7,38) (7,39) 99
(8,38) (8,39) 80
(9,38) (9,39) 13
(10,38) (10,39) 87
(1,39) (1,40) 80
(2,39) (2,40) 100
(3,39) (3,40) 7
(4,39) (4,40) 38
(5,39) (5,40) 34
(6,39) (6,40) 65
(7,39) (7,40) 55
(8,39) (8,40) 99
(9,39) (9,40) 82
(10,39) (10,40) 45
(1,40) (1,41) 104
(2,40) (2,41) 94
(3,40) (3,41) 7
(4,40) (4,41) 28
(5,40) (5,41) 79
(6,40) (6,41) 21
(7,40) (7,41) 52
(8,40) (8,41) 28
(9,40) (9,41) 58
(10,40) (10,41) 64
(1,41) (1,42) 47
(2,41) (2,42) 65
(3,41) (3,42) 52
(4,41) (4,42) 7
(5,41) (5,42) 64
(6,41) (6,42) 66
(7,41) (7,42) 28
(8,41) (8,42) 49
(9,41) (9,42) 92
(10,41) (10,42) 46
(1,42) (1,43) 50
(2,42) (2,43) 31
(3,42) (3,43) 75
(4,42) (4,43) 43
(5,42) (5,43) 96
(6,42) (6,43) 78
(7,42) (7,43) 100
(8,42) (8,43) 47
(9,42) (9,43) 39
(10,42) (10,43) 54
(1,43) (1,44) 76
(2,43) (2,44) 93
(3,43) (3,44) 60
(4,43) (4,44) 56
(5,43) (5,44) 6
(6,43) (6,44) 44
(7,43) (7,44) 86
(8,43) (8,44) 46
(9,43) (9,44) 42
(10,43) (10,44) 7
(1,44) (1,45) 50
(2,44) (2,45) 26
(3,44) (3,45) 93
(4,44) (4,45) 103
(5,44) (5,45) 30
(6,44) (6,45) 6
(7,44) (7,45) 9
(8,44) (8,45) 45
(9,44) (9,45) 48
(10,44) (10,45) 24
(1,45) (1,46) 75
(2,45) (2,46) 19
(3,45) (3,46) 34
(4,45) (4,46) 91
(5,45) (5,46) 97
(6,45) (6,46) 72
(7,45) (7,46) 76
(8,45) (8,46) 48
(9,45) (9,46) 43
(10,45) (10,46) 41
(1,46) (1,47) 94
(2,46) (2,47) 38
(3,46) (3,47) 97
(4,46) (4,47) 52
(5,46) (5,47) 72
(6,46) (6,47) 21
(7,46) (7,47) 26
(8,46) (8,47) 63
(9,46) (9,47) 64
(10,46) (10,47) 50
(1,47) (1,48) 69
(2,47) (2,48) 33
(3,47) (3,48) 78
(4,47) (4,48) 58
(5,47) (5,48) 65
(6,47) (6,48) 97
(7,47) (7,48) 12
(8,47) (8,48) 64
(9,47) (9,48) 97
(10,47) (10,48) 88
(1,48) (1,49) 9
(2,48) (2,49) 25
(3,48) (3,49) 53
(4,48) (4,49) 82
(5,48) (5,49) 24
(6,48) (6,49) 63
(7,48) (7,49) 15
(8,48) (8,49) 52
(9,48) (9,49) 58
(10,48) (10,49) 34
(1,49) (1,50) 14
(2,49) (2,50) 22
(3,49) (3,50) 28
(4,49) (4,50) 83
(5,49) (5,50) 43
(6,49) (6,50) 84
(7,49) (7,50) 20
(8,49) (8,50) 103
(9,49) (9,50) 16
(10,49) (10,50) 23
(1,50) (1,51) 95
(2,50) (2,51) 40
(3,50) (3,51) 74
(4,50) (4,51) 46
(5,50) (5,51) 27
(6,50) (6,51) 91
(7,50) (7,51) 104
(8,50) (8,51) 82
(9,50) (9,51) 23
(10,50) (10,51) 38
(1,51) (1,52) 15
(2,51) (2,52) 19
(3,51) (3,52) 20
(4,51) (4,52) 52
(5,51) (5,52) 75
(6,51) (6,52) 100
(7,51) (7,52) 81
(8,51) (8,52) 84
(9,51) (9,52) 96
(10,51) (10,52) 82
(1,52) (1,53) 39
(2,52) (2,53) 75
(3,52) (3,53) 48
(4,52) (4,53) 10
(5,52) (5,53) 38
(6,52) (6,53) 63
(7,52) (7,53) 82
(8,52) (8,53) 90
(9,52) (9,53) 15
(10,52) (10,53) 81
(1,53) (1,54) 26
(2,53) (2,54) 15
(3,53) (3,54) 98
(4,53) (4,54) 17
(5,53) (5,54) 40
(6,53) (6,54) 93
(7,53) (7,54) 13
(8,53) (8,54) 5
(9,53) (9,54) 104
(10,53) (10,54) 7
(1,54) (1,55) 96
(2,54) (2,55) 80
(3,54) (3,55) 35
(4,54) (4,55) 81
(5,54) (5,55) 33
(6,54) (6,55) 94
(7,54) (7,55) 91
(8,54) (8,55) 72
(9,54) (9,55) 28
(10,54) (10,55) 58
(1,55) (1,56) 21
(2,55) (2,56) 21
(3,55) (3,56) 87
(4,55) (4,56) 103
(5,55) (5,56) 11
(6,55) (6,56) 94
(7,55) (7,56) 55
(8,55) (8,56) 28
(9,55) (9,56) 86
(10,55) (10,56) 94
(1,56) (1,57) 10
(2,56) (2,57) 59
(3,56) (3,57) 66
(4,56) (4,57) 84
(5,56) (5,57) 62
(6,56) (6,57) 61
(7,56) (7,57) 49
(8,56) (8,57) 40
(9,56) (9,57) 88
(10,56) (10,57) 76
(1,57) (1,58) 58
(2,57) (2,58) 94
(3,57) (3,58) 6
(4,57) (4,58) 73
(5,57) (5,58) 90
(6,57) (6,58) 44
(7,57) (7,58) 99
(8,57) (8,58) 49
(9,57) (9,58) 54
(10,57) (10,58) 66
(1,58) (1,59) 21
(2,58) (2,59) 16
(3,58) (3,59) 93
(4,58) (4,59) 45
(5,58) (5,59) 26
(6,58) (6,59) 54
(7,58) (7,59) 58
(8,58) (8,59) 101
(9,58) (9,59) 15
(10,58) (10,59) 67
(1,59) (1,60) 53
(2,59) (2,60) 80
(3,59) (3,60) 13
(4,59) (4,60) 101
(5,59) (5,60) 74
(6,59) (6,60) 73
(7,59) (7,60) 38
(8,59) (8,60) 19
(9,59) (9,60) 86
(10,59) (10,60) 66
(1,60) (1,61) 56
(2,60) (2,61) 32
(3,60) (3,61) 98
(4,60) (4,61) 7
(5,60) (5,61) 46
(6,60) (6,61) 15
(7,60) (7,61) 84
(8,60) (8,61) 18
(9,60) (9,61) 56
(10,60) (10,61) 95
(1,61) (1,62) 73
(2,61) (2,62) 103
(3,61) (3,62) 16
(4,61) (4,62) 80
(5,61) (5,62) 49
(6,61) (6,62) 25
(7,61) (7,62) 35
(8,61) (8,62) 57
(9,61) (9,62) 49
(10,61) (10,62) 8
(1,62) (1,63) 71
(2,62) (2,63) 79
(3,62) (3,63) 34
(4,62) (4,63) 92
(5,62) (5,63) 36
(6,62) (6,63) 59
(7,62) (7,63) 79
(8,62) (8,63) 59
(9,62) (9,63) 10
(10,62) (10,63) 104
(1,63) (1,64) 77
(2,63) (2,64) 94
(3,63) (3,64) 16
(4,63) (4,64) 94
(5,63) (5,64) 65
(6,63) (6,64) 16
(7,63) (7,64) 67
(8,63) (8,64) 59
(9,63) (9,64) 60
(10,63) (10,64) 101
(1,64) (1,65) 30
(2,64) (2,65) 11
(3,64) (3,65) 90
(4,64) (4,65) 95
(5,64) (5,65) 46
(6,64) (6,65) 91
(7,64) (7,65) 64
(8,64) (8,65) 47
(9,64) (9,65) 43
(10,64) (10,65) 26
(1,65) (1,66) 51
(2,65) (2,66) 34
(3,65) (3,66) 90
(4,65) (4,66) 85
(5,65) (5,66) 67
(6,65) (6,66) 94
(7,65) (7,66) 27
(8,65) (8,66) 73
(9,65) (9,66) 50
(10,65) (10,66) 5
(1,66) (1,67) 18
(2,66) (2,67) 8
(3,66) (3,67) 18
(4,66) (4,67) 30
(5,66) (5,67) 65
(6,66) (6,67) 100
(7,66) (7,67) 81
(8,66) (8,67) 40
(9,66) (9,67) 49
(10,66) (10,67) 64
(1,67) (1,68) 98
(2,67) (2,68) 43
(3,67) (3,68) 70
(4,67) (4,68) 37
(5,67) (5,68) 47
(6,67) (6,68) 48
(7,67) (7,68) 46
(8,67) (8,68) 44
(9,67) (9,68) 15
(10,67) (10,68) 25
(1,68) (1,69) 46
(2,68) (2,69) 91
(3,68) (3,69) 14
(4,68) (4,69) 47
(5,68) (5,69) 76
(6,68) (6,69) 77
(7,68) (7,69) 20
(8,68) (8,69) 78
(9,68) (9,69) 89
(10,68) (10,69) 16
(1,69) (1,70) 65
(2,69) (2,70) 35
(3,69) (3,70) 102
(4,69) (4,70) 10
(5,69) (5,70) 12
(6,69) (6,70) 8
(7,69) (7,70) 79
(8,69) (8,70) 36
(9,69) (9,70) 100
(10,69) (10,70) 96
(1,70) (1,71) 24
(2,70) (2,71) 40
(3,70) (3,71) 68
(4,70) (4,71) 29
(5,70) (5,71) 100
(6,70) (6,71) 89
(7,70) (7,71) 34
(8,70) (8,71) 44
(9,70) (9,71) 32
(10,70) (10,71) 45
(1,71) (1,72) 29
(2,71) (2,72) 89
(3,71) (3,72) 8
(4,71) (4,72) 27
(5,71) (5,72) 73
(6,71) (6,72) 92
(7,71) (7,72) 85
(8,71) (8,72) 58
(9,71) (9,72) 78
(10,71) (10,72) 87
(1,72) (1,73) 55
(2,72) (2,73) 59
(3,72) (3,73) 30
(4,72) (4,73) 90
(5,72) (5,73) 19
(6,72) (6,73) 47
(7,72) (7,73) 52
(8,72) (8,73) 57
(9,72) (9,73) 102
(10,72) (10,73) 93
(1,73) (1,74) 52
(2,73) (2,74) 74
(3,73) (3,74) 104
(4,73) (4,74) 7
(5,73) (5,74) 91
(6,73) (6,74) 27
(7,73) (7,74) 7
(8,73) (8,74) 103
(9,73) (9,74) 57
(10,73) (10,74) 51
(1,74) (1,75) 93
(2,74) (2,75) 67
(3,74) (3,75) 95
(4,74) (4,75) 45
(5,74) (5,75) 89
(6,74) (6,75) 26
(7,74) (7,75) 20
(8,74) (8,75) 8
(9,74) (9,75) 30
(10,74) (10,75) 93
(1,75) (1,76) 48
(2,75) (2,76) 43
(3,75) (3,76) 13
(4,75) (4,76) 42
(5,75) (5,76) 60
(6,75) (6,76) 37
(7,75) (7,76) 60
(8,75) (8,76) 59
(9,75) (9,76) 61
(10,75) (10,76) 77
(1,76) (1,77) 17
(2,76) (2,77) 11
(3,76) (3,77) 78
(4,76) (4,77) 78
(5,76) (5,77) 42
(6,76) (6,77) 63
(7,76) (7,77) 6
(8,76) (8,77) 65
(9,76) (9,77) 96
(10,76) (10,77) 104
(1,77) (1,78) 74
(2,77) (2,78) 16
(3,77) (3,78) 59
(4,77) (4,78) 81
(5,77) (5,78) 65
(6,77) (6,78) 102
(7,77) (7,78) 24
(8,77) (8,78) 8
(9,77) (9,78) 79
(10,77) (10,78) 64
(1,78) (1,79) 98
(2,78) (2,79) 78
(3,78) (3,79) 103
(4,78) (4,79) 33
(5,78) (5,79) 11
(6,78) (6,79) 45
(7,78) (7,79) 18
(8,78) (8,79) 29
(9,78) (9,79) 42
(10,78) (10,79) 5
(1,79) (1,80) 48
(2,79) (2,80) 81
(3,79) (3,80) 25
(4,79) (4,80) 30
(5,79) (5,80) 7
(6,79) (6,80) 14
(7,79) (7,80) 101
(8,79) (8,80) 46
(9,79) (9,80) 6
(10,79) (10,80) 67
(1,80) (1,81) 20
(2,80) (2,81) 39
(3,80) (3,81) 7
(4,80) (4,81) 55
(5,80) (5,81) 72
(6,80) (6,81) 88
(7,80) (7,81) 98
(8,80) (8,81) 56
(9,80) (9,81) 50
(10,80) (10,81) 33
(1,81) (1,82) 66
(2,81) (2,82) 55
(3,81) (3,82) 85
(4,81) (4,82) 20
(5,81) (5,82) 7
(6,81) (6,82) 44
(7,81) (7,82) 16
(8,81) (8,82) 88
(9,81) (9,82) 70
(10,81) (10,82) 57
(1,82) (1,83) 80
(2,82) (2,83) 22
(3,82) (3,83) 32
(4,82) (4,83) 94
(5,82) (5,83) 94
(6,82) (6,83) 19
(7,82) (7,83) 53
(8,82) (8,83) 93
(9,82) (9,83) 18
(10,82) (10,83) 13
(1,83) (1,84) 30
(2,83) (2,84) 21
(3,83) (3,84) 36
(4,83) (4,84) 31
(5,83) (5,84) 67
(6,83) (6,84) 25
(7,83) (7,84) 96
(8,83) (8,84) 72
(9,83) (9,84) 67
(10,83) (10,84) 7
(1,84) (1,85) 47
(2,84) (2,85) 70
(3,84) (3,85) 69
(4,84) (4,85) 58
(5,84) (5,85) 84
(6,84) (6,85) 8
(7,84) (7,85) 55
(8,84) (8,85) 25
(9,84) (9,85) 37
(10,84) (10,85) 67
(1,85) (1,86) 66
(2,85) (2,86) 49
(3,85) (3,86) 38
(4,85) (4,86) 81
(5,85) (5,86) 54
(6,85) (6,86) 75
(7,85) (7,86) 40
(8,85) (8,86) 88
(9,85) (9,86) 86
(10,85) (10,86) 16
(1,86) (1,87) 60
(2,86) (2,87) 67
(3,86) (3,87) 44
(4,86) (4,87) 103
(5,86) (5,87) 47
(6,86) (6,87) 22
(7,86) (7,87) 101
(8,86) (8,87) 21
(9,86) (9,87) 37
(10,86) (10,87) 100
(1,87) (1,88) 15
(2,87) (2,88) 87
(3,87) (3,88) 43
(4,87) (4,88) 61
(5,87) (5,88) 12
(6,87) (6,88) 67
(7,87) (7,88) 74
(8,87) (8,88) 18
(9,87) (9,88) 12
(10,87) (10,88) 80
(1,88) (1,89) 14
(2,88) (2,89) 63
(3,88) (3,89) 40
(4,88) (4,89) 34
(5,88) (5,89) 88
(6,88) (6,89) 91
(7,88) (7,89) 33
(8,88) (8,89) 55
(9,88) (9,89) 55
(10,88) (10,89) 63
(1,89) (1,90) 57
(2,89) (2,90) 53
(3,89) (3,90) 26
(4,89) (4,90) 97
(5,89) (5,90) 64
(6,89) (6,90) 84
(7,89) (7,90) 99
(8,89) (8,90) 99
(9,89) (9,90) 75
(10,89) (10,90) 23
(1,90) (1,91) 89
(2,90) (2,91) 65
(3,90) (3,91) 82
(4,90) (4,91) 95
(5,90) (5,91) 97
(6,90) (6,91) 48
(7,90) (7,91) 99
(8,90) (8,91) 97
(9,90) (9,91) 51
(10,90) (10,91) 21
(1,91) (1,92) 77
(2,91) (2,92) 93
(3,91) (3,92) 59
(4,91) (4,92) 102
(5,91) (5,92) 87
(6,91) (6,92) 75
(7,91) (7,92) 6
(8,91) (8,92) 12
(9,91) (9,92) 54
(10,91) (10,92) 10
(1,92) (1,93) 22
(2,92) (2,93) 23
(3,92) (3,93) 85
(4,92) (4,93) 24
(5,92) (5,93) 19
(6,92) (6,93) 67
(7,92) (7,93) 75
(8,92) (8,93) 50
(9,92) (9,93) 74
(10,92) (10,93) 43
(1,93) (1,94) 92
(2,93) (2,94) 20
(3,93) (3,94) 28
(4,93) (4,94) 43
(5,93) (5,94) 25
(6,93) (6,94) 73
(7,93) (7,94) 34
(8,93) (8,94) 46
(9,93) (9,94) 67
(10,93) (10,94) 33
(1,94) (1,95) 15
(2,94) (2,95) 30
(3,94) (3,95) 6
(4,94) (4,95) 92
(5,94) (5,95) 76
(6,94) (6,95) 34
(7,94) (7,95) 79
(8,94) (8,95) 77
(9,94) (9,95) 97
(10,94) (10,95) 8
(1,95) (1,96) 37
(2,95) (2,96) 47
(3,95) (3,96) 46
(4,95) (4,96) 52
(5,95) (5,96) 24
(6,95) (6,96) 80
(7,95) (7,96) 20
(8,95) (8,96) 60
(9,95) (9,96) 84
(10,95) (10,96) 83
(1,96) (1,97) 86
(2,96) (2,97) 92
(3,96) (3,97) 24
(4,96) (4,97) 68
(5,96) (5,97) 80
(6,96) (6,97) 65
(7,96) (7,97) 44
(8,96) (8,97) 84
(9,96) (9,97) 82
(10,96) (10,97) 67
(1,97) (1,98) 86
(2,97) (2,98) 69
(3,97) (3,98) 31
(4,97) (4,98) 41
(5,97) (5,98) 9
(6,97) (6,98) 81
(7,97) (7,98) 80
(8,97) (8,98) 58
(9,97) (9,98) 27
(10,97) (10,98) 23
(1,98) (1,99) 20
(2,98) (2,99) 46
(3,98) (3,99) 49
(4,98) (4,99) 52
(5,98) (5,99) 95
(6,98) (6,99) 18
(7,98) (7,99) 21
(8,98) (8,99) 57
(9,98) (9,99) 11
(10,98) (10,99) 85
(1,99) (1,100) 24
(2,99) (2,100) 37
(3,99) (3,100) 79
(4,99) (4,100) 36
(5,99) (5,100) 78
(6,99) (6,100) 89
(7,99) (7,100) 79
(8,99) (8,100) 56
(9,99) (9,100) 86
(10,99) (10,100) 43
(1,1) (2,1) 73
(2,1) (1,1) 55
(2,1) (3,1) 29
(3,1) (2,1) 57
(3,1) (4,1) 30
(4,1) (3,1) 61
(4,1) (5,1) 71
(5,1) (4,1) 72
(5,1) (6,1) 84
(6,1) (5,1) 18
(6,1) (7,1) 45
(7,1) (6,1) 70
(7,1) (8,1) 64
(8,1) (7,1) 59
(8,1) (9,1) 102
(9,1) (8,1) 39
(9,1) (10,1) 17
(10,1) (9,1) 89
(1,2) (2,2) 59
(2,2) (1,2) 12
(2,2) (3,2) 103
(3,2) (2,2) 85
(3,2) (4,2) 51
(4,2) (3,2) 102
(4,2) (5,2) 27
(5,2) (4,2) 73
(5,2) (6,2) 64
(6,2) (5,2) 102
(6,2) (7,2) 76
(7,2) (6,2) 68
(7,2) (8,2) 32
(8,2) (7,2) 103
(8,2) (9,2) 43
(9,2) (8,2) 59
(9,2) (10,2) 60
(10,2) (9,2) 60
(1,3) (2,3) 40
(2,3) (1,3) 95
(2,3) (3,3) 55
(3,3) (2,3) 81
(3,3) (4,3) 104
(4,3) (3,3) 95
(4,3) (5,3) 28
(5,3) (4,3) 40
(5,3) (6,3) 35
(6,3) (5,3) 50
(6,3) (7,3) 33
(7,3) (6,3) 42
(7,3) (8,3) 27
(8,3) (7,3) 98
(8,3) (9,3) 60
(9,3) (8,3) 24
(9,3) (10,3) 37
(10,3) (9,3) 102
(1,4) (2,4) 20
(2,4) (1,4) 63
(2,4) (3,4) 16
(3,4) (2,4) 89
(3,4) (4,4) 45
(4,4) (3,4) 40
(4,4) (5,4) 7
(5,4) (4,4) 100
(5,4) (6,4) 41
(6,4) (5,4) 93
(6,4) (7,4) 39
(7,4) (6,4) 25
(7,4) (8,4) 59
(8,4) (7,4) 90
(8,4) (9,4) 13
(9,4) (8,4) 11
(9,4) (10,4) 46
(10,4) (9,4) 23
(1,5) (2,5) 64
(2,5) (1,5) 19
(2,5) (3,5) 44
(3,5) (2,5) 8
(3,5) (4,5) 75
(4,5) (3,5) 92
(4,5) (5,5) 18
(5,5) (4,5) 27
(5,5) (6,5) 59
(6,5) (5,5) 91
(6,5) (7,5) 87
(7,5) (6,5) 101
(7,5) (8,5) 15
(8,5) (7,5) 90
(8,5) (9,5) 19
(9,5) (8,5) 68
(9,5) (10,5) 11
(10,5) (9,5) 19
(1,6) (2,6) 53
(2,6) (1,6) 101
(2,6) (3,6) 69
(3,6) (2,6) 5
(3,6) (4,6) 38
(4,6) (3,6) 35
(4,6) (5,6) 98
(5,6) (4,6) 35
(5,6) (6,6) 75
(6,6) (5,6) 52
(6,6) (7,6) 18
(7,6) (6,6) 96
(7,6) (8,6) 103
(8,6) (7,6) 84
(8,6) (9,6) 19
(9,6) (8,6) 36
(9,6) (10,6) 21
(10,6) (9,6) 27
(1,7) (2,7) 32
(2,7) (1,7) 77
(2,7) (3,7) 36
(3,7) (2,7) 23
(3,7) (4,7) 35
(4,7) (3,7) 30
(4,7) (5,7) 28
(5,7) (4,7) 36
(5,7) (6,7) 95
(6,7) (5,7) 101
(6,7) (7,7) 45
(7,7) (6,7) 65
(7,7) (8,7) 84
(8,7) (7,7) 104
(8,7) (9,7) 84
(9,7) (8,7) 89
(9,7) (10,7) 41
(10,7) (9,7) 35
(1,8) (2,8) 99
(2,8) (1,8) 50
(2,8) (3,8) 104
(3,8) (2,8) 84
(3,8) (4,8) 94
(4,8) (3,8) 5
(4,8) (5,8) 38
(5,8) (4,8) 79
(5,8) (6,8) 72
(6,8) (5,8) 10
(6,8) (7,8) 55
(7,8) (6,8) 33
(7,8) (8,8) 47
(8,8) (7,8) 35
(8,8) (9,8) 44
(9,8) (8,8) 29
(9,8) (10,8) 99
(10,8) (9,8) 6
(1,9) (2,9) 68
(2,9) (1,9) 58
(2,9) (3,9) 90
(3,9) (2,9) 16
(3,9) (4,9) 68
(4,9) (3,9) 56
(4,9) (5,9) 54
(5,9) (4,9) 58
(5,9) (6,9) 75
(6,9) (5,9) 10
(6,9) (7,9) 94
(7,9) (6,9) 82
(7,9) (8,9) 55
(8,9) (7,9) 65
(8,9) (9,9) 38
(9,9) (8,9) 78
(9,9) (10,9) 77
(10,9) (9,9) 84
(1,10) (2,10) 97
(2,10) (1,10) 97
(2,10) (3,10) 82
(3,10) (2,10) 12
(3,10) (4,10) 81
(4,10) (3,10) 103
(4,10) (5,10) 26
(5,10) (4,10) 70
(5,10) (6,10) 42
(6,10) (5,10) 8
(6,10) (7,10) 13
(7,10) (6,10) 95
(7,10) (8,10) 36
(8,10) (7,10) 100
(8,10) (9,10) 53
(9,10) (8,10) 79
(9,10) (10,10) 55
(10,10) (9,10) 94
(1,11) (2,11) 91
(2,11) (1,11) 91
(2,11) (3,11) 73
(3,11) (2,11) 95
(3,11) (4,11) 27
(4,11) (3,11) 70
(4,11) (5,11) 43
(5,11) (4,11) 99
(5,11) (6,11) 83
(6,11) (5,11) 68
(6,11) (7,11) 6
(7,11) (6,11) 75
(7,11) (8,11) 49
(8,11) (7,11) 55
(8,11) (9,11) 37
(9,11) (8,11) 101
(9,11) (10,11) 100
(10,11) (9,11) 78
(1,12) (2,12) 83
(2,12) (1,12) 33
(2,12) (3,12) 24
(3,12) (2,12) 71
(3,12) (4,12) 62
(4,12) (3,12) 9
(4,12) (5,12) 6
(5,12) (4,12) 104
(5,12) (6,12) 103
(6,12) (5,12) 45
(6,12) (7,12) 20
(7,12) (6,12) 21
(7,12) (8,12) 90
(8,12) (7,12) 101
(8,12) (9,12) 11
(9,12) (8,12) 90
(9,12) (10,12) 47
(10,12) (9,12) 52
(1,13) (2,13) 50
(2,13) (1,13) 45
(2,13) (3,13) 83
(3,13) (2,13) 77
(3,13) (4,13) 18
(4,13) (3,13) 60
(4,13) (5,13) 49
(5,13) (4,13) 97
(5,13) (6,13) 23
(6,13) (5,13) 73
(6,13) (7,13) 92
(7,13) (6,13) 93
(7,13) (8,13) 70
(8,13) (7,13) 66
(8,13) (9,13) 53
(9,13) (8,13) 37
(9,13) (10,13) 55
(10,13) (9,13) 84
(1,14) (2,14) 27
(2,14) (1,14) 58
(2,14) (3,14) 67
(3,14) (2,14) 11
(3,14) (4,14) 79
(4,14) (3,14) 81
(4,14) (5,14) 63
(5,14) (4,14) 33
(5,14) (6,14) 99
(6,14) (5,14) 30
(6,14) (7,14) 96
(7,14) (6,14) 40
(7,14) (8,14) 31
(8,14) (7,14) 16
(8,14) (9,14) 46
(9,14) (8,14) 62
(9,14) (10,14) 90
(10,14) (9,14) 74
(1,15) (2,15) 15
(2,15) (1,15) 52
(2,15) (3,15) 63
(3,15) (2,15) 43
(3,15) (4,15) 48
(4,15) (3,15) 63
(4,15) (5,15) 104
(5,15) (4,15) 11
(5,15) (6,15) 31
(6,15) (5,15) 7
(6,15) (7,15) 80
(7,15) (6,15) 103
(7,15) (8,15) 21
(8,15) (7,15) 29
(8,15) (9,15) 17
(9,15) (8,15) 8
(9,15) (10,15) 45
(10,15) (9,15) 57
(1,16) (2,16) 5
(2,16) (1,16) 31
(2,16) (3,16) 15
(3,16) (2,16) 25
(3,16) (4,16) 6
(4,16) (3,16) 52
(4,16) (5,16) 46
(5,16) (4,16) 34
(5,16) (6,16) 70
(6,16) (5,16) 57
(6,16) (7,16) 79
(7,16) (6,16) 61
(7,16) (8,16) 40
(8,16) (7,16) 10
(8,16) (9,16) 70
(9,16) (8,16) 17
(9,16) (10,16) 13
(10,16) (9,16) 87
(1,17) (2,17) 104
(2,17) (1,17) 11
(2,17) (3,17) 31
(3,17) (2,17) 73
(3,17) (4,17) 32
(4,17) (3,17) 95
(4,17) (5,17) 92
(5,17) (4,17) 23
(5,17) (6,17) 76
(6,17) (5,17) 35
(6,17) (7,17) 44
(7,17) (6,17) 66
(7,17) (8,17) 91
(8,17) (7,17) 6
(8,17) (9,17) 104
(9,17) (8,17) 65
(9,17) (10,17) 36
(10,17) (9,17) 11
(1,18) (2,18) 83
(2,18) (1,18) 15
(2,18) (3,18) 22
(3,18) (2,18) 76
(3,18) (4,18) 67
(4,18) (3,18) 101
(4,18) (5,18) 59
(5,18) (4,18) 34
(5,18) (6,18) 33
(6,18) (5,18) 35
(6,18) (7,18) 80
(7,18) (6,18) 10
(7,18) (8,18) 19
(8,18) (7,18) 27
(8,18) (9,18) 75
(9,18) (8,18) 63
(9,18) (10,18) 39
(10,18) (9,18) 75
(1,19) (2,19) 88
(2,19) (1,19) 95
(2,19) (3,19) 92
(3,19) (2,19) 53
(3,19) (4,19) 94
(4,19) (3,19) 93
(4,19) (5,19) 20
(5,19) (4,19) 68
(5,19) (6,19) 17
(6,19) (5,19) 49
(6,19) (7,19) 85
(7,19) (6,19) 65
(7,19) (8,19) 65
(8,19) (7,19) 66
(8,19) (9,19) 58
(9,19) (8,19) 8
(9,19) (10,19) 55
(10,19) (9,19) 101
(1,20) (2,20) 15
(2,20) (1,20) 93
(2,20) (3,20) 96
(3,20) (2,20) 9
(3,20) (4,20) 69
(4,20) (3,20) 52
(4,20) (5,20) 72
(5,20) (4,20) 73
(5,20) (6,20) 28
(6,20) (5,20) 25
(6,20) (7,20) 56
(7,20) (6,20) 82
(7,20) (8,20) 58
(8,20) (7,20) 68
(8,20) (9,20) 99
(9,20) (8,20) 66
(9,20) (10,20) 56
(10,20) (9,20) 25
(1,21) (2,21) 83
(2,21) (1,21) 71
(2,21) (3,21) 53
(3,21) (2,21) 91
(3,21) (4,21) 76
(4,21) (3,21) 59
(4,21) (5,21) 43
(5,21) (4,21) 65
(5,21) (6,21) 95
(6,21) (5,21) 46
(6,21) (7,21) 83
(7,21) (6,21) 78
(7,21) (8,21) 13
(8,21) (7,21) 94
(8,21) (9,21) 41
(9,21) (8,21) 6
(9,21) (10,21) 43
(10,21) (9,21) 87
(1,22) (2,22) 53
(2,22) (1,22) 90
(2,22) (3,22) 70
(3,22) (2,22) 64
(3,22) (4,22) 100
(4,22) (3,22) 99
(4,22) (5,22) 44
(5,22) (4,22) 12
(5,22) (6,22) 82
(6,22) (5,22) 20
(6,22) (7,22) 81
(7,22) (6,22) 98
(7,22) (8,22) 22
(8,22) (7,22) 71
(8,22) (9,22) 37
(9,22) (8,22) 81
(9,22) (10,22) 68
(10,22) (9,22) 27
(1,23) (2,23) 99
(2,23) (1,23) 76
(2,23) (3,23) 31
(3,23) (2,23) 87
(3,23) (4,23) 67
(4,23) (3,23) 39
(4,23) (5,23) 10
(5,23) (4,23) 98
(5,23) (6,23) 52
(6,23) (5,23) 14
(6,23) (7,23) 70
(7,23) (6,23) 46
(7,23) (8,23) 8
(8,23) (7,23) 10
(8,23) (9,23) 11
(9,23) (8,23) 67
(9,23) (10,23) 86
(10,23) (9,23) 43
(1,24) (2,24) 73
(2,24) (1,24) 18
(2,24) (3,24) 99
(3,24) (2,24) 82
(3,24) (4,24) 21
(4,24) (3,24) 60
(4,24) (5,24) 43
(5,24) (4,24) 64
(5,24) (6,24) 39
(6,24) (5,24) 54
(6,24) (7,24) 78
(7,24) (6,24) 63
(7,24) (8,24) 27
(8,24) (7,24) 34
(8,24) (9,24) 58
(9,24) (8,24) 15
(9,24) (10,24) 29
(10,24) (9,24) 12
(1,25) (2,25) 78
(2,25) (1,25) 102
(2,25) (3,25) 91
(3,25) (2,25) 38
(3,25) (4,25) 41
(4,25) (3,25) 30
(4,25) (5,25) 9
(5,25) (4,25) 46
(5,25) (6,25) 79
(6,25) (5,25) 96
(6,25) (7,25) 48
(7,25) (6,25) 75
(7,25) (8,25) 81
(8,25) (7,25) 27
(8,25) (9,25) 96
(9,25) (8,25) 47
(9,25) (10,25) 53
(10,25) (9,25) 82
(1,26) (2,26) 9
(2,26) (1,26) 67
(2,26) (3,26) 92
(3,26) (2,26) 11
(3,26) (4,26) 37
(4,26) (3,26) 100
(4,26) (5,26) 31
(5,26) (4,26) 69
(5,26) (6,26) 15
(6,26) (5,26) 19
(6,26) (7,26) 37
(7,26) (6,26) 5
(7,26) (8,26) 96
(8,26) (7,26) 96
(8,26) (9,26) 19
(9,26) (8,26) 101
(9,26) (10,26) 38
(10,26) (9,26) 53
(1,27) (2,27) 39
(2,27) (1,27) 58
(2,27) (3,27) 39
(3,27) (2,27) 70
(3,27) (4,27) 99
(4,27) (3,27) 104
(4,27) (5,27) 96
(5,27) (4,27) 101
(5,27) (6,27) 78
(6,27) (5,27) 44
(6,27) (7,27) 99
(7,27) (6,27) 36
(7,27) (8,27) 21
(8,27) (7,27) 22
(8,27) (9,27) 61
(9,27) (8,27) 18
(9,27) (10,27) 28
(10,27) (9,27) 33
(1,28) (2,28) 20
(2,28) (1,28) 95
(2,28) (3,28) 36
(3,28) (2,28) 60
(3,28) (4,28) 28
(4,28) (3,28) 75
(4,28) (5,28) 77
(5,28) (4,28) 42
(5,28) (6,28) 60
(6,28) (5,28) 59
(6,28) (7,28) 16
(7,28) (6,28) 74
(7,28) (8,28) 40
(8,28) (7,28) 49
(8,28) (9,28) 22
(9,28) (8,28) 49
(9,28) (10,28) 48
(10,28) (9,28) 86
(1,29) (2,29) 98
(2,29) (1,29) 98
(2,29) (3,29) 104
(3,29) (2,29) 53
(3,29) (4,29) 73
(4,29) (3,29) 62
(4,29) (5,29) 58
(5,29) (4,29) 86
(5,29) (6,29) 45
(6,29) (5,29) 104
(6,29) (7,29) 76
(7,29) (6,29) 88
(7,29) (8,29) 75
(8,29) (7,29) 99
(8,29) (9,29) 43
(9,29) (8,29) 40
(9,29) (10,29) 57
(10,29) (9,29) 18
(1,30) (2,30) 19
(2,30) (1,30) 8
(2,30) (3,30) 20
(3,30) (2,30) 73
(3,30) (4,30) 34
(4,30) (3,30) 41
(4,30) (5,30) 11
(5,30) (4,30) 48
(5,30) (6,30) 59
(6,30) (5,30) 86
(6,30) (7,30) 67
(7,30) (6,30) 49
(7,30) (8,30) 39
(8,30) (7,30) 17
(8,30) (9,30) 50
(9,30) (8,30) 22
(9,30) (10,30) 50
(10,30) (9,30) 95
(1,31) (2,31) 47
(2,31) (1,31) 20
(2,31) (3,31) 80
(3,31) (2,31) 20
(3,31) (4,31) 55
(4,31) (3,31) 94
(4,31) (5,31) 64
(5,31) (4,31) 89
(5,31) (6,31) 38
(6,31) (5,31) 76
(6,31) (7,31) 31
(7,31) (6,31) 48
(7,31) (8,31) 13
(8,31) (7,31) 97
(8,31) (9,31) 58
(9,31) (8,31) 25
(9,31) (10,31) 49
(10,31) (9,31) 59
(1,32) (2,32) 90
(2,32) (1,32) 58
(2,32) (3,32) 86
(3,32) (2,32) 43
(3,32) (4,32) 72
(4,32) (3,32) 104
(4,32) (5,32) 45
(5,32) (4,32) 91
(5,32) (6,32) 56
(6,32) (5,32) 49
(6,32) (7,32) 64
(7,32) (6,32) 97
(7,32) (8,32) 103
(8,32) (7,32) 88
(8,32) (9,32) 47
(9,32) (8,32) 39
(9,32) (10,32) 54
(10,32) (9,32) 12
(1,33) (2,33) 24
(2,33) (1,33) 55
(2,33) (3,33) 40
(3,33) (2,33) 18
(3,33) (4,33) 48
(4,33) (3,33) 82
(4,33) (5,33) 99
(5,33) (4,33) 21
(5,33) (6,33) 13
(6,33) (5,33) 16
(6,33) (7,33) 86
(7,33) (6,33) 55
(7,33) (8,33) 9
(8,33) (7,33) 44
(8,33) (9,33) 83
(9,33) (8,33) 82
(9,33) (10,33) 77
(10,33) (9,33) 103
(1,34) (2,34) 7
(2,34) (1,34) 80
(2,34) (3,34) 24
(3,34) (2,34) 66
(3,34) (4,34) 36
(4,34) (3,34) 73
(4,34) (5,34) 99
(5,34) (4,34) 81
(5,34) (6,34) 32
(6,34) (5,34) 48
(6,34) (7,34) 101
(7,34) (6,34) 62
(7,34) (8,34) 35
(8,34) (7,34) 57
(8,34) (9,34) 95
(9,34) (8,34) 7
(9,34) (10,34) 43
(10,34) (9,34) 54
(1,35) (2,35) 53
(2,35) (1,35) 42
(2,35) (3,35) 88
(3,35) (2,35) 20
(3,35) (4,35) 25
(4,35) (3,35) 71
(4,35) (5,35) 56
(5,35) (4,35) 85
(5,35) (6,35) 14
(6,35) (5,35) 27
(6,35) (7,35) 61
(7,35) (6,35) 36
(7,35) (8,35) 54
(8,35) (7,35) 44
(8,35) (9,35) 101
(9,35) (8,35) 62
(9,35) (10,35) 100
(10,35) (9,35) 28
(1,36) (2,36) 11
(2,36) (1,36) 32
(2,36) (3,36) 48
(3,36) (2,36) 72
(3,36) (4,36) 15
(4,36) (3,36) 10
(4,36) (5,36) 93
(5,36) (4,36) 86
(5,36) (6,36) 48
(6,36) (5,36) 95
(6,36) (7,36) 54
(7,36) (6,36) 27
(7,36) (8,36) 15
(8,36) (7,36) 6
(8,36) (9,36) 26
(9,36) (8,36) 87
(9,36) (10,36) 54
(10,36) (9,36) 89
(1,37) (2,37) 65
(2,37) (1,37) 38
(2,37) (3,37) 38
(3,37) (2,37) 68
(3,37) (4,37) 23
(4,37) (3,37) 29
(4,37) (5,37) 61
(5,37) (4,37) 98
(5,37) (6,37) 55
(6,37) (5,37) 62
(6,37) (7,37) 8
(7,37) (6,37) 85
(7,37) (8,37) 82
(8,37) (7,37) 34
(8,37) (9,37) 36
(9,37) (8,37) 52
(9,37) (10,37) 52
(10,37) (9,37) 9
(1,38) (2,38) 74
(2,38) (1,38) 10
(2,38) (3,38) 52
(3,38) (2,38) 99
(3,38) (4,38) 5
(4,38) (3,38) 49
(4,38) (5,38) 59
(5,38) (4,38) 13
(5,38) (6,38) 51
(6,38) (5,38) 89
(6,38) (7,38) 14
(7,38) (6,38) 42
(7,38) (8,38) 91
(8,38) (7,38) 100
(8,38) (9,38) 101
(9,38) (8,38) 70
(9,38) (10,38) 78
(10,38) (9,38) 19
(1,39) (2,39) 16
(2,39) (1,39) 54
(2,39) (3,39) 27
(3,39) (2,39) 6
(3,39) (4,39) 57
(4,39) (3,39) 6
(4,39) (5,39) 5
(5,39) (4,39) 17
(5,39) (6,39) 85
(6,39) (5,39) 95
(6,39) (7,39) 92
(7,39) (6,39) 83
(7,39) (8,39) 81
(8,39) (7,39) 60
(8,39) (9,39) 91
(9,39) (8,39) 65
(9,39) (10,39) 29
(10,39) (9,39) 16
(1,40) (2,40) 77
(2,40) (1,40) 36
(2,40) (3,40) 79
(3,40) (2,40) 91
(3,40) (4,40) 27
(4,40) (3,40) 51
(4,40) (5,40) 25
(5,40) (4,40) 63
(5,40) (6,40) 50
(6,40) (5,40) 40
(6,40) (7,40) 76
(7,40) (6,40) 53
(7,40) (8,40) 30
(8,40) (7,40) 6
(8,40) (9,40) 54
(9,40) (8,40) 69
(9,40) (10,40) 38
(10,40) (9,40) 62
(1,41) (2,41) 8
(2,41) (1,41) 15
(2,41) (3,41) 21
(3,41) (2,41) 82
(3,41) (4,41) 97
(4,41) (3,41) 88
(4,41) (5,41) 90
(5,41) (4,41) 10
(5,41) (6,41) 63
(6,41) (5,41) 21
(6,41) (7,41) 80
(7,41) (6,41) 70
(7,41) (8,41) 32
(8,41) (7,41) 39
(8,41) (9,41) 92
(9,41) (8,41) 17
(9,41) (10,41) 54
(10,41) (9,41) 28
(1,42) (2,42) 27
(2,42) (1,42) 45
(2,42) (3,42) 7
(3,42) (2,42) 53
(3,42) (4,42) 17
(4,42) (3,42) 75
(4,42) (5,42) 23
(5,42) (4,42) 29
(5,42) (6,42) 20
(6,42) (5,42) 46
(6,42) (7,42) 84
(7,42) (6,42) 55
(7,42) (8,42) 55
(8,42) (7,42) 56
(8,42) (9,42) 76
(9,42) (8,42) 81
(9,42) (10,42) 58
(10,42) (9,42) 57
(1,43) (2,43) 19
(2,43) (1,43) 69
(2,43) (3,43) 59
(3,43) (2,43) 93
(3,43) (4,43) 52
(4,43) (3,43) 92
(4,43) (5,43) 31
(5,43) (4,43) 9
(5,43) (6,43) 73
(6,43) (5,43) 33
(6,43) (7,43) 7
(7,43) (6,43) 102
(7,43) (8,43) 19
(8,43) (7,43) 40
(8,43) (9,43) 103
(9,43) (8,43) 70
(9,43) (10,43) 85
(10,43) (9,43) 101
(1,44) (2,44) 36
(2,44) (1,44) 43
(2,44) (3,44) 26
(3,44) (2,44) 17
(3,44) (4,44) 46
(4,44) (3,44) 94
(4,44) (5,44) 78
(5,44) (4,44) 88
(5,44) (6,44) 9
(6,44) (5,44) 41
(6,44) (7,44) 69
(7,44) (6,44) 12
(7,44) (8,44) 74
(8,44) (7,44) 62
(8,44) (9,44) 82
(9,44) (8,44) 33
(9,44) (10,44) 90
(10,44) (9,44) 16
(1,45) (2,45) 62
(2,45) (1,45) 78
(2,45) (3,45) 42
(3,45) (2,45) 75
(3,45) (4,45) 57
(4,45) (3,45) 97
(4,45) (5,45) 13
(5,45) (4,45) 104
(5,45) (6,45) 88
(6,45) (5,45) 31
(6,45) (7,45) 59
(7,45) (6,45) 43
(7,45) (8,45) 62
(8,45) (7,45) 75
(8,45) (9,45) 100
(9,45) (8,45) 34
(9,45) (10,45) 5
(10,45) (9,45) 93
(1,46) (2,46) 62
(2,46) (1,46) 83
(2,46) (3,46) 36
(3,46) (2,46) 87
(3,46) (4,46) 21
(4,46) (3,46) 41
(4,46) (5,46) 78
(5,46) (4,46) 64
(5,46) (6,46) 11
(6,46) (5,46) 60
(6,46) (7,46) 70
(7,46) (6,46) 13
(7,46) (8,46) 104
(8,46) (7,46) 11
(8,46) (9,46) 34
(9,46) (8,46) 49
(9,46) (10,46) 48
(10,46) (9,46) 36
(1,47) (2,47) 75
(2,47) (1,47) 61
(2,47) (3,47) 44
(3,47) (2,47) 55
(3,47) (4,47) 51
(4,47) (3,47) 29
(4,47) (5,47) 27
(5,47) (4,47) 15
(5,47) (6,47) 38
(6,47) (5,47) 86
(6,47) (7,47) 85
(7,47) (6,47) 50
(7,47) (8,47) 91
(8,47) (7,47) 49
(8,47) (9,47) 43
(9,47) (8,47) 8
(9,47) (10,47) 39
(10,47) (9,47) 45
(1,48) (2,48) 74
(2,48) (1,48) 96
(2,48) (3,48) 32
(3,48) (2,48) 53
(3,48) (4,48) 59
(4,48) (3,48) 7
(4,48) (5,48) 87
(5,48) (4,48) 77
(5,48) (6,48) 80
(6,48) (5,48) 94
(6,48) (7,48) 24
(7,48) (6,48) 79
(7,48) (8,48) 76
(8,48) (7,48) 34
(8,48) (9,48) 12
(9,48) (8,48) 93
(9,48) (10,48) 25
(10,48) (9,48) 95
(1,49) (2,49) 5
(2,49) (1,49) 103
(2,49) (3,49) 43
(3,49) (2,49) 22
(3,49) (4,49) 70
(4,49) (3,49) 39
(4,49) (5,49) 102
(5,49) (4,49) 49
(5,49) (6,49) 61
(6,49) (5,49) 82
(6,49) (7,49) 80
(7,49) (6,49) 61
(7,49) (8,49) 34
(8,49) (7,49) 29
(8,49) (9,49) 97
(9,49) (8,49) 54
(9,49) (10,49) 27
(10,49) (9,49) 104
(1,50) (2,50) 28
(2,50) (1,50) 16
(2,50) (3,50) 82
(3,50) (2,50) 48
(3,50) (4,50) 59
(4,50) (3,50) 41
(4,50) (5,50) 68
(5,50) (4,50) 67
(5,50) (6,50) 96
(6,50) (5,50) 31
(6,50) (7,50) 94
(7,50) (6,50) 15
(7,50) (8,50) 42
(8,50) (7,50) 56
(8,50) (9,50) 26
(9,50) (8,50) 39
(9,50) (10,50) 27
(10,50) (9,50) 53
(1,51) (2,51) 61
(2,51) (1,51) 78
(2,51) (3,51) 35
(3,51) (2,51) 77
(3,51) (4,51) 67
(4,51) (3,51) 6
(4,51) (5,51) 67
(5,51) (4,51) 63
(5,51) (6,51) 85
(6,51) (5,51) 9
(6,51) (7,51) 57
(7,51) (6,51) 91
(7,51) (8,51) 70
(8,51) (7,51) 96
(8,51) (9,51) 76
(9,51) (8,51) 102
(9,51) (10,51) 46
(10,51) (9,51) 19
(1,52) (2,52) 8
(2,52) (1,52) 59
(2,52) (3,52) 13
(3,52) (2,52) 49
(3,52) (4,52) 99
(4,52) (3,52) 23
(4,52) (5,52) 99
(5,52) (4,52) 25
(5,52) (6,52) 39
(6,52) (5,52) 94
(6,52) (7,52) 5
(7,52) (6,52) 15
(7,52) (8,52) 67
(8,52) (7,52) 15
(8,52) (9,52) 87
(9,52) (8,52) 10
(9,52) (10,52) 62
(10,52) (9,52) 59
(1,53) (2,53) 5
(2,53) (1,53) 31
(2,53) (3,53) 11
(3,53) (2,53) 45
(3,53) (4,53) 25
(4,53) (3,53) 46
(4,53) (5,53) 15
(5,53) (4,53) 79
(5,53) (6,53) 99
(6,53) (5,53) 41
(6,53) (7,53) 57
(7,53) (6,53) 13
(7,53) (8,53) 39
(8,53) (7,53) 22
(8,53) (9,53) 12
(9,53) (8,53) 42
(9,53) (10,53) 48
(10,53) (9,53) 74
(1,54) (2,54) 84
(2,54) (1,54) 41
(2,54) (3,54) 62
(3,54) (2,54) 100
(3,54) (4,54) 11
(4,54) (3,54) 24
(4,54) (5,54) 39
(5,54) (4,54) 94
(5,54) (6,54) 47
(6,54) (5,54) 33
(6,54) (7,54) 64
(7,54) (6,54) 96
(7,54) (8,54) 92
(8,54) (7,54) 7
(8,54) (9,54) 75
(9,54) (8,54) 36
(9,54) (10,54) 80
(10,54) (9,54) 72
(1,55) (2,55) 85
(2,55) (1,55) 87
(2,55) (3,55) 99
(3,55) (2,55) 29
(3,55) (4,55) 60
(4,55) (3,55) 7
(4,55) (5,55) 45
(5,55) (4,55) 86
(5,55) (6,55) 30
(6,55) (5,55) 8
(6,55) (7,55) 67
(7,55) (6,55) 40
(7,55) (8,55) 25
(8,55) (7,55) 52
(8,55) (9,55) 45
(9,55) (8,55) 5
(9,55) (10,55) 40
(10,55) (9,55) 31
(1,56) (2,56) 23
(2,56) (1,56) 68
(2,56) (3,56) 28
(3,56) (2,56) 84
(3,56) (4,56) 47
(4,56) (3,56) 14
(4,56) (5,56) 89
(5,56) (4,56) 64
(5,56) (6,56) 51
(6,56) (5,56) 29
(6,56) (7,56) 8
(7,56) (6,56) 97
(7,56) (8,56) 81
(8,56) (7,56) 23
(8,56) (9,56) 45
(9,56) (8,56) 94
(9,56) (10,56) 28
(10,56) (9,56) 95
(1,57) (2,57) 66
(2,57) (1,57) 90
(2,57) (3,57) 43
(3,57) (2,57) 28
(3,57) (4,57) 70
(4,57) (3,57) 34
(4,57) (5,57) 100
(5,57) (4,57) 7
(5,57) (6,57) 44
(6,57) (5,57) 73
(6,57) (7,57) 77
(7,57) (6,57) 48
(7,57) (8,57) 36
(8,57) (7,57) 7
(8,57) (9,57) 94
(9,57) (8,57) 20
(9,57) (10,57) 20
(10,57) (9,57) 101
(1,58) (2,58) 8
(2,58) (1,58) 71
(2,58) (3,58) 73
(3,58) (2,58) 29
(3,58) (4,58) 31
(4,58) (3,58) 45
(4,58) (5,58) 17
(5,58) (4,58) 6
(5,58) (6,58) 36
(6,58) (5,58) 11
(6,58) (7,58) 33
(7,58) (6,58) 80
(7,58) (8,58) 98
(8,58) (7,58) 87
(8,58) (9,58) 16
(9,58) (8,58) 50
(9,58) (10,58) 90
(10,58) (9,58) 88
(1,59) (2,59) 71
(2,59) (1,59) 104
(2,59) (3,59) 67
(3,59) (2,59) 101
(3,59) (4,59) 17
(4,59) (3,59) 7
(4,59) (5,59) 72
(5,59) (4,59) 73
(5,59) (6,59) 6
(6,59) (5,59) 80
(6,59) (7,59) 5
(7,59) (6,59) 58
(7,59) (8,59) 87
(8,59) (7,59) 82
(8,59) (9,59) 92
(9,59) (8,59) 71
(9,59) (10,59) 56
(10,59) (9,59) 100
(1,60) (2,60) 87
(2,60) (1,60) 54
(2,60) (3,60) 50
(3,60) (2,60) 55
(3,60) (4,60) 8
(4,60) (3,60) 6
(4,60) (5,60) 6
(5,60) (4,60) 52
(5,60) (6,60) 46
(6,60) (5,60) 102
(6,60) (7,60) 36
(7,60) (6,60) 63
(7,60) (8,60) 8
(8,60) (7,60) 85
(8,60) (9,60) 73
(9,60) (8,60) 101
(9,60) (10,60) 93
(10,60) (9,60) 23
(1,61) (2,61) 7
(2,61) (1,61) 100
(2,61) (3,61) 14
(3,61) (2,61) 5
(3,61) (4,61) 90
(4,61) (3,61) 101
(4,61) (5,61) 39
(5,61) (4,61) 68
(5,61) (6,61) 68
(6,61) (5,61) 97
(6,61) (7,61) 56
(7,61) (6,61) 42
(7,61) (8,61) 50
(8,61) (7,61) 33
(8,61) (9,61) 84
(9,61) (8,61) 82
(9,61) (10,61) 7
(10,61) (9,61) 61
(1,62) (2,62) 49
(2,62) (1,62) 103
(2,62) (3,62) 87
(3,62) (2,62) 36
(3,62) (4,62) 44
(4,62) (3,62) 73
(4,62) (5,62) 92
(5,62) (4,62) 58
(5,62) (6,62) 24
(6,62) (5,62) 104
(6,62) (7,62) 33
(7,62) (6,62) 10
(7,62) (8,62) 6
(8,62) (7,62) 65
(8,62) (9,62) 59
(9,62) (8,62) 27
(9,62) (10,62) 99
(10,62) (9,62) 27
(1,63) (2,63) 37
(2,63) (1,63) 75
(2,63) (3,63) 33
(3,63) (2,63) 47
(3,63) (4,63) 20
(4,63) (3,63) 72
(4,63) (5,63) 12
(5,63) (4,63) 53
(5,63) (6,63) 40
(6,63) (5,63) 67
(6,63) (7,63) 18
(7,63) (6,63) 51
(7,63) (8,63) 19
(8,63) (7,63) 82
(8,63) (9,63) 99
(9,63) (8,63) 87
(9,63) (10,63) 72
(10,63) (9,63) 17
(1,64) (2,64) 83
(2,64) (1,64) 58
(2,64) (3,64) 61
(3,64) (2,64) 78
(3,64) (4,64) 6
(4,64) (3,64) 71
(4,64) (5,64) 14
(5,64) (4,64) 103
(5,64) (6,64) 65
(6,64) (5,64) 83
(6,64) (7,64) 13
(7,64) (6,64) 80
(7,64) (8,64) 42
(8,64) (7,64) 47
(8,64) (9,64) 89
(9,64) (8,64) 25
(9,64) (10,64) 18
(10,64) (9,64) 23
(1,65) (2,65) 67
(2,65) (1,65) 54
(2,65) (3,65) 49
(3,65) (2,65) 55
(3,65) (4,65) 81
(4,65) (3,65) 27
(4,65) (5,65) 15
(5,65) (4,65) 39
(5,65) (6,65) 48
(6,65) (5,65) 60
(6,65) (7,65) 90
(7,65) (6,65) 104
(7,65) (8,65) 9
(8,65) (7,65) 18
(8,65) (9,65) 11
(9,65) (8,65) 86
(9,65) (10,65) 91
(10,65) (9,65) 51
(1,66) (2,66) 54
(2,66) (1,66) 9
(2,66) (3,66) 24
(3,66) (2,66) 15
(3,66) (4,66) 74
(4,66) (3,66) 81
(4,66) (5,66) 48
(5,66) (4,66) 60
(5,66) (6,66) 33
(6,66) (5,66) 102
(6,66) (7,66) 57
(7,66) (6,66) 13
(7,66) (8,66) 11
(8,66) (7,66) 32
(8,66) (9,66) 65
(9,66) (8,66) 91
(9,66) (10,66) 53
(10,66) (9,66) 48
(1,67) (2,67) 26
(2,67) (1,67) 89
(2,67) (3,67) 14
(3,67) (2,67) 24
(3,67) (4,67) 88
(4,67) (3,67) 42
(4,67) (5,67) 70
(5,67) (4,67) 18
(5,67) (6,67) 19
(6,67) (5,67) 45
(6,67) (7,67) 65
(7,67) (6,67) 17
(7,67) (8,67) 54
(8,67) (7,67) 37
(8,67) (9,67) 71
(9,67) (8,67) 23
(9,67) (10,67) 11
(10,67) (9,67) 59
(1,68) (2,68) 54
(2,68) (1,68) 27
(2,68) (3,68) 50
(3,68) (2,68) 9
(3,68) (4,68) 75
(4,68) (3,68) 47
(4,68) (5,68) 6
(5,68) (4,68) 21
(5,68) (6,68) 11
(6,68) (5,68) 22
(6,68) (7,68) 62
(7,68) (6,68) 55
(7,68) (8,68) 81
(8,68) (7,68) 53
(8,68) (9,68) 89
(9,68) (8,68) 12
(9,68) (10,68) 77
(10,68) (9,68) 99
(1,69) (2,69) 84
(2,69) (1,69) 104
(2,69) (3,69) 71
(3,69) (2,69) 72
(3,69) (4,69) 21
(4,69) (3,69) 47
(4,69) (5,69) 37
(5,69) (4,69) 55
(5,69) (6,69) 93
(6,69) (5,69) 80
(6,69) (7,69) 87
(7,69) (6,69) 12
(7,69) (8,69) 36
(8,69) (7,69) 46
(8,69) (9,69) 33
(9,69) (8,69) 73
(9,69) (10,69) 45
(10,69) (9,69) 97
(1,70) (2,70) 88
(2,70) (1,70) 79
(2,70) (3,70) 10
(3,70) (2,70) 57
(3,70) (4,70) 35
(4,70) (3,70) 81
(4,70) (5,70) 77
(5,70) (4,70) 15
(5,70) (6,70) 86
(6,70) (5,70) 5
(6,70) (7,70) 36
(7,70) (6,70) 57
(7,70) (8,70) 72
(8,70) (7,70) 93
(8,70) (9,70) 71
(9,70) (8,70) 82
(9,70) (10,70) 89
(10,70) (9,70) 94
(1,71) (2,71) 84
(2,71) (1,71) 75
(2,71) (3,71) 90
(3,71) (2,71) 95
(3,71) (4,71) 21
(4,71) (3,71) 81
(4,71) (5,71) 97
(5,71) (4,71) 69
(5,71) (6,71) 62
(6,71) (5,71) 21
(6,71) (7,71) 6
(7,71) (6,71) 18
(7,71) (8,71) 78
(8,71) (7,71) 95
(8,71) (9,71) 41
(9,71) (8,71) 53
(9,71) (10,71) 76
(10,71) (9,71) 63
(1,72) (2,72) 59
(2,72) (1,72) 57
(2,72) (3,72) 79
(3,72) (2,72) 77
(3,72) (4,72) 90
(4,72) (3,72) 21
(4,72) (5,72) 38
(5,72) (4,72) 91
(5,72) (6,72) 64
(6,72) (5,72) 80
(6,72) (7,72) 63
(7,72) (6,72) 65
(7,72) (8,72) 28
(8,72) (7,72) 65
(8,72) (9,72) 22
(9,72) (8,72) 38
(9,72) (10,72) 85
(10,72) (9,72) 15
(1,73) (2,73) 94
(2,73) (1,73) 22
(2,73) (3,73) 65
(3,73) (2,73) 88
(3,73) (4,73) 74
(4,73) (3,73) 88
(4,73) (5,73) 10
(5,73) (4,73) 12
(5,73) (6,73) 41
(6,73) (5,73) 99
(6,73) (7,73) 40
(7,73) (6,73) 69
(7,73) (8,73) 52
(8,73) (7,73) 76
(8,73) (9,73) 50
(9,73) (8,73) 77
(9,73) (10,73) 72
(10,73) (9,73) 11
(1,74) (2,74) 15
(2,74) (1,74) 20
(2,74) (3,74) 104
(3,74) (2,74) 43
(3,74) (4,74) 89
(4,74) (3,74) 81
(4,74) (5,74) 54
(5,74) (4,74) 95
(5,74) (6,74) 100
(6,74) (5,74) 104
(6,74) (7,74) 93
(7,74) (6,74) 56
(7,74) (8,74) 21
(8,74) (7,74) 42
(8,74) (9,74) 104
(9,74) (8,74) 37
(9,74) (10,74) 7
(10,74) (9,74) 36
(1,75) (2,75) 10
(2,75) (1,75) 63
(2,75) (3,75) 16
(3,75) (2,75) 9
(3,75) (4,75) 101
(4,75) (3,75) 53
(4,75) (5,75) 58
(5,75) (4,75) 12
(5,75) (6,75) 23
(6,75) (5,75) 83
(6,75) (7,75) 64
(7,75) (6,75) 23
(7,75) (8,75) 87
(8,75) (7,75) 87
(8,75) (9,75) 63
(9,75) (8,75) 67
(9,75) (10,75) 73
(10,75) (9,75) 9
(1,76) (2,76) 102
(2,76) (1,76) 40
(2,76) (3,76) 53
(3,76) (2,76) 26
(3,76) (4,76) 25
(4,76) (3,76) 87
(4,76) (5,76) 17
(5,76) (4,76) 20
(5,76) (6,76) 39
(6,76) (5,76) 71
(6,76) (7,76) 46
(7,76) (6,76) 101
(7,76) (8,76) 103
(8,76) (7,76) 10
(8,76) (9,76) 80
(9,76) (8,76) 57
(9,76) (10,76) 93
(10,76) (9,76) 10
(1,77) (2,77) 84
(2,77) (1,77) 17
(2,77) (3,77) 59
(3,77) (2,77) 61
(3,77) (4,77) 67
(4,77) (3,77) 94
(4,77) (5,77) 18
(5,77) (4,77) 49
(5,77) (6,77) 34
(6,77) (5,77) 23
(6,77) (7,77) 92
(7,77) (6,77) 89
(7,77) (8,77) 57
(8,77) (7,77) 25
(8,77) (9,77) 31
(9,77) (8,77) 20
(9,77) (10,77) 51
(10,77) (9,77) 45
(1,78) (2,78) 47
(2,78) (1,78) 39
(2,78) (3,78) 104
(3,78) (2,78) 35
(3,78) (4,78) 26
(4,78) (3,78) 67
(4,78) (5,78) 38
(5,78) (4,78) 90
(5,78) (6,78) 65
(6,78) (5,78) 69
(6,78) (7,78) 35
(7,78) (6,78) 43
(7,78) (8,78) 33
(8,78) (7,78) 56
(8,78) (9,78) 100
(9,78) (8,78) 28
(9,78) (10,78) 19
(10,78) (9,78) 45
(1,79) (2,79) 59
(2,79) (1,79) 62
(2,79) (3,79) 28
(3,79) (2,79) 60
(3,79) (4,79) 51
(4,79) (3,79) 11
(4,79) (5,79) 8
(5,79) (4,79) 94
(5,79) (6,79) 52
(6,79) (5,79) 62
(6,79) (7,79) 69
(7,79) (6,79) 15
(7,79) (8,79) 34
(8,79) (7,79) 88
(8,79) (9,79) 11
(9,79) (8,79) 80
(9,79) (10,79) 12
(10,79) (9,79) 93
(1,80) (2,80) 99
(2,80) (1,80) 7
(2,80) (3,80) 82
(3,80) (2,80) 96
(3,80) (4,80) 85
(4,80) (3,80) 102
(4,80) (5,80) 36
(5,80) (4,80) 96
(5,80) (6,80) 98
(6,80) (5,80) 61
(6,80) (7,80) 70
(7,80) (6,80) 104
(7,80) (8,80) 46
(8,80) (7,80) 79
(8,80) (9,80) 76
(9,80) (8,80) 99
(9,80) (10,80) 93
(10,80) (9,80) 89
(1,81) (2,81) 23
(2,81) (1,81) 17
(2,81) (3,81) 45
(3,81) (2,81) 75
(3,81) (4,81) 11
(4,81) (3,81) 49
(4,81) (5,81) 40
(5,81) (4,81) 56
(5,81) (6,81) 68
(6,81) (5,81) 95
(6,81) (7,81) 35
(7,81) (6,81) 72
(7,81) (8,81) 100
(8,81) (7,81) 57
(8,81) (9,81) 34
(9,81) (8,81) 101
(9,81) (10,81) 19
(10,81) (9,81) 67
(1,82) (2,82) 23
(2,82) (1,82) 64
(2,82) (3,82) 9
(3,82) (2,82) 78
(3,82) (4,82) 87
(4,82) (3,82) 94
(4,82) (5,82) 18
(5,82) (4,82) 63
(5,82) (6,82) 41
(6,82) (5,82) 35
(6,82) (7,82) 72
(7,82) (6,82) 56
(7,82) (8,82) 22
(8,82) (7,82) 18
(8,82) (9,82) 98
(9,82) (8,82) 86
(9,82) (10,82) 102
(10,82) (9,82) 59
(1,83) (2,83) 9
(2,83) (1,83) 45
(2,83) (3,83) 55
(3,83) (2,83) 22
(3,83) (4,83) 94
(4,83) (3,83) 35
(4,83) (5,83) 100
(5,83) (4,83) 66
(5,83) (6,83) 16
(6,83) (5,83) 80
(6,83) (7,83) 6
(7,83) (6,83) 18
(7,83) (8,83) 80
(8,83) (7,83) 56
(8,83) (9,83) 36
(9,83) (8,83) 55
(9,83) (10,83) 65
(10,83) (9,83) 82
(1,84) (2,84) 54
(2,84) (1,84) 7
(2,84) (3,84) 39
(3,84) (2,84) 60
(3,84) (4,84) 46
(4,84) (3,84) 102
(4,84) (5,84) 34
(5,84) (4,84) 70
(5,84) (6,84) 62
(6,84) (5,84) 56
(6,84) (7,84) 59
(7,84) (6,84) 75
(7,84) (8,84) 26
(8,84) (7,84) 91
(8,84) (9,84) 42
(9,84) (8,84) 95
(9,84) (10,84) 31
(10,84) (9,84) 82
(1,85) (2,85) 44
(2,85) (1,85) 70
(2,85) (3,85) 6
(3,85) (2,85) 39
(3,85) (4,85) 45
(4,85) (3,85) 38
(4,85) (5,85) 55
(5,85) (4,85) 90
(5,85) (6,85) 31
(6,85) (5,85) 34
(6,85) (7,85) 42
(7,85) (6,85) 12
(7,85) (8,85) 49
(8,85) (7,85) 27
(8,85) (9,85) 19
(9,85) (8,85) 40
(9,85) (10,85) 34
(10,85) (9,85) 95
(1,86) (2,86) 66
(2,86) (1,86) 31
(2,86) (3,86) 54
(3,86) (2,86) 64
(3,86) (4,86) 38
(4,86) (3,86) 27
(4,86) (5,86) 12
(5,86) (4,86) 67
(5,86) (6,86) 71
(6,86) (5,86) 74
(6,86) (7,86) 10
(7,86) (6,86) 95
(7,86) (8,86) 15
(8,86) (7,86) 57
(8,86) (9,86) 94
(9,86) (8,86) 14
(9,86) (10,86) 10
(10,86) (9,86) 33
(1,87) (2,87) 62
(2,87) (1,87) 6
(2,87) (3,87) 102
(3,87) (2,87) 101
(3,87) (4,87) 6
(4,87) (3,87) 20
(4,87) (5,87) 38
(5,87) (4,87) 98
(5,87) (6,87) 98
(6,87) (5,87) 83
(6,87) (7,87) 27
(7,87) (6,87) 104
(7,87) (8,87) 43
(8,87) (7,87) 104
(8,87) (9,87) 49
(9,87) (8,87) 55
(9,87) (10,87) 8
(10,87) (9,87) 15
(1,88) (2,88) 57
(2,88) (1,88) 31
(2,88) (3,88) 59
(3,88) (2,88) 65
(3,88) (4,88) 12
(4,88) (3,88) 32
(4,88) (5,88) 94
(5,88) (4,88) 25
(5,88) (6,88) 60
(6,88) (5,88) 77
(6,88) (7,88) 71
(7,88) (6,88) 6
(7,88) (8,88) 98
(8,88) (7,88) 91
(8,88) (9,88) 19
(9,88) (8,88) 33
(9,88) (10,88) 67
(10,88) (9,88) 27
(1,89) (2,89) 94
(2,89) (1,89) 84
(2,89) (3,89) 80
(3,89) (2,89) 54
(3,89) (4,89) 49
(4,89) (3,89) 95
(4,89) (5,89) 82
(5,89) (4,89) 29
(5,89) (6,89) 22
(6,89) (5,89) 104
(6,89) (7,89) 44
(7,89) (6,89) 13
(7,89) (8,89) 21
(8,89) (7,89) 91
(8,89) (9,89) 56
(9,89) (8,89) 43
(9,89) (10,89) 17
(10,89) (9,89) 60
(1,90) (2,90) 16
(2,90) (1,90) 86
(2,90) (3,90) 41
(3,90) (2,90) 64
(3,90) (4,90) 53
(4,90) (3,90) 67
(4,90) (5,90) 28
(5,90) (4,90) 81
(5,90) (6,90) 51
(6,90) (5,90) 98
(6,90) (7,90) 36
(7,90) (6,90) 67
(7,90) (8,90) 29
(8,90) (7,90) 99
(8,90) (9,90) 11
(9,90) (8,90) 53
(9,90) (10,90) 33
(10,90) (9,90) 91
(1,91) (2,91) 17
(2,91) (1,91) 94
(2,91) (3,91) 43
(3,91) (2,91) 70
(3,91) (4,91) 23
(4,91) (3,91) 69
(4,91) (5,91) 81
(5,91) (4,91) 41
(5,91) (6,91) 60
(6,91) (5,91) 24
(6,91) (7,91) 58
(7,91) (6,91) 29
(7,91) (8,91) 41
(8,91) (7,91) 73
(8,91) (9,91) 17
(9,91) (8,91) 91
(9,91) (10,91) 71
(10,91) (9,91) 100
(1,92) (2,92) 59
(2,92) (1,92) 7
(2,92) (3,92) 73
(3,92) (2,92) 26
(3,92) (4,92) 34
(4,92) (3,92) 5
(4,92) (5,92) 102
(5,92) (4,92) 31
(5,92) (6,92) 104
(6,92) (5,92) 79
(6,92) (7,92) 72
(7,92) (6,92) 84
(7,92) (8,92) 31
(8,92) (7,92) 53
(8,92) (9,92) 19
(9,92) (8,92) 33
(9,92) (10,92) 46
(10,92) (9,92) 50
(1,93) (2,93) 81
(2,93) (1,93) 29
(2,93) (3,93) 14
(3,93) (2,93) 16
(3,93) (4,93) 54
(4,93) (3,93) 29
(4,93) (5,93) 60
(5,93) (4,93) 92
(5,93) (6,93) 101
(6,93) (5,93) 33
(6,93) (7,93) 30
(7,93) (6,93) 8
(7,93) (8,93) 89
(8,93) (7,93) 83
(8,93) (9,93) 53
(9,93) (8,93) 37
(9,93) (10,93) 74
(10,93) (9,93) 6
(1,94) (2,94) 9
(2,94) (1,94) 17
(2,94) (3,94) 16
(3,94) (2,94) 98
(3,94) (4,94) 77
(4,94) (3,94) 86
(4,94) (5,94) 99
(5,94) (4,94) 7
(5,94) (6,94) 11
(6,94) (5,94) 69
(6,94) (7,94) 86
(7,94) (6,94) 36
(7,94) (8,94) 84
(8,94) (7,94) 19
(8,94) (9,94) 41
(9,94) (8,94) 83
(9,94) (10,94) 89
(10,94) (9,94) 14
(1,95) (2,95) 89
(2,95) (1,95) 63
(2,95) (3,95) 37
(3,95) (2,95) 91
(3,95) (4,95) 35
(4,95) (3,95) 85
(4,95) (5,95) 35
(5,95) (4,95) 64
(5,95) (6,95) 90
(6,95) (5,95) 71
(6,95) (7,95) 24
(7,95) (6,95) 33
(7,95) (8,95) 55
(8,95) (7,95) 34
(8,95) (9,95) 54
(9,95) (8,95) 61
(9,95) (10,95) 14
(10,95) (9,95) 12
(1,96) (2,96) 64
(2,96) (1,96) 95
(2,96) (3,96) 34
(3,96) (2,96) 84
(3,96) (4,96) 42
(4,96) (3,96) 74
(4,96) (5,96) 82
(5,96) (4,96) 18
(5,96) (6,96) 65
(6,96) (5,96) 67
(6,96) (7,96) 91
(7,96) (6,96) 91
(7,96) (8,96) 40
(8,96) (7,96) 73
(8,96) (9,96) 99
(9,96) (8,96) 53
(9,96) (10,96) 78
(10,96) (9,96) 84
(1,97) (2,97) 76
(2,97) (1,97) 99
(2,97) (3,97) 88
(3,97) (2,97) 63
(3,97) (4,97) 54
(4,97) (3,97) 17
(4,97) (5,97) 24
(5,97) (4,97) 79
(5,97) (6,97) 83
(6,97) (5,97) 83
(6,97) (7,97) 99
(7,97) (6,97) 73
(7,97) (8,97) 85
(8,97) (7,97) 60
(8,97) (9,97) 100
(9,97) (8,97) 67
(9,97) (10,97) 90
(10,97) (9,97) 74
(1,98) (2,98) 86
(2,98) (1,98) 13
(2,98) (3,98) 63
(3,98) (2,98) 92
(3,98) (4,98) 76
(4,98) (3,98) 83
(4,98) (5,98) 91
(5,98) (4,98) 33
(5,98) (6,98) 93
(6,98) (5,98) 87
(6,98) (7,98) 96
(7,98) (6,98) 76
(7,98) (8,98) 39
(8,98) (7,98) 61
(8,98) (9,98) 20
(9,98) (8,98) 101
(9,98) (10,98) 17
(10,98) (9,98) 82
(1,99) (2,99) 25
(2,99) (1,99) 12
(2,99) (3,99) 24
(3,99) (2,99) 46
(3,99) (4,99) 95
(4,99) (3,99) 104
(4,99) (5,99) 42
(5,99) (4,99) 18
(5,99) (6,99) 88
(6,99) (5,99) 51
(6,99) (7,99) 34
(7,99) (6,99) 103
(7,99) (8,99) 42
(8,99) (7,99) 20
(8,99) (9,99) 20
(9,99) (8,99) 29
(9,99) (10,99) 85
(10,99) (9,99) 90
(1,100) (2,100) 22
(2,100) (1,100) 59
(2,100) (3,100) 12
(3,100) (2,100) 37
(3,100) (4,100) 42
(4,100) (3,100) 20
(4,100) (5,100) 82
(5,100) (4,100) 72
(5,100) (6,100) 23
(6,100) (5,100) 35
(6,100) (7,100) 18
(7,100) (6,100) 86
(7,100) (8,100) 38
(8,100) (7,100) 56
(8,100) (9,100) 12
(9,100) (8,100) 45
(9,100) (10,100) 24
(10,100) (9,100) 44
(1,100) t 95
(2,100) t 17
(3,100) t 13
(4,100) t 59
(5,100) t 91
(6,100) t 29
(7,100) t 85
(8,100) t 49
(9,100) t 68
(10,100) t 9
