s (1,1) 105
s (2,1) 148
s (3,1) 134
s (4,1) 151
s (5,1) 114
s (6,1) 142
s (7,1) 163
s (8,1) 178
s (9,1) 175
s (10,1) 117
(1,1) (1,2) 137
(2,1) (2,2) 122
(3,1) (3,2) 145
(4,1) (4,2) 158
(5,1) (5,2) 189
(6,1) (6,2) 132
(7,1) (7,2) 125
(8,1) (8,2) 152
(9,1) (9,2) 112
(10,1) (10,2) 191
(1,2) (1,3) 158
(2,2) (2,3) 150
(3,2) (3,3) 109
(4,2) (4,3) 159
(5,2) (5,3) 134
(6,2) (6,3) 185
(7,2) (7,3) 163
(8,2) (8,3) 171
(9,2) (9,3) 130
(10,2) (10,3) 169
(1,3) (1,4) 106
(2,3) (2,4) 175
(3,3) (3,4) 101
(4,3) (4,4) 191
(5,3) (5,4) 109
(6,3) (6,4) 164
(7,3) (7,4) 117
(8,3) (8,4) 111
(9,3) (9,4) 150
(10,3) (10,4) 180
(1,4) (1,5) 159
(2,4) (2,5) 119
(3,4) (3,5) 147
(4,4) (4,5) 136
(5,4) (5,5) 101
(6,4) (6,5) 164
(7,4) (7,5) 162
(8,4) (8,5) 97
(9,4) (9,5) 117
(10,4) (10,5) 107
(1,5) (1,6) 112
(2,5) (2,6) 103
(3,5) (3,6) 152
(4,5) (4,6) 117
(5,5) (5,6) 166
(6,5) (6,6) 180
(7,5) (7,6) 108
(8,5) (8,6) 120
(9,5) (9,6) 176
(10,5) (10,6) 164
(1,6) (1,7) 152
(2,6) (2,7) 132
(3,6) (3,7) 143
(4,6) (4,7) 155
(5,6) (5,7) 147
(6,6) (6,7) 102
(7,6) (7,7) 183
(8,6) (8,7) 152
(9,6) (9,7) 176
(10,6) (10,7) 156
(1,7) (1,8) 154
(2,7) (2,8) 117
(3,7) (3,8) 132
(4,7) (4,8) 99
(5,7) (5,8) 192
(6,7) (6,8) 136
(7,7) (7,8) 149
(8,7) (8,8) 135
(9,7) (9,8) 156
(10,7) (10,8) 180
(1,8) (1,9) 192
(2,8) (2,9) 148
(3,8) (3,9) 188
(4,8) (4,9) 183
(5,8) (5,9) 111
(6,8) (6,9) 142
(7,8) (7,9) 146
(8,8) (8,9) 101
(9,8) (9,9) 110
(10,8) (10,9) 106
(1,9) (1,10) 95
(2,9) (2,10) 137
(3,9) (3,10) 171
(4,9) (4,10) 176
(5,9) (5,10) 120
(6,9) (6,10) 155
(7,9) (7,10) 180
(8,9) (8,10) 181
(9,9) (9,10) 95
(10,9) (10,10) 116
(1,10) (1,11) 129
(2,10) (2,11) 151
(3,10) (3,11) 159
(4,10) (4,11) 107
(5,10) (5,11) 163
(6,10) (6,11) 172
(7,10) (7,11) 194
(8,10) (8,11) 115
(9,10) (9,11) 157
(10,10) (10,11) 168
(1,11) (1,12) 157
(2,11) (2,12) 103
(3,11) (3,12) 109
(4,11) (4,12) 183
(5,11) (5,12) 173
(6,11) (6,12) 118
(7,11) (7,12) 179
(8,11) (8,12) 178
(9,11) (9,12) 169
(10,11) (10,12) 126
(1,12) (1,13) 123
(2,12) (2,13) 167
(3,12) (3,13) 131
(4,12) (4,13) 150
(5,12) (5,13) 192
(6,12) (6,13) 112
(7,12) (7,13) 97
(8,12) (8,13) 145
(9,12) (9,13) 190
(10,12) (10,13) 129
(1,13) (1,14) 98
(2,13) (2,14) 123
(3,13) (3,14) 133
(4,13) (4,14) 190
(5,13) (5,14) 142
(6,13) (6,14) 152
(7,13) (7,14) 135
(8,13) (8,14) 99
(9,13) (9,14) 166
(10,13) (10,14) 112
(1,14) (1,15) 165
(2,14) (2,15) 143
(3,14) (3,15) 176
(4,14) (4,15) 185
(5,14) (5,15) 181
(6,14) (6,15) 156
(7,14) (7,15) 95
(8,14) (8,15) 156
(9,14) (9,15) 120
(10,14) (10,15) 165
(1,15) (1,16) 99
(2,15) (2,16) 123
(3,15) (3,16) 147
(4,15) (4,16) 96
(5,15) (5,16) 117
(6,15) (6,16) 152
(7,15) (7,16) 108
(8,15) (8,16) 119
(9,15) (9,16) 143
(10,15) (10,16) 175
(1,16) (1,17) 193
(2,16) (2,17) 145
(3,16) (3,17) 111
(4,16) (4,17) 115
(5,16) (5,17) 107
(6,16) (6,17) 101
(7,16) (7,17) 137
(8,16) (8,17) 142
(9,16) (9,17) 185
(10,16) (10,17) 194
(1,17) (1,18) 135
(2,17) (2,18) 192
(3,17) (3,18) 192
(4,17) (4,18) 100
(5,17) (5,18) 133
(6,17) (6,18) 101
(7,17) (7,18) 179
(8,17) (8,18) 140
(9,17) (9,18) 157
(10,17) (10,18) 110
(1,18) (1,19) 138
(2,18) (2,19) 127
(3,18) (3,19) 161
(4,18) (4,19) 172
(5,18) (5,19) 123
(6,18) (6,19) 191
(7,18) (7,19) 161
(8,18) (8,19) 99
(9,18) (9,19) 177
(10,18) (10,19) 162
(1,19) (1,20) 164
(2,19) (2,20) 187
(3,19) (3,20) 179
(4,19) (4,20) 121
(5,19) (5,20) 160
(6,19) (6,20) 148
(7,19) (7,20) 161
(8,19) (8,20) 134
(9,19) (9,20) 182
(10,19) (10,20) 163
(1,20) (1,21) 140
(2,20) (2,21) 163
(3,20) (3,21) 155
(4,20) (4,21) 98
(5,20) (5,21) 184
(6,20) (6,21) 174
(7,20) (7,21) 132
(8,20) (8,21) 113
(9,20) (9,21) 148
(10,20) (10,21) 162
(1,21) (1,22) 124
(2,21) (2,22) 168
(3,21) (3,22) 132
(4,21) (4,22) 151
(5,21) (5,22) 182
(6,21) (6,22) 193
(7,21) (7,22) 158
(8,21) (8,22) 151
(9,21) (9,22) 126
(10,21) (10,22) 102
(1,22) (1,23) 188
(2,22) (2,23) 181
(3,22) (3,23) 166
(4,22) (4,23) 160
(5,22) (5,23) 147
(6,22) (6,23) 166
(7,22) (7,23) 118
(8,22) (8,23) 111
(9,22) (9,23) 170
(10,22) (10,23) 187
(1,23) (1,24) 160
(2,23) (2,24) 186
(3,23) (3,24) 165
(4,23) (4,24) 146
(5,23) (5,24) 150
(6,23) (6,24) 115
(7,23) (7,24) 171
(8,23) (8,24) 178
(9,23) (9,24) 125
(10,23) (10,24) 184
(1,24) (1,25) 183
(2,24) (2,25) 158
(3,24) (3,25) 120
(4,24) (4,25) 97
(5,24) (5,25) 184
(6,24) (6,25) 143
(7,24) (7,25) 122
(8,24) (8,25) 102
(9,24) (9,25) 137
(10,24) (10,25) 129
(1,25) (1,26) 133
(2,25) (2,26) 150
(3,25) (3,26) 109
(4,25) (4,26) 139
(5,25) (5,26) 112
(6,25) (6,26) 194
(7,25) (7,26) 134
(8,25) (8,26) 127
(9,25) (9,26) 156
(10,25) (10,26) 191
(1,26) (1,27) 174
(2,26) (2,27) 193
(3,26) (3,27) 123
(4,26) (4,27) 154
(5,26) (5,27) 119
(6,26) (6,27) 97
(7,26) (7,27) 137
(8,26) (8,27) 150
(9,26) (9,27) 135
(10,26) (10,27) 188
(1,27) (1,28) 140
(2,27) (2,28) 182
(3,27) (3,28) 116
(4,27) (4,28) 160
(5,27) (5,28) 180
(6,27) (6,28) 118
(7,27) (7,28) 153
(8,27) (8,28) 173
(9,27) (9,28) 121
(10,27) (10,28) 179
(1,28) (1,29) 179
(2,28) (2,29) 155
(3,28) (3,29) 122
(4,28) (4,29) 174
(5,28) (5,29) 160
(6,28) (6,29) 130
(7,28) (7,29) 190
(8,28) (8,29) 160
(9,28) (9,29) 102
(10,28) (10,29) 156
(1,29) (1,30) 132
(2,29) (2,30) 173
(3,29) (3,30) 128
(4,29) (4,30) 184
(5,29) (5,30) 163
(6,29) (6,30) 97
(7,29) (7,30) 194
(8,29) (8,30) 142
(9,29) (9,30) 120
(10,29) (10,30) 144
(1,30) (1,31) 118
(2,30) (2,31) 120
(3,30) (3,31) 142
(4,30) (4,31) 190
(5,30) (5,31) 108
(6,30) (6,31) 145
(7,30) (7,31) 181
(8,30) (8,31) 134
(9,30) (9,31) 162
(10,30) (10,31) 137
(1,31) (1,32) 183
(2,31) (2,32) 184
(3,31) (3,32) 129
(4,31) (4,32) 144
(5,31) (5,32) 132
(6,31) (6,32) 183
(7,31) (7,32) 133
(8,31) (8,32) 108
(9,31) (9,32) 140
(10,31) (10,32) 112
(1,32) (1,33) 171
(2,32) (2,33) 113
(3,32) (3,33) 131
(4,32) (4,33) 117
(5,32) (5,33) 145
(6,32) (6,33) 112
(7,32) (7,33) 172
(8,32) (8,33) 146
(9,32) (9,33) 138
(10,32) (10,33) 180
(1,33) (1,34) 143
(2,33) (2,34) 177
(3,33) (3,34) 138
(4,33) (4,34) 125
(5,33) (5,34) 134
(6,33) (6,34) 114
(7,33) (7,34) 162
(8,33) (8,34) 184
(9,33) (9,34) 111
(10,33) (10,34) 166
(1,34) (1,35) 104
(2,34) (2,35) 129
(3,34) (3,35) 181
(4,34) (4,35) 138
(5,34) (5,35) 158
(6,34) (6,35) 152
(7,34) (7,35) 116
(8,34) (8,35) 128
(9,34) (9,35) 171
(10,34) (10,35) 126
(1,35) (1,36) 194
(2,35) (2,36) 97
(3,35) (3,36) 180
(4,35) (4,36) 99
(5,35) (5,36) 108
(6,35) (6,36) 130
(7,35) (7,36) 158
(8,35) (8,36) 109
(9,35) (9,36) 95
(10,35) (10,36) 124
(1,36) (1,37) 109
(2,36) (2,37) 191
(3,36) (3,37) 173
(4,36) (4,37) 160
(5,36) (5,37) 121
(6,36) (6,37) 109
(7,36) (7,37) 124
(8,36) (8,37) 169
(9,36) (9,37) 187
(10,36) (10,37) 154
(1,37) (1,38) 177
(2,37) (2,38) 177
(3,37) (3,38) 128
(4,37) (4,38) 103
(5,37) (5,38) 133
(6,37) (6,38) 127
(7,37) (7,38) 122
(8,37) (8,38) 99
(9,37) (9,38) 142
(10,37) (10,38) 106
(1,38) (1,39) 156
(2,38) (2,39) 175
(3,38) (3,39) 165
(4,38) (4,39) 179
(5,38) (5,39) 133
(6,38) (6,39) 153
(7,38) (7,39) 185
(8,38) (8,39) 124
(9,38) (9,39) 133
(10,38) (10,39) 130
(1,39) (1,40) 150
(2,39) (2,40) 153
(3,39) (3,40) 192
(4,39) (4,40) 144
(5,39) (5,40) 183
(6,39) (6,40) 138
(7,39) (7,40) 160
(8,39) (8,40) 130
(9,39) (9,40) 128
(10,39) (10,40) 179
(1,40) (1,41) 169
(2,40) (2,41) 185
(3,40) (3,41) 104
(4,40) (4,41) 96
(5,40) (5,41) 144
(6,40) (6,41) 105
(7,40) (7,41) 137
(8,40) (8,41) 96
(9,40) (9,41) 162
(10,40) (10,41) 138
(1,41) (1,42) 101
(2,41) (2,42) 176
(3,41) (3,42) 107
(4,41) (4,42) 109
(5,41) (5,42) 107
(6,41) (6,42) 122
(7,41) (7,42) 159
(8,41) (8,42) 119
(9,41) (9,42) 127
(10,41) (10,42) 104
(1,42) (1,43) 179
(2,42) (2,43) 172
(3,42) (3,43) 135
(4,42) (4,43) 160
(5,42) (5,43) 173
(6,42) (6,43) 130
(7,42) (7,43) 193
(8,42) (8,43) 158
(9,42) (9,43) 95
(10,42) (10,43) 173
(1,43) (1,44) 158
(2,43) (2,44) 164
(3,43) (3,44) 123
(4,43) (4,44) 183
(5,43) (5,44) 108
(6,43) (6,44) 102
(7,43) (7,44) 157
(8,43) (8,44) 117
(9,43) (9,44) 176
(10,43) (10,44) 105
(1,44) (1,45) 185
(2,44) (2,45) 104
(3,44) (3,45) 150
(4,44) (4,45) 131
(5,44) (5,45) 123
(6,44) (6,45) 162
(7,44) (7,45) 174
(8,44) (8,45) 126
(9,44) (9,45) 185
(10,44) (10,45) 166
(1,45) (1,46) 149
(2,45) (2,46) 102
(3,45) (3,46) 128
(4,45) (4,46) 139
(5,45) (5,46) 125
(6,45) (6,46) 153
(7,45) (7,46) 159
(8,45) (8,46) 125
(9,45) (9,46) 146
(10,45) (10,46) 160
(1,46) (1,47) 150
(2,46) (2,47) 141
(3,46) (3,47) 130
(4,46) (4,47) 124
(5,46) (5,47) 127
(6,46) (6,47) 131
(7,46) (7,47) 164
(8,46) (8,47) 188
(9,46) (9,47) 191
(10,46) (10,47) 131
(1,47) (1,48) 122
(2,47) (2,48) 123
(3,47) (3,48) 143
(4,47) (4,48) 102
(5,47) (5,48) 192
(6,47) (6,48) 174
(7,47) (7,48) 109
(8,47) (8,48) 139
(9,47) (9,48) 145
(10,47) (10,48) 179
(1,48) (1,49) 159
(2,48) (2,49) 140
(3,48) (3,49) 97
(4,48) (4,49) 181
(5,48) (5,49) 112
(6,48) (6,49) 102
(7,48) (7,49) 136
(8,48) (8,49) 180
(9,48) (9,49) 107
(10,48) (10,49) 118
(1,49) (1,50) 139
(2,49) (2,50) 177
(3,49) (3,50) 112
(4,49) (4,50) 136
(5,49) (5,50) 149
(6,49) (6,50) 167
(7,49) (7,50) 133
(8,49) (8,50) 118
(9,49) (9,50) 165
(10,49) (10,50) 142
(1,50) (1,51) 154
(2,50) (2,51) 117
(3,50) (3,51) 147
(4,50) (4,51) 144
(5,50) (5,51) 121
(6,50) (6,51) 118
(7,50) (7,51) 113
(8,50) (8,51) 186
(9,50) (9,51) 174
(10,50) (10,51) 116
(1,51) (1,52) 148
(2,51) (2,52) 109
(3,51) (3,52) 114
(4,51) (4,52) 167
(5,51) (5,52) 128
(6,51) (6,52) 194
(7,51) (7,52) 139
(8,51) (8,52) 163
(9,51) (9,52) 180
(10,51) (10,52) 125
(1,52) (1,53) 108
(2,52) (2,53) 163
(3,52) (3,53) 144
(4,52) (4,53) 165
(5,52) (5,53) 103
(6,52) (6,53) 148
(7,52) (7,53) 193
(8,52) (8,53) 185
(9,52) (9,53) 149
(10,52) (10,53) 106
(1,53) (1,54) 167
(2,53) (2,54) 114
(3,53) (3,54) 126
(4,53) (4,54) 161
(5,53) (5,54) 123
(6,53) (6,54) 126
(7,53) (7,54) 170
(8,53) (8,54) 134
(9,53) (9,54) 154
(10,53) (10,54) 131
(1,54) (1,55) 164
(2,54) (2,55) 149
(3,54) (3,55) 107
(4,54) (4,55) 96
(5,54) (5,55) 129
(6,54) (6,55) 143
(7,54) (7,55) 117
(8,54) (8,55) 168
(9,54) (9,55) 133
(10,54) (10,55) 128
(1,55) (1,56) 150
(2,55) (2,56) 184
(3,55) (3,56) 175
(4,55) (4,56) 155
(5,55) (5,56) 192
(6,55) (6,56) 131
(7,55) (7,56) 98
(8,55) (8,56) 130
(9,55) (9,56) 160
(10,55) (10,56) 122
(1,56) (1,57) 96
(2,56) (2,57) 153
(3,56) (3,57) 101
(4,56) (4,57) 187
(5,56) (5,57) 126
(6,56) (6,57) 136
(7,56) (7,57) 155
(8,56) (8,57) 119
(9,56) (9,57) 143
(10,56) (10,57) 109
(1,57) (1,58) 130
(2,57) (2,58) 116
(3,57) (3,58) 140
(4,57) (4,58) 109
(5,57) (5,58) 187
(6,57) (6,58) 96
(7,57) (7,58) 101
(8,57) (8,58) 98
(9,57) (9,58) 181
(10,57) (10,58) 120
(1,58) (1,59) 185
(2,58) (2,59) 138
(3,58) (3,59) 144
(4,58) (4,59) 149
(5,58) (5,59) 131
(6,58) (6,59) 127
(7,58) (7,59) 180
(8,58) (8,59) 108
(9,58) (9,59) 188
(10,58) (10,59) 146
(1,59) (1,60) 185
(2,59) (2,60) 146
(3,59) (3,60) 118
(4,59) (4,60) 95
(5,59) (5,60) 112
(6,59) (6,60) 95
(7,59) (7,60) 96
(8,59) (8,60) 166
(9,59) (9,60) 109
(10,59) (10,60) 152
(1,60) (1,61) 163
(2,60) (2,61) 104
(3,60) (3,61) 179
(4,60) (4,61) 169
(5,60) (5,61) 170
(6,60) (6,61) 109
(7,60) (7,61) 194
(8,60) (8,61) 117
(9,60) (9,61) 141
(10,60) (10,61) 190
(1,61) (1,62) 168
(2,61) (2,62) 129
(3,61) (3,62) 137
(4,61) (4,62) 165
(5,61) (5,62) 148
(6,61) (6,62) 163
(7,61) (7,62) 152
(8,61) (8,62) 161
(9,61) (9,62) 143
(10,61) (10,62) 111
(1,62) (1,63) 135
(2,62) (2,63) 95
(3,62) (3,63) 172
(4,62) (4,63) 97
(5,62) (5,63) 118
(6,62) (6,63) 118
(7,62) (7,63) 188
(8,62) (8,63) 142
(9,62) (9,63) 175
(10,62) (10,63) 151
(1,63) (1,64) 123
(2,63) (2,64) 166
(3,63) (3,64) 135
(4,63) (4,64) 142
(5,63) (5,64) 130
(6,63) (6,64) 107
(7,63) (7,64) 170
(8,63) (8,64) 169
(9,63) (9,64) 150
(10,63) (10,64) 111
(1,64) (1,65) 150
(2,64) (2,65) 143
(3,64) (3,65) 193
(4,64) (4,65) 168
(5,64) (5,65) 143
(6,64) (6,65) 172
(7,64) (7,65) 177
(8,64) (8,65) 133
(9,64) (9,65) 175
(10,64) (10,65) 139
(1,65) (1,66) 182
(2,65) (2,66) 137
(3,65) (3,66) 177
(4,65) (4,66) 115
(5,65) (5,66) 122
(6,65) (6,66) 115
(7,65) (7,66) 176
(8,65) (8,66) 104
(9,65) (9,66) 164
(10,65) (10,66) 114
(1,66) (1,67) 130
(2,66) (2,67) 138
(3,66) (3,67) 188
(4,66) (4,67) 108
(5,66) (5,67) 150
(6,66) (6,67) 95
(7,66) (7,67) 187
(8,66) (8,67) 114
(9,66) (9,67) 107
(10,66) (10,67) 165
(1,67) (1,68) 118
(2,67) (2,68) 166
(3,67) (3,68) 155
(4,67) (4,68) 163
(5,67) (5,68) 181
(6,67) (6,68) 188
(7,67) (7,68) 137
(8,67) (8,68) 121
(9,67) (9,68) 187
(10,67) (10,68) 108
(1,68) (1,69) 187
(2,68) (2,69) 104
(3,68) (3,69) 105
(4,68) (4,69) 129
(5,68) (5,69) 123
(6,68) (6,69) 140
(7,68) (7,69) 141
(8,68) (8,69) 121
(9,68) (9,69) 164
(10,68) (10,69) 112
(1,69) (1,70) 97
(2,69) (2,70) 148
(3,69) (3,70) 138
(4,69) (4,70) 128
(5,69) (5,70) 104
(6,69) (6,70) 109
(7,69) (7,70) 184
(8,69) (8,70) 163
(9,69) (9,70) 177
(10,69) (10,70) 181
(1,70) (1,71) 111
(2,70) (2,71) 164
(3,70) (3,71) 174
(4,70) (4,71) 159
(5,70) (5,71) 180
(6,70) (6,71) 176
(7,70) (7,71) 140
(8,70) (8,71) 190
(9,70) (9,71) 117
(10,70) (10,71) 150
(1,71) (1,72) 162
(2,71) (2,72) 173
(3,71) (3,72) 96
(4,71) (4,72) 181
(5,71) (5,72) 148
(6,71) (6,72) 96
(7,71) (7,72) 145
(8,71) (8,72) 115
(9,71) (9,72) 115
(10,71) (10,72) 129
(1,72) (1,73) 132
(2,72) (2,73) 167
(3,72) (3,73) 170
(4,72) (4,73) 194
(5,72) (5,73) 120
(6,72) (6,73) 97
(7,72) (7,73) 171
(8,72) (8,73) 191
(9,72) (9,73) 134
(10,72) (10,73) 143
(1,73) (1,74) 121
(2,73) (2,74) 184
(3,73) (3,74) 141
(4,73) (4,74) 116
(5,73) (5,74) 106
(6,73) (6,74) 168
(7,73) (7,74) 138
(8,73) (8,74) 161
(9,73) (9,74) 158
(10,73) (10,74) 173
(1,74) (1,75) 148
(2,74) (2,75) 123
(3,74) (3,75) 191
(4,74) (4,75) 156
(5,74) (5,75) 131
(6,74) (6,75) 156
(7,74) (7,75) 190
(8,74) (8,75) 158
(9,74) (9,75) 167
(10,74) (10,75) 160
(1,75) (1,76) 119
(2,75) (2,76) 128
(3,75) (3,76) 141
(4,75) (4,76) 111
(5,75) (5,76) 100
(6,75) (6,76) 172
(7,75) (7,76) 166
(8,75) (8,76) 113
(9,75) (9,76) 150
(10,75) (10,76) 140
(1,76) (1,77) 143
(2,76) (2,77) 157
(3,76) (3,77) 178
(4,76) (4,77) 189
(5,76) (5,77) 156
(6,76) (6,77) 147
(7,76) (7,77) 118
(8,76) (8,77) 138
(9,76) (9,77) 132
(10,76) (10,77) 174
(1,77) (1,78) 174
(2,77) (2,78) 122
(3,77) (3,78) 118
(4,77) (4,78) 106
(5,77) (5,78) 132
(6,77) (6,78) 153
(7,77) (7,78) 172
(8,77) (8,78) 188
(9,77) (9,78) 188
(10,77) (10,78) 162
(1,78) (1,79) 137
(2,78) (2,79) 126
(3,78) (3,79) 176
(4,78) (4,79) 138
(5,78) (5,79) 177
(6,78) (6,79) 194
(7,78) (7,79) 127
(8,78) (8,79) 141
(9,78) (9,79) 121
(10,78) (10,79) 180
(1,79) (1,80) 160
(2,79) (2,80) 122
(3,79) (3,80) 124
(4,79) (4,80) 156
(5,79) (5,80) 189
(6,79) (6,80) 141
(7,79) (7,80) 154
(8,79) (8,80) 134
(9,79) (9,80) 135
(10,79) (10,80) 169
(1,80) (1,81) 106
(2,80) (2,81) 112
(3,80) (3,81) 176
(4,80) (4,81) 193
(5,80) (5,81) 107
(6,80) (6,81) 194
(7,80) (7,81) 187
(8,80) (8,81) 164
(9,80) (9,81) 97
(10,80) (10,81) 161
(1,81) (1,82) 141
(2,81) (2,82) 100
(3,81) (3,82) 115
(4,81) (4,82) 162
(5,81) (5,82) 109
(6,81) (6,82) 172
(7,81) (7,82) 155
(8,81) (8,82) 132
(9,81) (9,82) 127
(10,81) (10,82) 150
(1,82) (1,83) 125
(2,82) (2,83) 105
(3,82) (3,83) 144
(4,82) (4,83) 116
(5,82) (5,83) 172
(6,82) (6,83) 113
(7,82) (7,83) 114
(8,82) (8,83) 127
(9,82) (9,83) 149
(10,82) (10,83) 120
(1,83) (1,84) 168
(2,83) (2,84) 134
(3,83) (3,84) 189
(4,83) (4,84) 170
(5,83) (5,84) 122
(6,83) (6,84) 157
(7,83) (7,84) 95
(8,83) (8,84) 174
(9,83) (9,84) 183
(10,83) (10,84) 137
(1,84) (1,85) 181
(2,84) (2,85) 172
(3,84) (3,85) 146
(4,84) (4,85) 125
(5,84) (5,85) 133
(6,84) (6,85) 120
(7,84) (7,85) 95
(8,84) (8,85) 184
(9,84) (9,85) 136
(10,84) (10,85) 99
(1,85) (1,86) 179
(2,85) (2,86) 98
(3,85) (3,86) 146
(4,85) (4,86) 169
(5,85) (5,86) 120
(6,85) (6,86) 165
(7,85) (7,86) 119
(8,85) (8,86) 186
(9,85) (9,86) 168
(10,85) (10,86) 168
(1,86) (1,87) 130
(2,86) (2,87) 119
(3,86) (3,87) 148
(4,86) (4,87) 191
(5,86) (5,87) 177
(6,86) (6,87) 192
(7,86) (7,87) 126
(8,86) (8,87) 118
(9,86) (9,87) 186
(10,86) (10,87) 143
(1,87) (1,88) 124
(2,87) (2,88) 97
(3,87) (3,88) 97
(4,87) (4,88) 152
(5,87) (5,88) 127
(6,87) (6,88) 141
(7,87) (7,88) 167
(8,87) (8,88) 180
(9,87) (9,88) 155
(10,87) (10,88) 187
(1,88) (1,89) 123
(2,88) (2,89) 153
(3,88) (3,89) 164
(4,88) (4,89) 146
(5,88) (5,89) 159
(6,88) (6,89) 152
(7,88) (7,89) 103
(8,88) (8,89) 179
(9,88) (9,89) 126
(10,88) (10,89) 98
(1,89) (1,90) 181
(2,89) (2,90) 103
(3,89) (3,90) 153
(4,89) (4,90) 153
(5,89) (5,90) 157
(6,89) (6,90) 117
(7,89) (7,90) 96
(8,89) (8,90) 98
(9,89) (9,90) 140
(10,89) (10,90) 181
(1,90) (1,91) 100
(2,90) (2,91) 117
(3,90) (3,91) 166
(4,90) (4,91) 154
(5,90) (5,91) 179
(6,90) (6,91) 105
(7,90) (7,91) 187
(8,90) (8,91) 155
(9,90) (9,91) 188
(10,90) (10,91) 190
(1,91) (1,92) 110
(2,91) (2,92) 178
(3,91) (3,92) 192
(4,91) (4,92) 129
(5,91) (5,92) 101
(6,91) (6,92) 113
(7,91) (7,92) 146
(8,91) (8,92) 158
(9,91) (9,92) 157
(10,91) (10,92) 185
(1,92) (1,93) 120
(2,92) (2,93) 105
(3,92) (3,93) 178
(4,92) (4,93) 137
(5,92) (5,93) 110
(6,92) (6,93) 183
(7,92) (7,93) 179
(8,92) (8,93) 185
(9,92) (9,93) 169
(10,92) (10,93) 121
(1,93) (1,94) 137
(2,93) (2,94) 130
(3,93) (3,94) 128
(4,93) (4,94) 123
(5,93) (5,94) 137
(6,93) (6,94) 117
(7,93) (7,94) 175
(8,93) (8,94) 187
(9,93) (9,94) 112
(10,93) (10,94) 107
(1,94) (1,95) 130
(2,94) (2,95) 153
(3,94) (3,95) 106
(4,94) (4,95) 191
(5,94) (5,95) 104
(6,94) (6,95) 115
(7,94) (7,95) 111
(8,94) (8,95) 184
(9,94) (9,95) 174
(10,94) (10,95) 114
(1,95) (1,96) 183
(2,95) (2,96) 175
(3,95) (3,96) 130
(4,95) (4,96) 152
(5,95) (5,96) 178
(6,95) (6,96) 181
(7,95) (7,96) 141
(8,95) (8,96) 177
(9,95) (9,96) 140
(10,95) (10,96) 161
(1,96) (1,97) 117
(2,96) (2,97) 172
(3,96) (3,97) 189
(4,96) (4,97) 176
(5,96) (5,97) 96
(6,96) (6,97) 154
(7,96) (7,97) 141
(8,96) (8,97) 138
(9,96) (9,97) 115
(10,96) (10,97) 119
(1,97) (1,98) 179
(2,97) (2,98) 102
(3,97) (3,98) 179
(4,97) (4,98) 174
(5,97) (5,98) 165
(6,97) (6,98) 132
(7,97) (7,98) 110
(8,97) (8,98) 164
(9,97) (9,98) 182
(10,97) (10,98) 162
(1,98) (1,99) 138
(2,98) (2,99) 105
(3,98) (3,99) 111
(4,98) (4,99) 125
(5,98) (5,99) 143
(6,98) (6,99) 110
(7,98) (7,99) 159
(8,98) (8,99) 165
(9,98) (9,99) 158
(10,98) (10,99) 98
(1,99) (1,100) 189
(2,99) (2,100) 147
(3,99) (3,100) 186
(4,99) (4,100) 156
(5,99) (5,100) 96
(6,99) (6,100) 164
(7,99) (7,100) 98
(8,99) (8,100) 103
(9,99) (9,100) 123
(10,99) (10,100) 146
(1,1) (2,1) 186
(2,1) (1,1) 116
(2,1) (3,1) 171
(3,1) (2,1) 184
(3,1) (4,1) 164
(4,1) (3,1) 177
(4,1) (5,1) 154
(5,1) (4,1) 111
(5,1) (6,1) 135
(6,1) (5,1) 115
(6,1) (7,1) 158
(7,1) (6,1) 172
(7,1) (8,1) 151
(8,1) (7,1) 183
(8,1) (9,1) 151
(9,1) (8,1) 135
(9,1) (10,1) 131
(10,1) (9,1) 147
(1,2) (2,2) 186
(2,2) (1,2) 181
(2,2) (3,2) 181
(3,2) (2,2) 120
(3,2) (4,2) 147
(4,2) (3,2) 105
(4,2) (5,2) 132
(5,2) (4,2) 155
(5,2) (6,2) 165
(6,2) (5,2) 133
(6,2) (7,2) 188
(7,2) (6,2) 187
(7,2) (8,2) 138
(8,2) (7,2) 163
(8,2) (9,2) 137
(9,2) (8,2) 150
(9,2) (10,2) 150
(10,2) (9,2) 136
(1,3) (2,3) 114
(2,3) (1,3) 122
(2,3) (3,3) 169
(3,3) (2,3) 170
(3,3) (4,3) 150
(4,3) (3,3) 168
(4,3) (5,3) 130
(5,3) (4,3) 102
(5,3) (6,3) 190
(6,3) (5,3) 168
(6,3) (7,3) 150
(7,3) (6,3) 104
(7,3) (8,3) 95
(8,3) (7,3) 183
(8,3) (9,3) 170
(9,3) (8,3) 162
(9,3) (10,3) 125
(10,3) (9,3) 185
(1,4) (2,4) 161
(2,4) (1,4) 105
(2,4) (3,4) 149
(3,4) (2,4) 147
(3,4) (4,4) 145
(4,4) (3,4) 96
(4,4) (5,4) 188
(5,4) (4,4) 141
(5,4) (6,4) 146
(6,4) (5,4) 179
(6,4) (7,4) 134
(7,4) (6,4) 170
(7,4) (8,4) 176
(8,4) (7,4) 103
(8,4) (9,4) 167
(9,4) (8,4) 160
(9,4) (10,4) 159
(10,4) (9,4) 159
(1,5) (2,5) 132
(2,5) (1,5) 168
(2,5) (3,5) 142
(3,5) (2,5) 159
(3,5) (4,5) 129
(4,5) (3,5) 168
(4,5) (5,5) 176
(5,5) (4,5) 130
(5,5) (6,5) 110
(6,5) (5,5) 191
(6,5) (7,5) 132
(7,5) (6,5) 131
(7,5) (8,5) 100
(8,5) (7,5) 134
(8,5) (9,5) 167
(9,5) (8,5) 109
(9,5) (10,5) 104
(10,5) (9,5) 163
(1,6) (2,6) 148
(2,6) (1,6) 128
(2,6) (3,6) 159
(3,6) (2,6) 124
(3,6) (4,6) 175
(4,6) (3,6) 148
(4,6) (5,6) 113
(5,6) (4,6) 163
(5,6) (6,6) 103
(6,6) (5,6) 176
(6,6) (7,6) 164
(7,6) (6,6) 153
(7,6) (8,6) 150
(8,6) (7,6) 144
(8,6) (9,6) 152
(9,6) (8,6) 122
(9,6) (10,6) 168
(10,6) (9,6) 111
(1,7) (2,7) 137
(2,7) (1,7) 142
(2,7) (3,7) 97
(3,7) (2,7) 176
(3,7) (4,7) 169
(4,7) (3,7) 110
(4,7) (5,7) 96
(5,7) (4,7) 97
(5,7) (6,7) 104
(6,7) (5,7) 146
(6,7) (7,7) 165
(7,7) (6,7) 103
(7,7) (8,7) 98
(8,7) (7,7) 128
(8,7) (9,7) 129
(9,7) (8,7) 114
(9,7) (10,7) 141
(10,7) (9,7) 139
(1,8) (2,8) 133
(2,8) (1,8) 128
(2,8) (3,8) 189
(3,8) (2,8) 109
(3,8) (4,8) 97
(4,8) (3,8) 140
(4,8) (5,8) 169
(5,8) (4,8) 187
(5,8) (6,8) 160
(6,8) (5,8) 144
(6,8) (7,8) 158
(7,8) (6,8) 146
(7,8) (8,8) 174
(8,8) (7,8) 135
(8,8) (9,8) 130
(9,8) (8,8) 187
(9,8) (10,8) 117
(10,8) (9,8) 182
(1,9) (2,9) 99
(2,9) (1,9) 116
(2,9) (3,9) 189
(3,9) (2,9) 104
(3,9) (4,9) 151
(4,9) (3,9) 151
(4,9) (5,9) 95
(5,9) (4,9) 186
(5,9) (6,9) 161
(6,9) (5,9) 156
(6,9) (7,9) 161
(7,9) (6,9) 161
(7,9) (8,9) 134
(8,9) (7,9) 139
(8,9) (9,9) 104
(9,9) (8,9) 113
(9,9) (10,9) 178
(10,9) (9,9) 188
(1,10) (2,10) 99
(2,10) (1,10) 98
(2,10) (3,10) 185
(3,10) (2,10) 131
(3,10) (4,10) 108
(4,10) (3,10) 110
(4,10) (5,10) 135
(5,10) (4,10) 192
(5,10) (6,10) 133
(6,10) (5,10) 163
(6,10) (7,10) 100
(7,10) (6,10) 163
(7,10) (8,10) 153
(8,10) (7,10) 184
(8,10) (9,10) 144
(9,10) (8,10) 114
(9,10) (10,10) 120
(10,10) (9,10) 139
(1,11) (2,11) 123
(2,11) (1,11) 135
(2,11) (3,11) 129
(3,11) (2,11) 117
(3,11) (4,11) 153
(4,11) (3,11) 129
(4,11) (5,11) 115
(5,11) (4,11) 118
(5,11) (6,11) 134
(6,11) (5,11) 136
(6,11) (7,11) 97
(7,11) (6,11) 105
(7,11) (8,11) 100
(8,11) (7,11) 193
(8,11) (9,11) 108
(9,11) (8,11) 163
(9,11) (10,11) 118
(10,11) (9,11) 108
(1,12) (2,12) 186
(2,12) (1,12) 112
(2,12) (3,12) 102
(3,12) (2,12) 153
(3,12) (4,12) 160
(4,12) (3,12) 166
(4,12) (5,12) 175
(5,12) (4,12) 186
(5,12) (6,12) 187
(6,12) (5,12) 182
(6,12) (7,12) 117
(7,12) (6,12) 166
(7,12) (8,12) 117
(8,12) (7,12) 95
(8,12) (9,12) 153
(9,12) (8,12) 179
(9,12) (10,12) 128
(10,12) (9,12) 178
(1,13) (2,13) 144
(2,13) (1,13) 123
(2,13) (3,13) 137
(3,13) (2,13) 156
(3,13) (4,13) 181
(4,13) (3,13) 185
(4,13) (5,13) 163
(5,13) (4,13) 170
(5,13) (6,13) 176
(6,13) (5,13) 163
(6,13) (7,13) 149
(7,13) (6,13) 150
(7,13) (8,13) 131
(8,13) (7,13) 104
(8,13) (9,13) 150
(9,13) (8,13) 113
(9,13) (10,13) 151
(10,13) (9,13) 188
(1,14) (2,14) 188
(2,14) (1,14) 105
(2,14) (3,14) 159
(3,14) (2,14) 123
(3,14) (4,14) 189
(4,14) (3,14) 105
(4,14) (5,14) 109
(5,14) (4,14) 111
(5,14) (6,14) 95
(6,14) (5,14) 187
(6,14) (7,14) 157
(7,14) (6,14) 151
(7,14) (8,14) 130
(8,14) (7,14) 124
(8,14) (9,14) 133
(9,14) (8,14) 100
(9,14) (10,14) 165
(10,14) (9,14) 120
(1,15) (2,15) 175
(2,15) (1,15) 188
(2,15) (3,15) 121
(3,15) (2,15) 190
(3,15) (4,15) 178
(4,15) (3,15) 194
(4,15) (5,15) 118
(5,15) (4,15) 116
(5,15) (6,15) 147
(6,15) (5,15) 133
(6,15) (7,15) 184
(7,15) (6,15) 140
(7,15) (8,15) 111
(8,15) (7,15) 189
(8,15) (9,15) 97
(9,15) (8,15) 167
(9,15) (10,15) 183
(10,15) (9,15) 147
(1,16) (2,16) 178
(2,16) (1,16) 183
(2,16) (3,16) 125
(3,16) (2,16) 102
(3,16) (4,16) 179
(4,16) (3,16) 176
(4,16) (5,16) 123
(5,16) (4,16) 154
(5,16) (6,16) 141
(6,16) (5,16) 123
(6,16) (7,16) 157
(7,16) (6,16) 138
(7,16) (8,16) 111
(8,16) (7,16) 173
(8,16) (9,16) 147
(9,16) (8,16) 111
(9,16) (10,16) 125
(10,16) (9,16) 144
(1,17) (2,17) 185
(2,17) (1,17) 179
(2,17) (3,17) 162
(3,17) (2,17) 181
(3,17) (4,17) 152
(4,17) (3,17) 156
(4,17) (5,17) 144
(5,17) (4,17) 103
(5,17) (6,17) 110
(6,17) (5,17) 164
(6,17) (7,17) 146
(7,17) (6,17) 100
(7,17) (8,17) 153
(8,17) (7,17) 146
(8,17) (9,17) 98
(9,17) (8,17) 125
(9,17) (10,17) 132
(10,17) (9,17) 157
(1,18) (2,18) 105
(2,18) (1,18) 137
(2,18) (3,18) 159
(3,18) (2,18) 98
(3,18) (4,18) 188
(4,18) (3,18) 122
(4,18) (5,18) 102
(5,18) (4,18) 152
(5,18) (6,18) 132
(6,18) (5,18) 120
(6,18) (7,18) 159
(7,18) (6,18) 187
(7,18) (8,18) 151
(8,18) (7,18) 143
(8,18) (9,18) 141
(9,18) (8,18) 100
(9,18) (10,18) 142
(10,18) (9,18) 148
(1,19) (2,19) 120
(2,19) (1,19) 189
(2,19) (3,19) 107
(3,19) (2,19) 101
(3,19) (4,19) 102
(4,19) (3,19) 106
(4,19) (5,19) 184
(5,19) (4,19) 110
(5,19) (6,19) 151
(6,19) (5,19) 136
(6,19) (7,19) 189
(7,19) (6,19) 139
(7,19) (8,19) 174
(8,19) (7,19) 163
(8,19) (9,19) 124
(9,19) (8,19) 102
(9,19) (10,19) 145
(10,19) (9,19) 185
(1,20) (2,20) 115
(2,20) (1,20) 147
(2,20) (3,20) 180
(3,20) (2,20) 190
(3,20) (4,20) 156
(4,20) (3,20) 137
(4,20) (5,20) 149
(5,20) (4,20) 107
(5,20) (6,20) 193
(6,20) (5,20) 141
(6,20) (7,20) 127
(7,20) (6,20) 116
(7,20) (8,20) 117
(8,20) (7,20) 121
(8,20) (9,20) 172
(9,20) (8,20) 171
(9,20) (10,20) 156
(10,20) (9,20) 138
(1,21) (2,21) 109
(2,21) (1,21) 190
(2,21) (3,21) 155
(3,21) (2,21) 130
(3,21) (4,21) 183
(4,21) (3,21) 133
(4,21) (5,21) 164
(5,21) (4,21) 109
(5,21) (6,21) 156
(6,21) (5,21) 184
(6,21) (7,21) 153
(7,21) (6,21) 137
(7,21) (8,21) 149
(8,21) (7,21) 192
(8,21) (9,21) 175
(9,21) (8,21) 137
(9,21) (10,21) 114
(10,21) (9,21) 145
(1,22) (2,22) 155
(2,22) (1,22) 143
(2,22) (3,22) 102
(3,22) (2,22) 165
(3,22) (4,22) 96
(4,22) (3,22) 145
(4,22) (5,22) 170
(5,22) (4,22) 148
(5,22) (6,22) 117
(6,22) (5,22) 153
(6,22) (7,22) 185
(7,22) (6,22) 183
(7,22) (8,22) 171
(8,22) (7,22) 174
(8,22) (9,22) 119
(9,22) (8,22) 192
(9,22) (10,22) 134
(10,22) (9,22) 175
(1,23) (2,23) 139
(2,23) (1,23) 136
(2,23) (3,23) 181
(3,23) (2,23) 128
(3,23) (4,23) 190
(4,23) (3,23) 148
(4,23) (5,23) 111
(5,23) (4,23) 191
(5,23) (6,23) 186
(6,23) (5,23) 191
(6,23) (7,23) 178
(7,23) (6,23) 164
(7,23) (8,23) 112
(8,23) (7,23) 192
(8,23) (9,23) 104
(9,23) (8,23) 170
(9,23) (10,23) 127
(10,23) (9,23) 147
(1,24) (2,24) 121
(2,24) (1,24) 150
(2,24) (3,24) 118
(3,24) (2,24) 114
(3,24) (4,24) 192
(4,24) (3,24) 100
(4,24) (5,24) 129
(5,24) (4,24) 158
(5,24) (6,24) 116
(6,24) (5,24) 121
(6,24) (7,24) 187
(7,24) (6,24) 193
(7,24) (8,24) 102
(8,24) (7,24) 158
(8,24) (9,24) 184
(9,24) (8,24) 106
(9,24) (10,24) 186
(10,24) (9,24) 166
(1,25) (2,25) 154
(2,25) (1,25) 124
(2,25) (3,25) 100
(3,25) (2,25) 135
(3,25) (4,25) 110
(4,25) (3,25) 149
(4,25) (5,25) 98
(5,25) (4,25) 172
(5,25) (6,25) 115
(6,25) (5,25) 167
(6,25) (7,25) 180
(7,25) (6,25) 115
(7,25) (8,25) 158
(8,25) (7,25) 98
(8,25) (9,25) 107
(9,25) (8,25) 186
(9,25) (10,25) 176
(10,25) (9,25) 109
(1,26) (2,26) 146
(2,26) (1,26) 193
(2,26) (3,26) 189
(3,26) (2,26) 97
(3,26) (4,26) 159
(4,26) (3,26) 138
(4,26) (5,26) 161
(5,26) (4,26) 156
(5,26) (6,26) 107
(6,26) (5,26) 182
(6,26) (7,26) 122
(7,26) (6,26) 167
(7,26) (8,26) 130
(8,26) (7,26) 164
(8,26) (9,26) 194
(9,26) (8,26) 115
(9,26) (10,26) 130
(10,26) (9,26) 115
(1,27) (2,27) 127
(2,27) (1,27) 131
(2,27) (3,27) 154
(3,27) (2,27) 181
(3,27) (4,27) 102
(4,27) (3,27) 139
(4,27) (5,27) 154
(5,27) (4,27) 106
(5,27) (6,27) 104
(6,27) (5,27) 110
(6,27) (7,27) 174
(7,27) (6,27) 132
(7,27) (8,27) 120
(8,27) (7,27) 173
(8,27) (9,27) 100
(9,27) (8,27) 97
(9,27) (10,27) 121
(10,27) (9,27) 139
(1,28) (2,28) 116
(2,28) (1,28) 183
(2,28) (3,28) 166
(3,28) (2,28) 189
(3,28) (4,28) 168
(4,28) (3,28) 165
(4,28) (5,28) 101
(5,28) (4,28) 139
(5,28) (6,28) 173
(6,28) (5,28) 166
(6,28) (7,28) 146
(7,28) (6,28) 162
(7,28) (8,28) 133
(8,28) (7,28) 155
(8,28) (9,28) 107
(9,28) (8,28) 121
(9,28) (10,28) 122
(10,28) (9,28) 179
(1,29) (2,29) 133
(2,29) (1,29) 131
(2,29) (3,29) 183
(3,29) (2,29) 190
(3,29) (4,29) 125
(4,29) (3,29) 119
(4,29) (5,29) 154
(5,29) (4,29) 132
(5,29) (6,29) 192
(6,29) (5,29) 182
(6,29) (7,29) 134
(7,29) (6,29) 103
(7,29) (8,29) 116
(8,29) (7,29) 175
(8,29) (9,29) 156
(9,29) (8,29) 175
(9,29) (10,29) 181
(10,29) (9,29) 128
(1,30) (2,30) 154
(2,30) (1,30) 119
(2,30) (3,30) 109
(3,30) (2,30) 154
(3,30) (4,30) 151
(4,30) (3,30) 145
(4,30) (5,30) 121
(5,30) (4,30) 167
(5,30) (6,30) 142
(6,30) (5,30) 128
(6,30) (7,30) 112
(7,30) (6,30) 103
(7,30) (8,30) 142
(8,30) (7,30) 186
(8,30) (9,30) 109
(9,30) (8,30) 111
(9,30) (10,30) 167
(10,30) (9,30) 184
(1,31) (2,31) 169
(2,31) (1,31) 140
(2,31) (3,31) 183
(3,31) (2,31) 142
(3,31) (4,31) 190
(4,31) (3,31) 105
(4,31) (5,31) 156
(5,31) (4,31) 175
(5,31) (6,31) 160
(6,31) (5,31) 108
(6,31) (7,31) 181
(7,31) (6,31) 146
(7,31) (8,31) 95
(8,31) (7,31) 154
(8,31) (9,31) 160
(9,31) (8,31) 133
(9,31) (10,31) 190
(10,31) (9,31) 163
(1,32) (2,32) 192
(2,32) (1,32) 99
(2,32) (3,32) 171
(3,32) (2,32) 96
(3,32) (4,32) 121
(4,32) (3,32) 161
(4,32) (5,32) 167
(5,32) (4,32) 109
(5,32) (6,32) 134
(6,32) (5,32) 182
(6,32) (7,32) 105
(7,32) (6,32) 147
(7,32) (8,32) 173
(8,32) (7,32) 163
(8,32) (9,32) 107
(9,32) (8,32) 150
(9,32) (10,32) 166
(10,32) (9,32) 182
(1,33) (2,33) 106
(2,33) (1,33) 173
(2,33) (3,33) 113
(3,33) (2,33) 135
(3,33) (4,33) 120
(4,33) (3,33) 179
(4,33) (5,33) 137
(5,33) (4,33) 109
(5,33) (6,33) 171
(6,33) (5,33) 130
(6,33) (7,33) 168
(7,33) (6,33) 95
(7,33) (8,33) 100
(8,33) (7,33) 107
(8,33) (9,33) 133
(9,33) (8,33) 138
(9,33) (10,33) 153
(10,33) (9,33) 132
(1,34) (2,34) 130
(2,34) (1,34) 159
(2,34) (3,34) 104
(3,34) (2,34) 110
(3,34) (4,34) 138
(4,34) (3,34) 175
(4,34) (5,34) 174
(5,34) (4,34) 184
(5,34) (6,34) 154
(6,34) (5,34) 192
(6,34) (7,34) 117
(7,34) (6,34) 153
(7,34) (8,34) 181
(8,34) (7,34) 152
(8,34) (9,34) 123
(9,34) (8,34) 154
(9,34) (10,34) 174
(10,34) (9,34) 176
(1,35) (2,35) 155
(2,35) (1,35) 180
(2,35) (3,35) 127
(3,35) (2,35) 130
(3,35) (4,35) 161
(4,35) (3,35) 136
(4,35) (5,35) 144
(5,35) (4,35) 160
(5,35) (6,35) 114
(6,35) (5,35) 130
(6,35) (7,35) 193
(7,35) (6,35) 120
(7,35) (8,35) 182
(8,35) (7,35) 156
(8,35) (9,35) 108
(9,35) (8,35) 178
(9,35) (10,35) 155
(10,35) (9,35) 163
(1,36) (2,36) 191
(2,36) (1,36) 189
(2,36) (3,36) 131
(3,36) (2,36) 181
(3,36) (4,36) 118
(4,36) (3,36) 142
(4,36) (5,36) 182
(5,36) (4,36) 105
(5,36) (6,36) 194
(6,36) (5,36) 112
(6,36) (7,36) 121
(7,36) (6,36) 153
(7,36) (8,36) 147
(8,36) (7,36) 149
(8,36) (9,36) 135
(9,36) (8,36) 114
(9,36) (10,36) 167
(10,36) (9,36) 146
(1,37) (2,37) 142
(2,37) (1,37) 101
(2,37) (3,37) 112
(3,37) (2,37) 140
(3,37) (4,37) 190
(4,37) (3,37) 171
(4,37) (5,37) 139
(5,37) (4,37) 99
(5,37) (6,37) 119
(6,37) (5,37) 143
(6,37) (7,37) 164
(7,37) (6,37) 161
(7,37) (8,37) 152
(8,37) (7,37) 168
(8,37) (9,37) 132
(9,37) (8,37) 156
(9,37) (10,37) 145
(10,37) (9,37) 118
(1,38) (2,38) 192
(2,38) (1,38) 142
(2,38) (3,38) 153
(3,38) (2,38) 170
(3,38) (4,38) 132
(4,38) (3,38) 138
(4,38) (5,38) 125
(5,38) (4,38) 181
(5,38) (6,38) 167
(6,38) (5,38) 107
(6,38) (7,38) 142
(7,38) (6,38) 126
(7,38) (8,38) 146
(8,38) (7,38) 133
(8,38) (9,38) 153
(9,38) (8,38) 144
(9,38) (10,38) 141
(10,38) (9,38) 112
(1,39) (2,39) 174
(2,39) (1,39) 148
(2,39) (3,39) 177
(3,39) (2,39) 117
(3,39) (4,39) 159
(4,39) (3,39) 137
(4,39) (5,39) 97
(5,39) (4,39) 113
(5,39) (6,39) 187
(6,39) (5,39) 181
(6,39) (7,39) 100
(7,39) (6,39) 176
(7,39) (8,39) 127
(8,39) (7,39) 107
(8,39) (9,39) 194
(9,39) (8,39) 159
(9,39) (10,39) 131
(10,39) (9,39) 179
(1,40) (2,40) 127
(2,40) (1,40) 118
(2,40) (3,40) 126
(3,40) (2,40) 106
(3,40) (4,40) 187
(4,40) (3,40) 125
(4,40) (5,40) 137
(5,40) (4,40) 161
(5,40) (6,40) 166
(6,40) (5,40) 103
(6,40) (7,40) 147
(7,40) (6,40) 129
(7,40) (8,40) 139
(8,40) (7,40) 96
(8,40) (9,40) 115
(9,40) (8,40) 191
(9,40) (10,40) 162
(10,40) (9,40) 96
(1,41) (2,41) 106
(2,41) (1,41) 114
(2,41) (3,41) 121
(3,41) (2,41) 105
(3,41) (4,41) 132
(4,41) (3,41) 158
(4,41) (5,41) 109
(5,41) (4,41) 114
(5,41) (6,41) 117
(6,41) (5,41) 193
(6,41) (7,41) 141
(7,41) (6,41) 130
(7,41) (8,41) 101
(8,41) (7,41) 133
(8,41) (9,41) 131
(9,41) (8,41) 192
(9,41) (10,41) 177
(10,41) (9,41) 105
(1,42) (2,42) 122
(2,42) (1,42) 177
(2,42) (3,42) 136
(3,42) (2,42) 120
(3,42) (4,42) 105
(4,42) (3,42) 124
(4,42) (5,42) 159
(5,42) (4,42) 192
(5,42) (6,42) 102
(6,42) (5,42) 115
(6,42) (7,42) 178
(7,42) (6,42) 105
(7,42) (8,42) 95
(8,42) (7,42) 194
(8,42) (9,42) 153
(9,42) (8,42) 107
(9,42) (10,42) 125
(10,42) (9,42) 105
(1,43) (2,43) 194
(2,43) (1,43) 138
(2,43) (3,43) 107
(3,43) (2,43) 124
(3,43) (4,43) 160
(4,43) (3,43) 143
(4,43) (5,43) 128
(5,43) (4,43) 118
(5,43) (6,43) 145
(6,43) (5,43) 184
(6,43) (7,43) 124
(7,43) (6,43) 172
(7,43) (8,43) 129
(8,43) (7,43) 124
(8,43) (9,43) 97
(9,43) (8,43) 135
(9,43) (10,43) 179
(10,43) (9,43) 110
(1,44) (2,44) 138
(2,44) (1,44) 105
(2,44) (3,44) 118
(3,44) (2,44) 114
(3,44) (4,44) 141
(4,44) (3,44) 181
(4,44) (5,44) 157
(5,44) (4,44) 170
(5,44) (6,44) 146
(6,44) (5,44) 193
(6,44) (7,44) 175
(7,44) (6,44) 106
(7,44) (8,44) 136
(8,44) (7,44) 138
(8,44) (9,44) 179
(9,44) (8,44) 166
(9,44) (10,44) 168
(10,44) (9,44) 175
(1,45) (2,45) 95
(2,45) (1,45) 122
(2,45) (3,45) 129
(3,45) (2,45) 100
(3,45) (4,45) 192
(4,45) (3,45) 136
(4,45) (5,45) 171
(5,45) (4,45) 122
(5,45) (6,45) 186
(6,45) (5,45) 161
(6,45) (7,45) 164
(7,45) (6,45) 100
(7,45) (8,45) 190
(8,45) (7,45) 126
(8,45) (9,45) 100
(9,45) (8,45) 148
(9,45) (10,45) 190
(10,45) (9,45) 154
(1,46) (2,46) 113
(2,46) (1,46) 192
(2,46) (3,46) 141
(3,46) (2,46) 97
(3,46) (4,46) 145
(4,46) (3,46) 112
(4,46) (5,46) 192
(5,46) (4,46) 154
(5,46) (6,46) 160
(6,46) (5,46) 132
(6,46) (7,46) 189
(7,46) (6,46) 98
(7,46) (8,46) 181
(8,46) (7,46) 187
(8,46) (9,46) 126
(9,46) (8,46) 168
(9,46) (10,46) 172
(10,46) (9,46) 112
(1,47) (2,47) 126
(2,47) (1,47) 168
(2,47) (3,47) 106
(3,47) (2,47) 142
(3,47) (4,47) 149
(4,47) (3,47) 176
(4,47) (5,47) 146
(5,47) (4,47) 171
(5,47) (6,47) 181
(6,47) (5,47) 139
(6,47) (7,47) 106
(7,47) (6,47) 190
(7,47) (8,47) 166
(8,47) (7,47) 176
(8,47) (9,47) 105
(9,47) (8,47) 157
(9,47) (10,47) 178
(10,47) (9,47) 112
(1,48) (2,48) 122
(2,48) (1,48) 146
(2,48) (3,48) 109
(3,48) (2,48) 148
(3,48) (4,48) 186
(4,48) (3,48) 182
(4,48) (5,48) 157
(5,48) (4,48) 145
(5,48) (6,48) 151
(6,48) (5,48) 165
(6,48) (7,48) 158
(7,48) (6,48) 107
(7,48) (8,48) 147
(8,48) (7,48) 157
(8,48) (9,48) 147
(9,48) (8,48) 157
(9,48) (10,48) 167
(10,48) (9,48) 136
(1,49) (2,49) 121
(2,49) (1,49) 119
(2,49) (3,49) 121
(3,49) (2,49) 109
(3,49) (4,49) 164
(4,49) (3,49) 162
(4,49) (5,49) 185
(5,49) (4,49) 135
(5,49) (6,49) 167
(6,49) (5,49) 141
(6,49) (7,49) 99
(7,49) (6,49) 111
(7,49) (8,49) 192
(8,49) (7,49) 165
(8,49) (9,49) 143
(9,49) (8,49) 137
(9,49) (10,49) 154
(10,49) (9,49) 166
(1,50) (2,50) 109
(2,50) (1,50) 169
(2,50) (3,50) 164
(3,50) (2,50) 169
(3,50) (4,50) 149
(4,50) (3,50) 151
(4,50) (5,50) 107
(5,50) (4,50) 150
(5,50) (6,50) 124
(6,50) (5,50) 163
(6,50) (7,50) 163
(7,50) (6,50) 159
(7,50) (8,50) 117
(8,50) (7,50) 177
(8,50) (9,50) 122
(9,50) (8,50) 180
(9,50) (10,50) 138
(10,50) (9,50) 98
(1,51) (2,51) 183
(2,51) (1,51) 163
(2,51) (3,51) 114
(3,51) (2,51) 188
(3,51) (4,51) 103
(4,51) (3,51) 136
(4,51) (5,51) 180
(5,51) (4,51) 171
(5,51) (6,51) 102
(6,51) (5,51) 121
(6,51) (7,51) 159
(7,51) (6,51) 168
(7,51) (8,51) 194
(8,51) (7,51) 95
(8,51) (9,51) 170
(9,51) (8,51) 168
(9,51) (10,51) 176
(10,51) (9,51) 188
(1,52) (2,52) 139
(2,52) (1,52) 134
(2,52) (3,52) 140
(3,52) (2,52) 134
(3,52) (4,52) 111
(4,52) (3,52) 171
(4,52) (5,52) 181
(5,52) (4,52) 110
(5,52) (6,52) 96
(6,52) (5,52) 139
(6,52) (7,52) 145
(7,52) (6,52) 166
(7,52) (8,52) 100
(8,52) (7,52) 141
(8,52) (9,52) 117
(9,52) (8,52) 189
(9,52) (10,52) 142
(10,52) (9,52) 183
(1,53) (2,53) 162
(2,53) (1,53) 177
(2,53) (3,53) 167
(3,53) (2,53) 108
(3,53) (4,53) 138
(4,53) (3,53) 95
(4,53) (5,53) 99
(5,53) (4,53) 175
(5,53) (6,53) 169
(6,53) (5,53) 163
(6,53) (7,53) 129
(7,53) (6,53) 132
(7,53) (8,53) 138
(8,53) (7,53) 99
(8,53) (9,53) 149
(9,53) (8,53) 119
(9,53) (10,53) 125
(10,53) (9,53) 169
(1,54) (2,54) 122
(2,54) (1,54) 161
(2,54) (3,54) 167
(3,54) (2,54) 134
(3,54) (4,54) 137
(4,54) (3,54) 151
(4,54) (5,54) 126
(5,54) (4,54) 142
(5,54) (6,54) 193
(6,54) (5,54) 107
(6,54) (7,54) 160
(7,54) (6,54) 130
(7,54) (8,54) 151
(8,54) (7,54) 102
(8,54) (9,54) 119
(9,54) (8,54) 96
(9,54) (10,54) 154
(10,54) (9,54) 96
(1,55) (2,55) 167
(2,55) (1,55) 101
(2,55) (3,55) 121
(3,55) (2,55) 153
(3,55) (4,55) 143
(4,55) (3,55) 143
(4,55) (5,55) 122
(5,55) (4,55) 169
(5,55) (6,55) 170
(6,55) (5,55) 166
(6,55) (7,55) 103
(7,55) (6,55) 140
(7,55) (8,55) 166
(8,55) (7,55) 101
(8,55) (9,55) 179
(9,55) (8,55) 168
(9,55) (10,55) 172
(10,55) (9,55) 150
(1,56) (2,56) 190
(2,56) (1,56) 162
(2,56) (3,56) 116
(3,56) (2,56) 98
(3,56) (4,56) 182
(4,56) (3,56) 159
(4,56) (5,56) 154
(5,56) (4,56) 140
(5,56) (6,56) 187
(6,56) (5,56) 99
(6,56) (7,56) 158
(7,56) (6,56) 102
(7,56) (8,56) 162
(8,56) (7,56) 119
(8,56) (9,56) 152
(9,56) (8,56) 193
(9,56) (10,56) 159
(10,56) (9,56) 128
(1,57) (2,57) 153
(2,57) (1,57) 98
(2,57) (3,57) 176
(3,57) (2,57) 113
(3,57) (4,57) 175
(4,57) (3,57) 156
(4,57) (5,57) 126
(5,57) (4,57) 151
(5,57) (6,57) 116
(6,57) (5,57) 134
(6,57) (7,57) 190
(7,57) (6,57) 173
(7,57) (8,57) 163
(8,57) (7,57) 115
(8,57) (9,57) 169
(9,57) (8,57) 170
(9,57) (10,57) 103
(10,57) (9,57) 100
(1,58) (2,58) 102
(2,58) (1,58) 137
(2,58) (3,58) 160
(3,58) (2,58) 156
(3,58) (4,58) 113
(4,58) (3,58) 104
(4,58) (5,58) 160
(5,58) (4,58) 110
(5,58) (6,58) 154
(6,58) (5,58) 146
(6,58) (7,58) 139
(7,58) (6,58) 136
(7,58) (8,58) 183
(8,58) (7,58) 159
(8,58) (9,58) 107
(9,58) (8,58) 164
(9,58) (10,58) 111
(10,58) (9,58) 191
(1,59) (2,59) 147
(2,59) (1,59) 119
(2,59) (3,59) 124
(3,59) (2,59) 110
(3,59) (4,59) 127
(4,59) (3,59) 182
(4,59) (5,59) 188
(5,59) (4,59) 95
(5,59) (6,59) 133
(6,59) (5,59) 109
(6,59) (7,59) 108
(7,59) (6,59) 152
(7,59) (8,59) 152
(8,59) (7,59) 132
(8,59) (9,59) 170
(9,59) (8,59) 175
(9,59) (10,59) 187
(10,59) (9,59) 122
(1,60) (2,60) 173
(2,60) (1,60) 147
(2,60) (3,60) 124
(3,60) (2,60) 172
(3,60) (4,60) 103
(4,60) (3,60) 164
(4,60) (5,60) 110
(5,60) (4,60) 106
(5,60) (6,60) 103
(6,60) (5,60) 158
(6,60) (7,60) 168
(7,60) (6,60) 109
(7,60) (8,60) 185
(8,60) (7,60) 185
(8,60) (9,60) 153
(9,60) (8,60) 137
(9,60) (10,60) 175
(10,60) (9,60) 183
(1,61) (2,61) 125
(2,61) (1,61) 179
(2,61) (3,61) 165
(3,61) (2,61) 111
(3,61) (4,61) 103
(4,61) (3,61) 172
(4,61) (5,61) 181
(5,61) (4,61) 193
(5,61) (6,61) 166
(6,61) (5,61) 148
(6,61) (7,61) 130
(7,61) (6,61) 114
(7,61) (8,61) 141
(8,61) (7,61) 145
(8,61) (9,61) 152
(9,61) (8,61) 146
(9,61) (10,61) 194
(10,61) (9,61) 173
(1,62) (2,62) 97
(2,62) (1,62) 146
(2,62) (3,62) 178
(3,62) (2,62) 118
(3,62) (4,62) 178
(4,62) (3,62) 105
(4,62) (5,62) 176
(5,62) (4,62) 182
(5,62) (6,62) 180
(6,62) (5,62) 103
(6,62) (7,62) 96
(7,62) (6,62) 127
(7,62) (8,62) 170
(8,62) (7,62) 188
(8,62) (9,62) 169
(9,62) (8,62) 96
(9,62) (10,62) 153
(10,62) (9,62) 104
(1,63) (2,63) 111
(2,63) (1,63) 127
(2,63) (3,63) 151
(3,63) (2,63) 183
(3,63) (4,63) 105
(4,63) (3,63) 118
(4,63) (5,63) 169
(5,63) (4,63) 100
(5,63) (6,63) 155
(6,63) (5,63) 130
(6,63) (7,63) 116
(7,63) (6,63) 171
(7,63) (8,63) 191
(8,63) (7,63) 143
(8,63) (9,63) 115
(9,63) (8,63) 152
(9,63) (10,63) 95
(10,63) (9,63) 158
(1,64) (2,64) 172
(2,64) (1,64) 124
(2,64) (3,64) 171
(3,64) (2,64) 98
(3,64) (4,64) 132
(4,64) (3,64) 170
(4,64) (5,64) 162
(5,64) (4,64) 128
(5,64) (6,64) 161
(6,64) (5,64) 123
(6,64) (7,64) 100
(7,64) (6,64) 194
(7,64) (8,64) 163
(8,64) (7,64) 167
(8,64) (9,64) 190
(9,64) (8,64) 103
(9,64) (10,64) 163
(10,64) (9,64) 120
(1,65) (2,65) 146
(2,65) (1,65) 105
(2,65) (3,65) 192
(3,65) (2,65) 141
(3,65) (4,65) 121
(4,65) (3,65) 193
(4,65) (5,65) 175
(5,65) (4,65) 132
(5,65) (6,65) 118
(6,65) (5,65) 120
(6,65) (7,65) 111
(7,65) (6,65) 177
(7,65) (8,65) 189
(8,65) (7,65) 152
(8,65) (9,65) 181
(9,65) (8,65) 139
(9,65) (10,65) 103
(10,65) (9,65) 101
(1,66) (2,66) 119
(2,66) (1,66) 146
(2,66) (3,66) 153
(3,66) (2,66) 122
(3,66) (4,66) 140
(4,66) (3,66) 127
(4,66) (5,66) 100
(5,66) (4,66) 128
(5,66) (6,66) 116
(6,66) (5,66) 175
(6,66) (7,66) 132
(7,66) (6,66) 148
(7,66) (8,66) 163
(8,66) (7,66) 98
(8,66) (9,66) 152
(9,66) (8,66) 126
(9,66) (10,66) 147
(10,66) (9,66) 137
(1,67) (2,67) 110
(2,67) (1,67) 130
(2,67) (3,67) 168
(3,67) (2,67) 172
(3,67) (4,67) 156
(4,67) (3,67) 136
(4,67) (5,67) 122
(5,67) (4,67) 101
(5,67) (6,67) 180
(6,67) (5,67) 165
(6,67) (7,67) 186
(7,67) (6,67) 162
(7,67) (8,67) 125
(8,67) (7,67) 168
(8,67) (9,67) 159
(9,67) (8,67) 178
(9,67) (10,67) 147
(10,67) (9,67) 95
(1,68) (2,68) 136
(2,68) (1,68) 111
(2,68) (3,68) 149
(3,68) (2,68) 113
(3,68) (4,68) 176
(4,68) (3,68) 105
(4,68) (5,68) 101
(5,68) (4,68) 194
(5,68) (6,68) 189
(6,68) (5,68) 179
(6,68) (7,68) 160
(7,68) (6,68) 155
(7,68) (8,68) 141
(8,68) (7,68) 110
(8,68) (9,68) 100
(9,68) (8,68) 189
(9,68) (10,68) 159
(10,68) (9,68) 102
(1,69) (2,69) 188
(2,69) (1,69) 109
(2,69) (3,69) 163
(3,69) (2,69) 149
(3,69) (4,69) 164
(4,69) (3,69) 149
(4,69) (5,69) 182
(5,69) (4,69) 105
(5,69) (6,69) 191
(6,69) (5,69) 141
(6,69) (7,69) 137
(7,69) (6,69) 179
(7,69) (8,69) 190
(8,69) (7,69) 184
(8,69) (9,69) 171
(9,69) (8,69) 153
(9,69) (10,69) 118
(10,69) (9,69) 128
(1,70) (2,70) 130
(2,70) (1,70) 180
(2,70) (3,70) 169
(3,70) (2,70) 145
(3,70) (4,70) 115
(4,70) (3,70) 161
(4,70) (5,70) 193
(5,70) (4,70) 186
(5,70) (6,70) 143
(6,70) (5,70) 143
(6,70) (7,70) 174
(7,70) (6,70) 137
(7,70) (8,70) 124
(8,70) (7,70) 140
(8,70) (9,70) 131
(9,70) (8,70) 149
(9,70) (10,70) 120
(10,70) (9,70) 169
(1,71) (2,71) 141
(2,71) (1,71) 139
(2,71) (3,71) 188
(3,71) (2,71) 112
(3,71) (4,71) 96
(4,71) (3,71) 159
(4,71) (5,71) 96
(5,71) (4,71) 188
(5,71) (6,71) 175
(6,71) (5,71) 117
(6,71) (7,71) 123
(7,71) (6,71) 184
(7,71) (8,71) 123
(8,71) (7,71) 158
(8,71) (9,71) 119
(9,71) (8,71) 169
(9,71) (10,71) 151
(10,71) (9,71) 136
(1,72) (2,72) 163
(2,72) (1,72) 134
(2,72) (3,72) 107
(3,72) (2,72) 191
(3,72) (4,72) 113
(4,72) (3,72) 122
(4,72) (5,72) 143
(5,72) (4,72) 140
(5,72) (6,72) 179
(6,72) (5,72) 129
(6,72) (7,72) 160
(7,72) (6,72) 163
(7,72) (8,72) 105
(8,72) (7,72) 96
(8,72) (9,72) 142
(9,72) (8,72) 116
(9,72) (10,72) 190
(10,72) (9,72) 131
(1,73) (2,73) 141
(2,73) (1,73) 147
(2,73) (3,73) 153
(3,73) (2,73) 165
(3,73) (4,73) 154
(4,73) (3,73) 182
(4,73) (5,73) 151
(5,73) (4,73) 144
(5,73) (6,73) 168
(6,73) (5,73) 121
(6,73) (7,73) 130
(7,73) (6,73) 191
(7,73) (8,73) 125
(8,73) (7,73) 172
(8,73) (9,73) 184
(9,73) (8,73) 125
(9,73) (10,73) 115
(10,73) (9,73) 104
(1,74) (2,74) 110
(2,74) (1,74) 167
(2,74) (3,74) 137
(3,74) (2,74) 171
(3,74) (4,74) 120
(4,74) (3,74) 117
(4,74) (5,74) 123
(5,74) (4,74) 156
(5,74) (6,74) 192
(6,74) (5,74) 135
(6,74) (7,74) 161
(7,74) (6,74) 172
(7,74) (8,74) 99
(8,74) (7,74) 103
(8,74) (9,74) 105
(9,74) (8,74) 123
(9,74) (10,74) 167
(10,74) (9,74) 160
(1,75) (2,75) 167
(2,75) (1,75) 194
(2,75) (3,75) 123
(3,75) (2,75) 104
(3,75) (4,75) 142
(4,75) (3,75) 152
(4,75) (5,75) 104
(5,75) (4,75) 99
(5,75) (6,75) 189
(6,75) (5,75) 161
(6,75) (7,75) 150
(7,75) (6,75) 117
(7,75) (8,75) 144
(8,75) (7,75) 139
(8,75) (9,75) 183
(9,75) (8,75) 119
(9,75) (10,75) 162
(10,75) (9,75) 193
(1,76) (2,76) 192
(2,76) (1,76) 175
(2,76) (3,76) 137
(3,76) (2,76) 147
(3,76) (4,76) 179
(4,76) (3,76) 113
(4,76) (5,76) 188
(5,76) (4,76) 179
(5,76) (6,76) 140
(6,76) (5,76) 178
(6,76) (7,76) 156
(7,76) (6,76) 102
(7,76) (8,76) 140
(8,76) (7,76) 154
(8,76) (9,76) 130
(9,76) (8,76) 138
(9,76) (10,76) 155
(10,76) (9,76) 166
(1,77) (2,77) 165
(2,77) (1,77) 160
(2,77) (3,77) 141
(3,77) (2,77) 157
(3,77) (4,77) 113
(4,77) (3,77) 131
(4,77) (5,77) 166
(5,77) (4,77) 100
(5,77) (6,77) 115
(6,77) (5,77) 167
(6,77) (7,77) 140
(7,77) (6,77) 186
(7,77) (8,77) 187
(8,77) (7,77) 173
(8,77) (9,77) 166
(9,77) (8,77) 109
(9,77) (10,77) 165
(10,77) (9,77) 132
(1,78) (2,78) 102
(2,78) (1,78) 115
(2,78) (3,78) 137
(3,78) (2,78) 173
(3,78) (4,78) 183
(4,78) (3,78) 165
(4,78) (5,78) 99
(5,78) (4,78) 180
(5,78) (6,78) 186
(6,78) (5,78) 154
(6,78) (7,78) 178
(7,78) (6,78) 162
(7,78) (8,78) 167
(8,78) (7,78) 113
(8,78) (9,78) 160
(9,78) (8,78) 143
(9,78) (10,78) 157
(10,78) (9,78) 176
(1,79) (2,79) 171
(2,79) (1,79) 125
(2,79) (3,79) 138
(3,79) (2,79) 149
(3,79) (4,79) 107
(4,79) (3,79) 124
(4,79) (5,79) 100
(5,79) (4,79) 183
(5,79) (6,79) 133
(6,79) (5,79) 154
(6,79) (7,79) 98
(7,79) (6,79) 170
(7,79) (8,79) 188
(8,79) (7,79) 143
(8,79) (9,79) 131
(9,79) (8,79) 176
(9,79) (10,79) 182
(10,79) (9,79) 133
(1,80) (2,80) 174
(2,80) (1,80) 100
(2,80) (3,80) 121
(3,80) (2,80) 153
(3,80) (4,80) 153
(4,80) (3,80) 185
(4,80) (5,80) 161
(5,80) (4,80) 146
(5,80) (6,80) 132
(6,80) (5,80) 173
(6,80) (7,80) 167
(7,80) (6,80) 123
(7,80) (8,80) 131
(8,80) (7,80) 188
(8,80) (9,80) 168
(9,80) (8,80) 97
(9,80) (10,80) 120
(10,80) (9,80) 104
(1,81) (2,81) 145
(2,81) (1,81) 187
(2,81) (3,81) 184
(3,81) (2,81) 150
(3,81) (4,81) 98
(4,81) (3,81) 129
(4,81) (5,81) 112
(5,81) (4,81) 114
(5,81) (6,81) 105
(6,81) (5,81) 133
(6,81) (7,81) 140
(7,81) (6,81) 169
(7,81) (8,81) 140
(8,81) (7,81) 124
(8,81) (9,81) 175
(9,81) (8,81) 96
(9,81) (10,81) 171
(10,81) (9,81) 118
(1,82) (2,82) 187
(2,82) (1,82) 154
(2,82) (3,82) 153
(3,82) (2,82) 121
(3,82) (4,82) 96
(4,82) (3,82) 178
(4,82) (5,82) 107
(5,82) (4,82) 96
(5,82) (6,82) 116
(6,82) (5,82) 99
(6,82) (7,82) 100
(7,82) (6,82) 129
(7,82) (8,82) 159
(8,82) (7,82) 136
(8,82) (9,82) 124
(9,82) (8,82) 167
(9,82) (10,82) 160
(10,82) (9,82) 140
(1,83) (2,83) 151
(2,83) (1,83) 162
(2,83) (3,83) 192
(3,83) (2,83) 193
(3,83) (4,83) 124
(4,83) (3,83) 133
(4,83) (5,83) 97
(5,83) (4,83) 153
(5,83) (6,83) 111
(6,83) (5,83) 150
(6,83) (7,83) 104
(7,83) (6,83) 119
(7,83) (8,83) 188
(8,83) (7,83) 162
(8,83) (9,83) 185
(9,83) (8,83) 190
(9,83) (10,83) 172
(10,83) (9,83) 164
(1,84) (2,84) 109
(2,84) (1,84) 112
(2,84) (3,84) 179
(3,84) (2,84) 144
(3,84) (4,84) 183
(4,84) (3,84) 118
(4,84) (5,84) 111
(5,84) (4,84) 186
(5,84) (6,84) 166
(6,84) (5,84) 151
(6,84) (7,84) 104
(7,84) (6,84) 188
(7,84) (8,84) 103
(8,84) (7,84) 161
(8,84) (9,84) 176
(9,84) (8,84) 109
(9,84) (10,84) 158
(10,84) (9,84) 163
(1,85) (2,85) 126
(2,85) (1,85) 95
(2,85) (3,85) 140
(3,85) (2,85) 141
(3,85) (4,85) 107
(4,85) (3,85) 95
(4,85) (5,85) 172
(5,85) (4,85) 138
(5,85) (6,85) 165
(6,85) (5,85) 182
(6,85) (7,85) 150
(7,85) (6,85) 172
(7,85) (8,85) 192
(8,85) (7,85) 135
(8,85) (9,85) 98
(9,85) (8,85) 119
(9,85) (10,85) 127
(10,85) (9,85) 177
(1,86) (2,86) 129
(2,86) (1,86) 99
(2,86) (3,86) 173
(3,86) (2,86) 119
(3,86) (4,86) 160
(4,86) (3,86) 136
(4,86) (5,86) 194
(5,86) (4,86) 123
(5,86) (6,86) 162
(6,86) (5,86) 144
(6,86) (7,86) 116
(7,86) (6,86) 141
(7,86) (8,86) 103
(8,86) (7,86) 116
(8,86) (9,86) 138
(9,86) (8,86) 107
(9,86) (10,86) 194
(10,86) (9,86) 101
(1,87) (2,87) 192
(2,87) (1,87) 99
(2,87) (3,87) 187
(3,87) (2,87) 158
(3,87) (4,87) 113
(4,87) (3,87) 148
(4,87) (5,87) 128
(5,87) (4,87) 134
(5,87) (6,87) 126
(6,87) (5,87) 158
(6,87) (7,87) 167
(7,87) (6,87) 115
(7,87) (8,87) 192
(8,87) (7,87) 122
(8,87) (9,87) 126
(9,87) (8,87) 98
(9,87) (10,87) 122
(10,87) (9,87) 142
(1,88) (2,88) 102
(2,88) (1,88) 131
(2,88) (3,88) 157
(3,88) (2,88) 115
(3,88) (4,88) 116
(4,88) (3,88) 186
(4,88) (5,88) 113
(5,88) (4,88) 167
(5,88) (6,88) 109
(6,88) (5,88) 124
(6,88) (7,88) 109
(7,88) (6,88) 190
(7,88) (8,88) 190
(8,88) (7,88) 136
(8,88) (9,88) 126
(9,88) (8,88) 113
(9,88) (10,88) 138
(10,88) (9,88) 173
(1,89) (2,89) 108
(2,89) (1,89) 182
(2,89) (3,89) 148
(3,89) (2,89) 140
(3,89) (4,89) 171
(4,89) (3,89) 177
(4,89) (5,89) 148
(5,89) (4,89) 128
(5,89) (6,89) 161
(6,89) (5,89) 183
(6,89) (7,89) 121
(7,89) (6,89) 118
(7,89) (8,89) 178
(8,89) (7,89) 133
(8,89) (9,89) 165
(9,89) (8,89) 168
(9,89) (10,89) 193
(10,89) (9,89) 104
(1,90) (2,90) 158
(2,90) (1,90) 142
(2,90) (3,90) 178
(3,90) (2,90) 155
(3,90) (4,90) 178
(4,90) (3,90) 115
(4,90) (5,90) 158
(5,90) (4,90) 175
(5,90) (6,90) 182
(6,90) (5,90) 158
(6,90) (7,90) 141
(7,90) (6,90) 182
(7,90) (8,90) 107
(8,90) (7,90) 96
(8,90) (9,90) 179
(9,90) (8,90) 107
(9,90) (10,90) 150
(10,90) (9,90) 123
(1,91) (2,91) 181
(2,91) (1,91) 111
(2,91) (3,91) 110
(3,91) (2,91) 118
(3,91) (4,91) 167
(4,91) (3,91) 137
(4,91) (5,91) 187
(5,91) (4,91) 96
(5,91) (6,91) 189
(6,91) (5,91) 157
(6,91) (7,91) 118
(7,91) (6,91) 119
(7,91) (8,91) 111
(8,91) (7,91) 102
(8,91) (9,91) 168
(9,91) (8,91) 105
(9,91) (10,91) 174
(10,91) (9,91) 105
(1,92) (2,92) 189
(2,92) (1,92) 113
(2,92) (3,92) 169
(3,92) (2,92) 98
(3,92) (4,92) 191
(4,92) (3,92) 184
(4,92) (5,92) 144
(5,92) (4,92) 166
(5,92) (6,92) 116
(6,92) (5,92) 124
(6,92) (7,92) 101
(7,92) (6,92) 176
(7,92) (8,92) 153
(8,92) (7,92) 95
(8,92) (9,92) 189
(9,92) (8,92) 145
(9,92) (10,92) 179
(10,92) (9,92) 177
(1,93) (2,93) 193
(2,93) (1,93) 155
(2,93) (3,93) 172
(3,93) (2,93) 175
(3,93) (4,93) 134
(4,93) (3,93) 189
(4,93) (5,93) 164
(5,93) (4,93) 104
(5,93) (6,93) 166
(6,93) (5,93) 154
(6,93) (7,93) 150
(7,93) (6,93) 182
(7,93) (8,93) 135
(8,93) (7,93) 177
(8,93) (9,93) 178
(9,93) (8,93) 98
(9,93) (10,93) 107
(10,93) (9,93) 96
(1,94) (2,94) 117
(2,94) (1,94) 102
(2,94) (3,94) 157
(3,94) (2,94) 184
(3,94) (4,94) 128
(4,94) (3,94) 119
(4,94) (5,94) 110
(5,94) (4,94) 96
(5,94) (6,94) 182
(6,94) (5,94) 95
(6,94) (7,94) 98
(7,94) (6,94) 151
(7,94) (8,94) 117
(8,94) (7,94) 173
(8,94) (9,94) 108
(9,94) (8,94) 185
(9,94) (10,94) 148
(10,94) (9,94) 164
(1,95) (2,95) 151
(2,95) (1,95) 183
(2,95) (3,95) 98
(3,95) (2,95) 127
(3,95) (4,95) 147
(4,95) (3,95) 158
(4,95) (5,95) 163
(5,95) (4,95) 110
(5,95) (6,95) 123
(6,95) (5,95) 154
(6,95) (7,95) 182
(7,95) (6,95) 134
(7,95) (8,95) 147
(8,95) (7,95) 192
(8,95) (9,95) 187
(9,95) (8,95) 107
(9,95) (10,95) 194
(10,95) (9,95) 150
(1,96) (2,96) 159
(2,96) (1,96) 175
(2,96) (3,96) 179
(3,96) (2,96) 139
(3,96) (4,96) 108
(4,96) (3,96) 135
(4,96) (5,96) 110
(5,96) (4,96) 105
(5,96) (6,96) 155
(6,96) (5,96) 114
(6,96) (7,96) 167
(7,96) (6,96) 164
(7,96) (8,96) 158
(8,96) (7,96) 174
(8,96) (9,96) 158
(9,96) (8,96) 185
(9,96) (10,96) 190
(10,96) (9,96) 108
(1,97) (2,97) 109
(2,97) (1,97) 133
(2,97) (3,97) 136
(3,97) (2,97) 120
(3,97) (4,97) 99
(4,97) (3,97) 125
(4,97) (5,97) 107
(5,97) (4,97) 182
(5,97) (6,97) 190
(6,97) (5,97) 114
(6,97) (7,97) 146
(7,97) (6,97) 175
(7,97) (8,97) 177
(8,97) (7,97) 126
(8,97) (9,97) 189
(9,97) (8,97) 154
(9,97) (10,97) 164
(10,97) (9,97) 117
(1,98) (2,98) 120
(2,98) (1,98) 140
(2,98) (3,98) 188
(3,98) (2,98) 183
(3,98) (4,98) 189
(4,98) (3,98) 156
(4,98) (5,98) 98
(5,98) (4,98) 114
(5,98) (6,98) 162
(6,98) (5,98) 154
(6,98) (7,98) 168
(7,98) (6,98) 136
(7,98) (8,98) 112
(8,98) (7,98) 99
(8,98) (9,98) 129
(9,98) (8,98) 160
(9,98) (10,98) 148
(10,98) (9,98) 177
(1,99) (2,99) 119
(2,99) (1,99) 106
(2,99) (3,99) 171
(3,99) (2,99) 156
(3,99) (4,99) 127
(4,99) (3,99) 126
(4,99) (5,99) 133
(5,99) (4,99) 143
(5,99) (6,99) 112
(6,99) (5,99) 129
(6,99) (7,99) 122
(7,99) (6,99) 154
(7,99) (8,99) 167
(8,99) (7,99) 123
(8,99) (9,99) 106
(9,99) (8,99) 142
(9,99) (10,99) 140
(10,99) (9,99) 164
(1,100) (2,100) 95
(2,100) (1,100) 188
(2,100) (3,100) 154
(3,100) (2,100) 109
(3,100) (4,100) 146
(4,100) (3,100) 152
(4,100) (5,100) 178
(5,100) (4,100) 176
(5,100) (6,100) 102
(6,100) (5,100) 148
(6,100) (7,100) 142
(7,100) (6,100) 165
(7,100) (8,100) 153
(8,100) (7,100) 140
(8,100) (9,100) 135
(9,100) (8,100) 157
(9,100) (10,100) 121
(10,100) (9,100) 185
(1,100) t 122
(2,100) t 161
(3,100) t 194
(4,100) t 123
(5,100) t 192
(6,100) t 139
(7,100) t 146
(8,100) t 98
(9,100) t 119
(10,100) t 123
