s (1,1) 39
s (2,1) 38
s (3,1) 74
s (4,1) 75
s (5,1) 94
s (6,1) 46
s (7,1) 90
s (8,1) 28
s (9,1) 80
s (10,1) 94
(1,1) (1,2) 123
(2,1) (2,2) 31
(3,1) (3,2) 33
(4,1) (4,2) 43
(5,1) (5,2) 66
(6,1) (6,2) 71
(7,1) (7,2) 111
(8,1) (8,2) 36
(9,1) (9,2) 115
(10,1) (10,2) 106
(1,2) (1,3) 94
(2,2) (2,3) 76
(3,2) (3,3) 35
(4,2) (4,3) 101
(5,2) (5,3) 26
(6,2) (6,3) 124
(7,2) (7,3) 108
(8,2) (8,3) 105
(9,2) (9,3) 94
(10,2) (10,3) 101
(1,3) (1,4) 63
(2,3) (2,4) 62
(3,3) (3,4) 41
(4,3) (4,4) 86
(5,3) (5,4) 30
(6,3) (6,4) 115
(7,3) (7,4) 28
(8,3) (8,4) 119
(9,3) (9,4) 46
(10,3) (10,4) 105
(1,4) (1,5) 90
(2,4) (2,5) 66
(3,4) (3,5) 88
(4,4) (4,5) 53
(5,4) (5,5) 120
(6,4) (6,5) 71
(7,4) (7,5) 37
(8,4) (8,5) 42
(9,4) (9,5) 54
(10,4) (10,5) 43
(1,5) (1,6) 88
(2,5) (2,6) 123
(3,5) (3,6) 32
(4,5) (4,6) 89
(5,5) (5,6) 92
(6,5) (6,6) 107
(7,5) (7,6) 30
(8,5) (8,6) 114
(9,5) (9,6) 82
(10,5) (10,6) 98
(1,6) (1,7) 26
(2,6) (2,7) 75
(3,6) (3,7) 63
(4,6) (4,7) 96
(5,6) (5,7) 95
(6,6) (6,7) 45
(7,6) (7,7) 97
(8,6) (8,7) 70
(9,6) (9,7) 39
(10,6) (10,7) 29
(1,7) (1,8) 84
(2,7) (2,8) 80
(3,7) (3,8) 86
(4,7) (4,8) 70
(5,7) (5,8) 73
(6,7) (6,8) 27
(7,7) (7,8) 114
(8,7) (8,8) 64
(9,7) (9,8) 39
(10,7) (10,8) 63
(1,8) (1,9) 47
(2,8) (2,9) 79
(3,8) (3,9) 112
(4,8) (4,9) 121
(5,8) (5,9) 104
(6,8) (6,9) 105
(7,8) (7,9) 68
(8,8) (8,9) 100
(9,8) (9,9) 78
(10,8) (10,9) 65
(1,9) (1,10) 73
(2,9) (2,10) 26
(3,9) (3,10) 61
(4,9) (4,10) 25
(5,9) (5,10) 92
(6,9) (6,10) 38
(7,9) (7,10) 97
(8,9) (8,10) 91
(9,9) (9,10) 108
(10,9) (10,10) 112
(1,10) (1,11) 70
(2,10) (2,11) 72
(3,10) (3,11) 120
(4,10) (4,11) 92
(5,10) (5,11) 34
(6,10) (6,11) 118
(7,10) (7,11) 31
(8,10) (8,11) 41
(9,10) (9,11) 109
(10,10) (10,11) 36
(1,11) (1,12) 108
(2,11) (2,12) 110
(3,11) (3,12) 83
(4,11) (4,12) 28
(5,11) (5,12) 92
(6,11) (6,12) 68
(7,11) (7,12) 100
(8,11) (8,12) 96
(9,11) (9,12) 64
(10,11) (10,12) 44
(1,12) (1,13) 73
(2,12) (2,13) 42
(3,12) (3,13) 28
(4,12) (4,13) 27
(5,12) (5,13) 61
(6,12) (6,13) 71
(7,12) (7,13) 86
(8,12) (8,13) 44
(9,12) (9,13) 51
(10,12) (10,13) 100
(1,13) (1,14) 25
(2,13) (2,14) 121
(3,13) (3,14) 94
(4,13) (4,14) 97
(5,13) (5,14) 38
(6,13) (6,14) 82
(7,13) (7,14) 77
(8,13) (8,14) 61
(9,13) (9,14) 60
(10,13) (10,14) 26
(1,14) (1,15) 62
(2,14) (2,15) 82
(3,14) (3,15) 44
(4,14) (4,15) 64
(5,14) (5,15) 81
(6,14) (6,15) 113
(7,14) (7,15) 44
(8,14) (8,15) 36
(9,14) (9,15) 58
(10,14) (10,15) 95
(1,15) (1,16) 45
(2,15) (2,16) 68
(3,15) (3,16) 67
(4,15) (4,16) 69
(5,15) (5,16) 56
(6,15) (6,16) 78
(7,15) (7,16) 36
(8,15) (8,16) 58
(9,15) (9,16) 46
(10,15) (10,16) 111
(1,16) (1,17) 34
(2,16) (2,17) 107
(3,16) (3,17) 104
(4,16) (4,17) 28
(5,16) (5,17) 63
(6,16) (6,17) 38
(7,16) (7,17) 110
(8,16) (8,17) 73
(9,16) (9,17) 68
(10,16) (10,17) 100
(1,17) (1,18) 108
(2,17) (2,18) 40
(3,17) (3,18) 69
(4,17) (4,18) 74
(5,17) (5,18) 27
(6,17) (6,18) 121
(7,17) (7,18) 117
(8,17) (8,18) 83
(9,17) (9,18) 43
(10,17) (10,18) 88
(1,18) (1,19) 71
(2,18) (2,19) 45
(3,18) (3,19) 69
(4,18) (4,19) 119
(5,18) (5,19) 48
(6,18) (6,19) 45
(7,18) (7,19) 37
(8,18) (8,19) 59
(9,18) (9,19) 124
(10,18) (10,19) 120
(1,19) (1,20) 50
(2,19) (2,20) 34
(3,19) (3,20) 61
(4,19) (4,20) 68
(5,19) (5,20) 92
(6,19) (6,20) 31
(7,19) (7,20) 121
(8,19) (8,20) 117
(9,19) (9,20) 44
(10,19) (10,20) 109
(1,20) (1,21) 89
(2,20) (2,21) 90
(3,20) (3,21) 38
(4,20) (4,21) 89
(5,20) (5,21) 37
(6,20) (6,21) 116
(7,20) (7,21) 117
(8,20) (8,21) 64
(9,20) (9,21) 40
(10,20) (10,21) 30
(1,21) (1,22) 57
(2,21) (2,22) 42
(3,21) (3,22) 106
(4,21) (4,22) 117
(5,21) (5,22) 122
(6,21) (6,22) 38
(7,21) (7,22) 81
(8,21) (8,22) 31
(9,21) (9,22) 34
(10,21) (10,22) 58
(1,22) (1,23) 35
(2,22) (2,23) 79
(3,22) (3,23) 43
(4,22) (4,23) 45
(5,22) (5,23) 40
(6,22) (6,23) 101
(7,22) (7,23) 118
(8,22) (8,23) 68
(9,22) (9,23) 103
(10,22) (10,23) 113
(1,23) (1,24) 52
(2,23) (2,24) 43
(3,23) (3,24) 82
(4,23) (4,24) 33
(5,23) (5,24) 63
(6,23) (6,24) 63
(7,23) (7,24) 80
(8,23) (8,24) 28
(9,23) (9,24) 54
(10,23) (10,24) 33
(1,24) (1,25) 101
(2,24) (2,25) 97
(3,24) (3,25) 31
(4,24) (4,25) 56
(5,24) (5,25) 85
(6,24) (6,25) 73
(7,24) (7,25) 94
(8,24) (8,25) 83
(9,24) (9,25) 89
(10,24) (10,25) 54
(1,25) (1,26) 75
(2,25) (2,26) 103
(3,25) (3,26) 57
(4,25) (4,26) 70
(5,25) (5,26) 117
(6,25) (6,26) 37
(7,25) (7,26) 63
(8,25) (8,26) 48
(9,25) (9,26) 118
(10,25) (10,26) 113
(1,26) (1,27) 79
(2,26) (2,27) 86
(3,26) (3,27) 106
(4,26) (4,27) 46
(5,26) (5,27) 106
(6,26) (6,27) 82
(7,26) (7,27) 103
(8,26) (8,27) 80
(9,26) (9,27) 80
(10,26) (10,27) 87
(1,27) (1,28) 59
(2,27) (2,28) 76
(3,27) (3,28) 92
(4,27) (4,28) 81
(5,27) (5,28) 121
(6,27) (6,28) 84
(7,27) (7,28) 102
(8,27) (8,28) 124
(9,27) (9,28) 115
(10,27) (10,28) 45
(1,28) (1,29) 84
(2,28) (2,29) 119
(3,28) (3,29) 77
(4,28) (4,29) 81
(5,28) (5,29) 88
(6,28) (6,29) 105
(7,28) (7,29) 120
(8,28) (8,29) 33
(9,28) (9,29) 103
(10,28) (10,29) 82
(1,29) (1,30) 94
(2,29) (2,30) 68
(3,29) (3,30) 31
(4,29) (4,30) 124
(5,29) (5,30) 94
(6,29) (6,30) 43
(7,29) (7,30) 66
(8,29) (8,30) 44
(9,29) (9,30) 100
(10,29) (10,30) 65
(1,30) (1,31) 34
(2,30) (2,31) 59
(3,30) (3,31) 66
(4,30) (4,31) 86
(5,30) (5,31) 117
(6,30) (6,31) 49
(7,30) (7,31) 78
(8,30) (8,31) 120
(9,30) (9,31) 74
(10,30) (10,31) 59
(1,31) (1,32) 88
(2,31) (2,32) 106
(3,31) (3,32) 71
(4,31) (4,32) 110
(5,31) (5,32) 120
(6,31) (6,32) 86
(7,31) (7,32) 98
(8,31) (8,32) 36
(9,31) (9,32) 48
(10,31) (10,32) 106
(1,32) (1,33) 31
(2,32) (2,33) 54
(3,32) (3,33) 117
(4,32) (4,33) 90
(5,32) (5,33) 48
(6,32) (6,33) 59
(7,32) (7,33) 104
(8,32) (8,33) 80
(9,32) (9,33) 60
(10,32) (10,33) 97
(1,33) (1,34) 65
(2,33) (2,34) 38
(3,33) (3,34) 65
(4,33) (4,34) 34
(5,33) (5,34) 120
(6,33) (6,34) 123
(7,33) (7,34) 97
(8,33) (8,34) 74
(9,33) (9,34) 119
(10,33) (10,34) 105
(1,34) (1,35) 25
(2,34) (2,35) 108
(3,34) (3,35) 80
(4,34) (4,35) 74
(5,34) (5,35) 25
(6,34) (6,35) 31
(7,34) (7,35) 99
(8,34) (8,35) 44
(9,34) (9,35) 48
(10,34) (10,35) 64
(1,35) (1,36) 66
(2,35) (2,36) 103
(3,35) (3,36) 36
(4,35) (4,36) 101
(5,35) (5,36) 101
(6,35) (6,36) 67
(7,35) (7,36) 37
(8,35) (8,36) 36
(9,35) (9,36) 56
(10,35) (10,36) 76
(1,36) (1,37) 59
(2,36) (2,37) 58
(3,36) (3,37) 68
(4,36) (4,37) 35
(5,36) (5,37) 123
(6,36) (6,37) 51
(7,36) (7,37) 105
(8,36) (8,37) 26
(9,36) (9,37) 47
(10,36) (10,37) 80
(1,37) (1,38) 123
(2,37) (2,38) 79
(3,37) (3,38) 86
(4,37) (4,38) 69
(5,37) (5,38) 57
(6,37) (6,38) 45
(7,37) (7,38) 86
(8,37) (8,38) 97
(9,37) (9,38) 51
(10,37) (10,38) 81
(1,38) (1,39) 30
(2,38) (2,39) 71
(3,38) (3,39) 28
(4,38) (4,39) 101
(5,38) (5,39) 84
(6,38) (6,39) 43
(7,38) (7,39) 26
(8,38) (8,39) 107
(9,38) (9,39) 108
(10,38) (10,39) 54
(1,39) (1,40) 66
(2,39) (2,40) 89
(3,39) (3,40) 91
(4,39) (4,40) 58
(5,39) (5,40) 77
(6,39) (6,40) 28
(7,39) (7,40) 98
(8,39) (8,40) 114
(9,39) (9,40) 74
(10,39) (10,40) 43
(1,40) (1,41) 79
(2,40) (2,41) 83
(3,40) (3,41) 87
(4,40) (4,41) 34
(5,40) (5,41) 62
(6,40) (6,41) 89
(7,40) (7,41) 74
(8,40) (8,41) 60
(9,40) (9,41) 47
(10,40) (10,41) 65
(1,41) (1,42) 115
(2,41) (2,42) 67
(3,41) (3,42) 100
(4,41) (4,42) 111
(5,41) (5,42) 103
(6,41) (6,42) 35
(7,41) (7,42) 73
(8,41) (8,42) 87
(9,41) (9,42) 45
(10,41) (10,42) 54
(1,42) (1,43) 115
(2,42) (2,43) 76
(3,42) (3,43) 103
(4,42) (4,43) 83
(5,42) (5,43) 121
(6,42) (6,43) 118
(7,42) (7,43) 41
(8,42) (8,43) 33
(9,42) (9,43) 115
(10,42) (10,43) 79
(1,43) (1,44) 61
(2,43) (2,44) 79
(3,43) (3,44) 94
(4,43) (4,44) 30
(5,43) (5,44) 78
(6,43) (6,44) 110
(7,43) (7,44) 30
(8,43) (8,44) 31
(9,43) (9,44) 66
(10,43) (10,44) 99
(1,44) (1,45) 58
(2,44) (2,45) 54
(3,44) (3,45) 28
(4,44) (4,45) 87
(5,44) (5,45) 49
(6,44) (6,45) 54
(7,44) (7,45) 116
(8,44) (8,45) 45
(9,44) (9,45) 114
(10,44) (10,45) 82
(1,45) (1,46) 74
(2,45) (2,46) 48
(3,45) (3,46) 83
(4,45) (4,46) 96
(5,45) (5,46) 93
(6,45) (6,46) 46
(7,45) (7,46) 76
(8,45) (8,46) 98
(9,45) (9,46) 44
(10,45) (10,46) 33
(1,46) (1,47) 98
(2,46) (2,47) 99
(3,46) (3,47) 123
(4,46) (4,47) 93
(5,46) (5,47) 39
(6,46) (6,47) 54
(7,46) (7,47) 33
(8,46) (8,47) 63
(9,46) (9,47) 115
(10,46) (10,47) 117
(1,47) (1,48) 99
(2,47) (2,48) 120
(3,47) (3,48) 61
(4,47) (4,48) 117
(5,47) (5,48) 77
(6,47) (6,48) 65
(7,47) (7,48) 118
(8,47) (8,48) 38
(9,47) (9,48) 89
(10,47) (10,48) 96
(1,48) (1,49) 68
(2,48) (2,49) 60
(3,48) (3,49) 68
(4,48) (4,49) 117
(5,48) (5,49) 96
(6,48) (6,49) 25
(7,48) (7,49) 89
(8,48) (8,49) 75
(9,48) (9,49) 68
(10,48) (10,49) 70
(1,49) (1,50) 33
(2,49) (2,50) 118
(3,49) (3,50) 71
(4,49) (4,50) 100
(5,49) (5,50) 33
(6,49) (6,50) 61
(7,49) (7,50) 58
(8,49) (8,50) 38
(9,49) (9,50) 51
(10,49) (10,50) 64
(1,50) (1,51) 68
(2,50) (2,51) 107
(3,50) (3,51) 56
(4,50) (4,51) 46
(5,50) (5,51) 84
(6,50) (6,51) 46
(7,50) (7,51) 67
(8,50) (8,51) 89
(9,50) (9,51) 39
(10,50) (10,51) 87
(1,51) (1,52) 47
(2,51) (2,52) 31
(3,51) (3,52) 117
(4,51) (4,52) 96
(5,51) (5,52) 87
(6,51) (6,52) 120
(7,51) (7,52) 49
(8,51) (8,52) 92
(9,51) (9,52) 115
(10,51) (10,52) 46
(1,52) (1,53) 113
(2,52) (2,53) 81
(3,52) (3,53) 112
(4,52) (4,53) 90
(5,52) (5,53) 117
(6,52) (6,53) 36
(7,52) (7,53) 49
(8,52) (8,53) 44
(9,52) (9,53) 55
(10,52) (10,53) 95
(1,53) (1,54) 101
(2,53) (2,54) 59
(3,53) (3,54) 96
(4,53) (4,54) 83
(5,53) (5,54) 89
(6,53) (6,54) 34
(7,53) (7,54) 53
(8,53) (8,54) 80
(9,53) (9,54) 41
(10,53) (10,54) 95
(1,54) (1,55) 124
(2,54) (2,55) 119
(3,54) (3,55) 79
(4,54) (4,55) 31
(5,54) (5,55) 75
(6,54) (6,55) 51
(7,54) (7,55) 44
(8,54) (8,55) 111
(9,54) (9,55) 28
(10,54) (10,55) 63
(1,55) (1,56) 56
(2,55) (2,56) 98
(3,55) (3,56) 56
(4,55) (4,56) 43
(5,55) (5,56) 103
(6,55) (6,56) 99
(7,55) (7,56) 33
(8,55) (8,56) 42
(9,55) (9,56) 73
(10,55) (10,56) 77
(1,56) (1,57) 95
(2,56) (2,57) 105
(3,56) (3,57) 110
(4,56) (4,57) 118
(5,56) (5,57) 94
(6,56) (6,57) 39
(7,56) (7,57) 73
(8,56) (8,57) 78
(9,56) (9,57) 70
(10,56) (10,57) 44
(1,57) (1,58) 88
(2,57) (2,58) 119
(3,57) (3,58) 29
(4,57) (4,58) 55
(5,57) (5,58) 103
(6,57) (6,58) 55
(7,57) (7,58) 46
(8,57) (8,58) 120
(9,57) (9,58) 43
(10,57) (10,58) 104
(1,58) (1,59) 99
(2,58) (2,59) 116
(3,58) (3,59) 90
(4,58) (4,59) 31
(5,58) (5,59) 124
(6,58) (6,59) 110
(7,58) (7,59) 59
(8,58) (8,59) 99
(9,58) (9,59) 43
(10,58) (10,59) 34
(1,59) (1,60) 47
(2,59) (2,60) 105
(3,59) (3,60) 81
(4,59) (4,60) 119
(5,59) (5,60) 63
(6,59) (6,60) 63
(7,59) (7,60) 103
(8,59) (8,60) 77
(9,59) (9,60) 94
(10,59) (10,60) 90
(1,60) (1,61) 74
(2,60) (2,61) 102
(3,60) (3,61) 84
(4,60) (4,61) 85
(5,60) (5,61) 69
(6,60) (6,61) 28
(7,60) (7,61) 49
(8,60) (8,61) 111
(9,60) (9,61) 108
(10,60) (10,61) 37
(1,61) (1,62) 43
(2,61) (2,62) 29
(3,61) (3,62) 83
(4,61) (4,62) 90
(5,61) (5,62) 51
(6,61) (6,62) 29
(7,61) (7,62) 49
(8,61) (8,62) 116
(9,61) (9,62) 82
(10,61) (10,62) 99
(1,62) (1,63) 91
(2,62) (2,63) 112
(3,62) (3,63) 101
(4,62) (4,63) 91
(5,62) (5,63) 61
(6,62) (6,63) 67
(7,62) (7,63) 92
(8,62) (8,63) 104
(9,62) (9,63) 51
(10,62) (10,63) 47
(1,63) (1,64) 115
(2,63) (2,64) 65
(3,63) (3,64) 102
(4,63) (4,64) 122
(5,63) (5,64) 64
(6,63) (6,64) 77
(7,63) (7,64) 121
(8,63) (8,64) 101
(9,63) (9,64) 91
(10,63) (10,64) 40
(1,64) (1,65) 119
(2,64) (2,65) 112
(3,64) (3,65) 81
(4,64) (4,65) 60
(5,64) (5,65) 75
(6,64) (6,65) 92
(7,64) (7,65) 81
(8,64) (8,65) 33
(9,64) (9,65) 120
(10,64) (10,65) 74
(1,65) (1,66) 112
(2,65) (2,66) 27
(3,65) (3,66) 108
(4,65) (4,66) 96
(5,65) (5,66) 41
(6,65) (6,66) 80
(7,65) (7,66) 59
(8,65) (8,66) 42
(9,65) (9,66) 68
(10,65) (10,66) 74
(1,66) (1,67) 61
(2,66) (2,67) 40
(3,66) (3,67) 72
(4,66) (4,67) 51
(5,66) (5,67) 112
(6,66) (6,67) 67
(7,66) (7,67) 60
(8,66) (8,67) 46
(9,66) (9,67) 101
(10,66) (10,67) 66
(1,67) (1,68) 91
(2,67) (2,68) 65
(3,67) (3,68) 114
(4,67) (4,68) 85
(5,67) (5,68) 52
(6,67) (6,68) 102
(7,67) (7,68) 109
(8,67) (8,68) 37
(9,67) (9,68) 41
(10,67) (10,68) 115
(1,68) (1,69) 36
(2,68) (2,69) 75
(3,68) (3,69) 124
(4,68) (4,69) 119
(5,68) (5,69) 72
(6,68) (6,69) 71
(7,68) (7,69) 53
(8,68) (8,69) 119
(9,68) (9,69) 44
(10,68) (10,69) 83
(1,69) (1,70) 43
(2,69) (2,70) 121
(3,69) (3,70) 123
(4,69) (4,70) 48
(5,69) (5,70) 33
(6,69) (6,70) 52
(7,69) (7,70) 114
(8,69) (8,70) 57
(9,69) (9,70) 93
(10,69) (10,70) 82
(1,70) (1,71) 89
(2,70) (2,71) 67
(3,70) (3,71) 96
(4,70) (4,71) 43
(5,70) (5,71) 98
(6,70) (6,71) 25
(7,70) (7,71) 49
(8,70) (8,71) 103
(9,70) (9,71) 63
(10,70) (10,71) 66
(1,71) (1,72) 84
(2,71) (2,72) 46
(3,71) (3,72) 69
(4,71) (4,72) 40
(5,71) (5,72) 107
(6,71) (6,72) 63
(7,71) (7,72) 105
(8,71) (8,72) 119
(9,71) (9,72) 60
(10,71) (10,72) 40
(1,72) (1,73) 55
(2,72) (2,73) 116
(3,72) (3,73) 90
(4,72) (4,73) 37
(5,72) (5,73) 107
(6,72) (6,73) 52
(7,72) (7,73) 54
(8,72) (8,73) 73
(9,72) (9,73) 68
(10,72) (10,73) 86
(1,73) (1,74) 71
(2,73) (2,74) 47
(3,73) (3,74) 88
(4,73) (4,74) 64
(5,73) (5,74) 53
(6,73) (6,74) 49
(7,73) (7,74) 89
(8,73) (8,74) 116
(9,73) (9,74) 123
(10,73) (10,74) 51
(1,74) (1,75) 66
(2,74) (2,75) 72
(3,74) (3,75) 76
(4,74) (4,75) 102
(5,74) (5,75) 103
(6,74) (6,75) 45
(7,74) (7,75) 96
(8,74) (8,75) 87
(9,74) (9,75) 36
(10,74) (10,75) 110
(1,75) (1,76) 73
(2,75) (2,76) 112
(3,75) (3,76) 41
(4,75) (4,76) 30
(5,75) (5,76) 41
(6,75) (6,76) 54
(7,75) (7,76) 94
(8,75) (8,76) 34
(9,75) (9,76) 95
(10,75) (10,76) 62
(1,76) (1,77) 124
(2,76) (2,77) 64
(3,76) (3,77) 33
(4,76) (4,77) 62
(5,76) (5,77) 79
(6,76) (6,77) 77
(7,76) (7,77) 72
(8,76) (8,77) 119
(9,76) (9,77) 121
(10,76) (10,77) 62
(1,77) (1,78) 43
(2,77) (2,78) 30
(3,77) (3,78) 46
(4,77) (4,78) 108
(5,77) (5,78) 123
(6,77) (6,78) 124
(7,77) (7,78) 91
(8,77) (8,78) 69
(9,77) (9,78) 88
(10,77) (10,78) 31
(1,78) (1,79) 116
(2,78) (2,79) 67
(3,78) (3,79) 58
(4,78) (4,79) 38
(5,78) (5,79) 36
(6,78) (6,79) 92
(7,78) (7,79) 67
(8,78) (8,79) 32
(9,78) (9,79) 59
(10,78) (10,79) 88
(1,79) (1,80) 72
(2,79) (2,80) 38
(3,79) (3,80) 96
(4,79) (4,80) 87
(5,79) (5,80) 107
(6,79) (6,80) 95
(7,79) (7,80) 98
(8,79) (8,80) 27
(9,79) (9,80) 56
(10,79) (10,80) 42
(1,80) (1,81) 34
(2,80) (2,81) 122
(3,80) (3,81) 120
(4,80) (4,81) 92
(5,80) (5,81) 106
(6,80) (6,81) 84
(7,80) (7,81) 116
(8,80) (8,81) 39
(9,80) (9,81) 40
(10,80) (10,81) 85
(1,81) (1,82) 51
(2,81) (2,82) 90
(3,81) (3,82) 59
(4,81) (4,82) 54
(5,81) (5,82) 50
(6,81) (6,82) 74
(7,81) (7,82) 54
(8,81) (8,82) 27
(9,81) (9,82) 124
(10,81) (10,82) 103
(1,82) (1,83) 112
(2,82) (2,83) 116
(3,82) (3,83) 77
(4,82) (4,83) 65
(5,82) (5,83) 75
(6,82) (6,83) 61
(7,82) (7,83) 79
(8,82) (8,83) 74
(9,82) (9,83) 69
(10,82) (10,83) 76
(1,83) (1,84) 76
(2,83) (2,84) 37
(3,83) (3,84) 102
(4,83) (4,84) 65
(5,83) (5,84) 103
(6,83) (6,84) 76
(7,83) (7,84) 124
(8,83) (8,84) 58
(9,83) (9,84) 66
(10,83) (10,84) 27
(1,84) (1,85) 110
(2,84) (2,85) 29
(3,84) (3,85) 80
(4,84) (4,85) 66
(5,84) (5,85) 119
(6,84) (6,85) 92
(7,84) (7,85) 28
(8,84) (8,85) 105
(9,84) (9,85) 30
(10,84) (10,85) 75
(1,85) (1,86) 26
(2,85) (2,86) 103
(3,85) (3,86) 87
(4,85) (4,86) 52
(5,85) (5,86) 86
(6,85) (6,86) 108
(7,85) (7,86) 61
(8,85) (8,86) 44
(9,85) (9,86) 94
(10,85) (10,86) 79
(1,86) (1,87) 56
(2,86) (2,87) 106
(3,86) (3,87) 122
(4,86) (4,87) 101
(5,86) (5,87) 55
(6,86) (6,87) 98
(7,86) (7,87) 124
(8,86) (8,87) 124
(9,86) (9,87) 26
(10,86) (10,87) 57
(1,87) (1,88) 55
(2,87) (2,88) 45
(3,87) (3,88) 42
(4,87) (4,88) 88
(5,87) (5,88) 47
(6,87) (6,88) 101
(7,87) (7,88) 81
(8,87) (8,88) 119
(9,87) (9,88) 66
(10,87) (10,88) 83
(1,88) (1,89) 105
(2,88) (2,89) 91
(3,88) (3,89) 82
(4,88) (4,89) 27
(5,88) (5,89) 105
(6,88) (6,89) 119
(7,88) (7,89) 40
(8,88) (8,89) 50
(9,88) (9,89) 107
(10,88) (10,89) 124
(1,89) (1,90) 38
(2,89) (2,90) 78
(3,89) (3,90) 70
(4,89) (4,90) 72
(5,89) (5,90) 93
(6,89) (6,90) 25
(7,89) (7,90) 40
(8,89) (8,90) 31
(9,89) (9,90) 54
(10,89) (10,90) 119
(1,90) (1,91) 49
(2,90) (2,91) 61
(3,90) (3,91) 33
(4,90) (4,91) 60
(5,90) (5,91) 58
(6,90) (6,91) 39
(7,90) (7,91) 29
(8,90) (8,91) 117
(9,90) (9,91) 32
(10,90) (10,91) 117
(1,91) (1,92) 51
(2,91) (2,92) 58
(3,91) (3,92) 38
(4,91) (4,92) 76
(5,91) (5,92) 31
(6,91) (6,92) 65
(7,91) (7,92) 34
(8,91) (8,92) 102
(9,91) (9,92) 41
(10,91) (10,92) 27
(1,92) (1,93) 56
(2,92) (2,93) 91
(3,92) (3,93) 59
(4,92) (4,93) 79
(5,92) (5,93) 96
(6,92) (6,93) 82
(7,92) (7,93) 57
(8,92) (8,93) 81
(9,92) (9,93) 30
(10,92) (10,93) 93
(1,93) (1,94) 73
(2,93) (2,94) 120
(3,93) (3,94) 121
(4,93) (4,94) 91
(5,93) (5,94) 102
(6,93) (6,94) 29
(7,93) (7,94) 77
(8,93) (8,94) 98
(9,93) (9,94) 97
(10,93) (10,94) 92
(1,94) (1,95) 118
(2,94) (2,95) 68
(3,94) (3,95) 119
(4,94) (4,95) 64
(5,94) (5,95) 45
(6,94) (6,95) 46
(7,94) (7,95) 110
(8,94) (8,95) 51
(9,94) (9,95) 90
(10,94) (10,95) 107
(1,95) (1,96) 94
(2,95) (2,96) 76
(3,95) (3,96) 116
(4,95) (4,96) 95
(5,95) (5,96) 40
(6,95) (6,96) 26
(7,95) (7,96) 34
(8,95) (8,96) 45
(9,95) (9,96) 122
(10,95) (10,96) 106
(1,96) (1,97) 51
(2,96) (2,97) 99
(3,96) (3,97) 114
(4,96) (4,97) 96
(5,96) (5,97) 109
(6,96) (6,97) 25
(7,96) (7,97) 41
(8,96) (8,97) 35
(9,96) (9,97) 108
(10,96) (10,97) 116
(1,97) (1,98) 88
(2,97) (2,98) 91
(3,97) (3,98) 97
(4,97) (4,98) 106
(5,97) (5,98) 70
(6,97) (6,98) 53
(7,97) (7,98) 62
(8,97) (8,98) 84
(9,97) (9,98) 98
(10,97) (10,98) 54
(1,98) (1,99) 80
(2,98) (2,99) 48
(3,98) (3,99) 67
(4,98) (4,99) 52
(5,98) (5,99) 120
(6,98) (6,99) 112
(7,98) (7,99) 98
(8,98) (8,99) 31
(9,98) (9,99) 92
(10,98) (10,99) 99
(1,99) (1,100) 99
(2,99) (2,100) 115
(3,99) (3,100) 89
(4,99) (4,100) 67
(5,99) (5,100) 41
(6,99) (6,100) 123
(7,99) (7,100) 78
(8,99) (8,100) 33
(9,99) (9,100) 114
(10,99) (10,100) 79
(1,1) (2,1) 69
(2,1) (1,1) 94
(2,1) (3,1) 66
(3,1) (2,1) 74
(3,1) (4,1) 50
(4,1) (3,1) 70
(4,1) (5,1) 96
(5,1) (4,1) 100
(5,1) (6,1) 46
(6,1) (5,1) 99
(6,1) (7,1) 124
(7,1) (6,1) 34
(7,1) (8,1) 109
(8,1) (7,1) 55
(8,1) (9,1) 69
(9,1) (8,1) 116
(9,1) (10,1) 51
(10,1) (9,1) 91
(1,2) (2,2) 108
(2,2) (1,2) 117
(2,2) (3,2) 97
(3,2) (2,2) 30
(3,2) (4,2) 98
(4,2) (3,2) 29
(4,2) (5,2) 44
(5,2) (4,2) 30
(5,2) (6,2) 109
(6,2) (5,2) 98
(6,2) (7,2) 92
(7,2) (6,2) 98
(7,2) (8,2) 37
(8,2) (7,2) 31
(8,2) (9,2) 110
(9,2) (8,2) 83
(9,2) (10,2) 86
(10,2) (9,2) 25
(1,3) (2,3) 49
(2,3) (1,3) 56
(2,3) (3,3) 25
(3,3) (2,3) 117
(3,3) (4,3) 44
(4,3) (3,3) 39
(4,3) (5,3) 63
(5,3) (4,3) 75
(5,3) (6,3) 89
(6,3) (5,3) 66
(6,3) (7,3) 70
(7,3) (6,3) 79
(7,3) (8,3) 89
(8,3) (7,3) 100
(8,3) (9,3) 67
(9,3) (8,3) 70
(9,3) (10,3) 83
(10,3) (9,3) 77
(1,4) (2,4) 94
(2,4) (1,4) 51
(2,4) (3,4) 110
(3,4) (2,4) 111
(3,4) (4,4) 86
(4,4) (3,4) 67
(4,4) (5,4) 43
(5,4) (4,4) 40
(5,4) (6,4) 49
(6,4) (5,4) 118
(6,4) (7,4) 90
(7,4) (6,4) 73
(7,4) (8,4) 37
(8,4) (7,4) 44
(8,4) (9,4) 98
(9,4) (8,4) 69
(9,4) (10,4) 112
(10,4) (9,4) 77
(1,5) (2,5) 96
(2,5) (1,5) 123
(2,5) (3,5) 41
(3,5) (2,5) 53
(3,5) (4,5) 108
(4,5) (3,5) 44
(4,5) (5,5) 35
(5,5) (4,5) 78
(5,5) (6,5) 50
(6,5) (5,5) 55
(6,5) (7,5) 119
(7,5) (6,5) 104
(7,5) (8,5) 112
(8,5) (7,5) 100
(8,5) (9,5) 99
(9,5) (8,5) 78
(9,5) (10,5) 25
(10,5) (9,5) 119
(1,6) (2,6) 70
(2,6) (1,6) 111
(2,6) (3,6) 51
(3,6) (2,6) 83
(3,6) (4,6) 116
(4,6) (3,6) 37
(4,6) (5,6) 90
(5,6) (4,6) 94
(5,6) (6,6) 90
(6,6) (5,6) 67
(6,6) (7,6) 116
(7,6) (6,6) 95
(7,6) (8,6) 103
(8,6) (7,6) 43
(8,6) (9,6) 118
(9,6) (8,6) 32
(9,6) (10,6) 122
(10,6) (9,6) 112
(1,7) (2,7) 89
(2,7) (1,7) 69
(2,7) (3,7) 49
(3,7) (2,7) 100
(3,7) (4,7) 51
(4,7) (3,7) 111
(4,7) (5,7) 83
(5,7) (4,7) 68
(5,7) (6,7) 85
(6,7) (5,7) 123
(6,7) (7,7) 101
(7,7) (6,7) 117
(7,7) (8,7) 120
(8,7) (7,7) 34
(8,7) (9,7) 30
(9,7) (8,7) 101
(9,7) (10,7) 83
(10,7) (9,7) 35
(1,8) (2,8) 33
(2,8) (1,8) 59
(2,8) (3,8) 124
(3,8) (2,8) 62
(3,8) (4,8) 82
(4,8) (3,8) 46
(4,8) (5,8) 29
(5,8) (4,8) 112
(5,8) (6,8) 26
(6,8) (5,8) 116
(6,8) (7,8) 55
(7,8) (6,8) 65
(7,8) (8,8) 119
(8,8) (7,8) 40
(8,8) (9,8) 50
(9,8) (8,8) 62
(9,8) (10,8) 98
(10,8) (9,8) 37
(1,9) (2,9) 63
(2,9) (1,9) 29
(2,9) (3,9) 95
(3,9) (2,9) 26
(3,9) (4,9) 101
(4,9) (3,9) 58
(4,9) (5,9) 84
(5,9) (4,9) 108
(5,9) (6,9) 59
(6,9) (5,9) 100
(6,9) (7,9) 53
(7,9) (6,9) 71
(7,9) (8,9) 36
(8,9) (7,9) 48
(8,9) (9,9) 92
(9,9) (8,9) 41
(9,9) (10,9) 63
(10,9) (9,9) 110
(1,10) (2,10) 92
(2,10) (1,10) 60
(2,10) (3,10) 35
(3,10) (2,10) 55
(3,10) (4,10) 43
(4,10) (3,10) 35
(4,10) (5,10) 74
(5,10) (4,10) 56
(5,10) (6,10) 123
(6,10) (5,10) 97
(6,10) (7,10) 101
(7,10) (6,10) 85
(7,10) (8,10) 104
(8,10) (7,10) 54
(8,10) (9,10) 102
(9,10) (8,10) 97
(9,10) (10,10) 32
(10,10) (9,10) 90
(1,11) (2,11) 38
(2,11) (1,11) 117
(2,11) (3,11) 44
(3,11) (2,11) 32
(3,11) (4,11) 67
(4,11) (3,11) 108
(4,11) (5,11) 60
(5,11) (4,11) 36
(5,11) (6,11) 90
(6,11) (5,11) 83
(6,11) (7,11) 29
(7,11) (6,11) 37
(7,11) (8,11) 79
(8,11) (7,11) 82
(8,11) (9,11) 113
(9,11) (8,11) 91
(9,11) (10,11) 66
(10,11) (9,11) 108
(1,12) (2,12) 35
(2,12) (1,12) 96
(2,12) (3,12) 27
(3,12) (2,12) 47
(3,12) (4,12) 63
(4,12) (3,12) 43
(4,12) (5,12) 70
(5,12) (4,12) 120
(5,12) (6,12) 57
(6,12) (5,12) 118
(6,12) (7,12) 104
(7,12) (6,12) 30
(7,12) (8,12) 78
(8,12) (7,12) 48
(8,12) (9,12) 82
(9,12) (8,12) 109
(9,12) (10,12) 30
(10,12) (9,12) 60
(1,13) (2,13) 95
(2,13) (1,13) 30
(2,13) (3,13) 122
(3,13) (2,13) 95
(3,13) (4,13) 37
(4,13) (3,13) 31
(4,13) (5,13) 120
(5,13) (4,13) 30
(5,13) (6,13) 113
(6,13) (5,13) 70
(6,13) (7,13) 112
(7,13) (6,13) 61
(7,13) (8,13) 104
(8,13) (7,13) 79
(8,13) (9,13) 54
(9,13) (8,13) 76
(9,13) (10,13) 39
(10,13) (9,13) 82
(1,14) (2,14) 83
(2,14) (1,14) 113
(2,14) (3,14) 79
(3,14) (2,14) 114
(3,14) (4,14) 51
(4,14) (3,14) 105
(4,14) (5,14) 82
(5,14) (4,14) 37
(5,14) (6,14) 96
(6,14) (5,14) 72
(6,14) (7,14) 90
(7,14) (6,14) 105
(7,14) (8,14) 60
(8,14) (7,14) 84
(8,14) (9,14) 91
(9,14) (8,14) 120
(9,14) (10,14) 40
(10,14) (9,14) 38
(1,15) (2,15) 121
(2,15) (1,15) 123
(2,15) (3,15) 89
(3,15) (2,15) 93
(3,15) (4,15) 120
(4,15) (3,15) 77
(4,15) (5,15) 82
(5,15) (4,15) 52
(5,15) (6,15) 75
(6,15) (5,15) 116
(6,15) (7,15) 28
(7,15) (6,15) 110
(7,15) (8,15) 89
(8,15) (7,15) 102
(8,15) (9,15) 94
(9,15) (8,15) 96
(9,15) (10,15) 119
(10,15) (9,15) 79
(1,16) (2,16) 120
(2,16) (1,16) 108
(2,16) (3,16) 63
(3,16) (2,16) 105
(3,16) (4,16) 110
(4,16) (3,16) 58
(4,16) (5,16) 89
(5,16) (4,16) 120
(5,16) (6,16) 43
(6,16) (5,16) 101
(6,16) (7,16) 96
(7,16) (6,16) 80
(7,16) (8,16) 93
(8,16) (7,16) 59
(8,16) (9,16) 41
(9,16) (8,16) 42
(9,16) (10,16) 48
(10,16) (9,16) 25
(1,17) (2,17) 124
(2,17) (1,17) 120
(2,17) (3,17) 42
(3,17) (2,17) 42
(3,17) (4,17) 80
(4,17) (3,17) 88
(4,17) (5,17) 113
(5,17) (4,17) 103
(5,17) (6,17) 105
(6,17) (5,17) 75
(6,17) (7,17) 53
(7,17) (6,17) 25
(7,17) (8,17) 89
(8,17) (7,17) 83
(8,17) (9,17) 86
(9,17) (8,17) 27
(9,17) (10,17) 119
(10,17) (9,17) 47
(1,18) (2,18) 85
(2,18) (1,18) 94
(2,18) (3,18) 73
(3,18) (2,18) 92
(3,18) (4,18) 55
(4,18) (3,18) 82
(4,18) (5,18) 32
(5,18) (4,18) 59
(5,18) (6,18) 95
(6,18) (5,18) 104
(6,18) (7,18) 54
(7,18) (6,18) 85
(7,18) (8,18) 89
(8,18) (7,18) 79
(8,18) (9,18) 62
(9,18) (8,18) 50
(9,18) (10,18) 33
(10,18) (9,18) 52
(1,19) (2,19) 43
(2,19) (1,19) 41
(2,19) (3,19) 101
(3,19) (2,19) 114
(3,19) (4,19) 95
(4,19) (3,19) 101
(4,19) (5,19) 67
(5,19) (4,19) 46
(5,19) (6,19) 82
(6,19) (5,19) 98
(6,19) (7,19) 35
(7,19) (6,19) 116
(7,19) (8,19) 79
(8,19) (7,19) 27
(8,19) (9,19) 73
(9,19) (8,19) 27
(9,19) (10,19) 120
(10,19) (9,19) 73
(1,20) (2,20) 76
(2,20) (1,20) 116
(2,20) (3,20) 45
(3,20) (2,20) 80
(3,20) (4,20) 98
(4,20) (3,20) 99
(4,20) (5,20) 48
(5,20) (4,20) 117
(5,20) (6,20) 32
(6,20) (5,20) 50
(6,20) (7,20) 84
(7,20) (6,20) 64
(7,20) (8,20) 34
(8,20) (7,20) 30
(8,20) (9,20) 124
(9,20) (8,20) 61
(9,20) (10,20) 49
(10,20) (9,20) 99
(1,21) (2,21) 48
(2,21) (1,21) 59
(2,21) (3,21) 108
(3,21) (2,21) 60
(3,21) (4,21) 53
(4,21) (3,21) 112
(4,21) (5,21) 25
(5,21) (4,21) 50
(5,21) (6,21) 74
(6,21) (5,21) 89
(6,21) (7,21) 45
(7,21) (6,21) 35
(7,21) (8,21) 63
(8,21) (7,21) 77
(8,21) (9,21) 39
(9,21) (8,21) 58
(9,21) (10,21) 71
(10,21) (9,21) 32
(1,22) (2,22) 83
(2,22) (1,22) 81
(2,22) (3,22) 79
(3,22) (2,22) 79
(3,22) (4,22) 109
(4,22) (3,22) 66
(4,22) (5,22) 84
(5,22) (4,22) 34
(5,22) (6,22) 50
(6,22) (5,22) 80
(6,22) (7,22) 35
(7,22) (6,22) 87
(7,22) (8,22) 79
(8,22) (7,22) 107
(8,22) (9,22) 79
(9,22) (8,22) 58
(9,22) (10,22) 74
(10,22) (9,22) 99
(1,23) (2,23) 56
(2,23) (1,23) 78
(2,23) (3,23) 75
(3,23) (2,23) 54
(3,23) (4,23) 64
(4,23) (3,23) 28
(4,23) (5,23) 98
(5,23) (4,23) 52
(5,23) (6,23) 38
(6,23) (5,23) 49
(6,23) (7,23) 114
(7,23) (6,23) 33
(7,23) (8,23) 52
(8,23) (7,23) 95
(8,23) (9,23) 89
(9,23) (8,23) 110
(9,23) (10,23) 102
(10,23) (9,23) 97
(1,24) (2,24) 93
(2,24) (1,24) 80
(2,24) (3,24) 50
(3,24) (2,24) 84
(3,24) (4,24) 69
(4,24) (3,24) 94
(4,24) (5,24) 95
(5,24) (4,24) 111
(5,24) (6,24) 56
(6,24) (5,24) 46
(6,24) (7,24) 28
(7,24) (6,24) 97
(7,24) (8,24) 46
(8,24) (7,24) 67
(8,24) (9,24) 113
(9,24) (8,24) 115
(9,24) (10,24) 108
(10,24) (9,24) 66
(1,25) (2,25) 110
(2,25) (1,25) 44
(2,25) (3,25) 59
(3,25) (2,25) 119
(3,25) (4,25) 25
(4,25) (3,25) 70
(4,25) (5,25) 50
(5,25) (4,25) 76
(5,25) (6,25) 50
(6,25) (5,25) 76
(6,25) (7,25) 69
(7,25) (6,25) 114
(7,25) (8,25) 74
(8,25) (7,25) 89
(8,25) (9,25) 50
(9,25) (8,25) 123
(9,25) (10,25) 88
(10,25) (9,25) 85
(1,26) (2,26) 30
(2,26) (1,26) 116
(2,26) (3,26) 49
(3,26) (2,26) 81
(3,26) (4,26) 25
(4,26) (3,26) 106
(4,26) (5,26) 124
(5,26) (4,26) 85
(5,26) (6,26) 47
(6,26) (5,26) 72
(6,26) (7,26) 37
(7,26) (6,26) 83
(7,26) (8,26) 54
(8,26) (7,26) 33
(8,26) (9,26) 66
(9,26) (8,26) 111
(9,26) (10,26) 33
(10,26) (9,26) 25
(1,27) (2,27) 83
(2,27) (1,27) 99
(2,27) (3,27) 60
(3,27) (2,27) 27
(3,27) (4,27) 80
(4,27) (3,27) 44
(4,27) (5,27) 39
(5,27) (4,27) 33
(5,27) (6,27) 87
(6,27) (5,27) 94
(6,27) (7,27) 57
(7,27) (6,27) 100
(7,27) (8,27) 68
(8,27) (7,27) 38
(8,27) (9,27) 113
(9,27) (8,27) 105
(9,27) (10,27) 81
(10,27) (9,27) 50
(1,28) (2,28) 72
(2,28) (1,28) 37
(2,28) (3,28) 25
(3,28) (2,28) 82
(3,28) (4,28) 94
(4,28) (3,28) 66
(4,28) (5,28) 104
(5,28) (4,28) 30
(5,28) (6,28) 48
(6,28) (5,28) 112
(6,28) (7,28) 122
(7,28) (6,28) 107
(7,28) (8,28) 79
(8,28) (7,28) 100
(8,28) (9,28) 101
(9,28) (8,28) 40
(9,28) (10,28) 70
(10,28) (9,28) 75
(1,29) (2,29) 111
(2,29) (1,29) 55
(2,29) (3,29) 114
(3,29) (2,29) 94
(3,29) (4,29) 105
(4,29) (3,29) 56
(4,29) (5,29) 74
(5,29) (4,29) 54
(5,29) (6,29) 89
(6,29) (5,29) 30
(6,29) (7,29) 91
(7,29) (6,29) 107
(7,29) (8,29) 110
(8,29) (7,29) 112
(8,29) (9,29) 114
(9,29) (8,29) 99
(9,29) (10,29) 98
(10,29) (9,29) 36
(1,30) (2,30) 114
(2,30) (1,30) 72
(2,30) (3,30) 30
(3,30) (2,30) 116
(3,30) (4,30) 85
(4,30) (3,30) 106
(4,30) (5,30) 66
(5,30) (4,30) 73
(5,30) (6,30) 118
(6,30) (5,30) 97
(6,30) (7,30) 67
(7,30) (6,30) 109
(7,30) (8,30) 93
(8,30) (7,30) 35
(8,30) (9,30) 34
(9,30) (8,30) 40
(9,30) (10,30) 122
(10,30) (9,30) 27
(1,31) (2,31) 32
(2,31) (1,31) 99
(2,31) (3,31) 50
(3,31) (2,31) 73
(3,31) (4,31) 120
(4,31) (3,31) 30
(4,31) (5,31) 68
(5,31) (4,31) 96
(5,31) (6,31) 78
(6,31) (5,31) 49
(6,31) (7,31) 100
(7,31) (6,31) 107
(7,31) (8,31) 72
(8,31) (7,31) 54
(8,31) (9,31) 85
(9,31) (8,31) 88
(9,31) (10,31) 70
(10,31) (9,31) 33
(1,32) (2,32) 67
(2,32) (1,32) 44
(2,32) (3,32) 84
(3,32) (2,32) 32
(3,32) (4,32) 61
(4,32) (3,32) 32
(4,32) (5,32) 89
(5,32) (4,32) 66
(5,32) (6,32) 78
(6,32) (5,32) 104
(6,32) (7,32) 81
(7,32) (6,32) 84
(7,32) (8,32) 69
(8,32) (7,32) 74
(8,32) (9,32) 43
(9,32) (8,32) 76
(9,32) (10,32) 63
(10,32) (9,32) 102
(1,33) (2,33) 55
(2,33) (1,33) 54
(2,33) (3,33) 95
(3,33) (2,33) 82
(3,33) (4,33) 87
(4,33) (3,33) 64
(4,33) (5,33) 32
(5,33) (4,33) 49
(5,33) (6,33) 105
(6,33) (5,33) 113
(6,33) (7,33) 91
(7,33) (6,33) 65
(7,33) (8,33) 54
(8,33) (7,33) 66
(8,33) (9,33) 117
(9,33) (8,33) 49
(9,33) (10,33) 62
(10,33) (9,33) 81
(1,34) (2,34) 85
(2,34) (1,34) 37
(2,34) (3,34) 47
(3,34) (2,34) 96
(3,34) (4,34) 95
(4,34) (3,34) 73
(4,34) (5,34) 48
(5,34) (4,34) 55
(5,34) (6,34) 76
(6,34) (5,34) 25
(6,34) (7,34) 31
(7,34) (6,34) 25
(7,34) (8,34) 58
(8,34) (7,34) 120
(8,34) (9,34) 108
(9,34) (8,34) 73
(9,34) (10,34) 53
(10,34) (9,34) 99
(1,35) (2,35) 86
(2,35) (1,35) 61
(2,35) (3,35) 68
(3,35) (2,35) 114
(3,35) (4,35) 60
(4,35) (3,35) 100
(4,35) (5,35) 85
(5,35) (4,35) 98
(5,35) (6,35) 92
(6,35) (5,35) 121
(6,35) (7,35) 75
(7,35) (6,35) 93
(7,35) (8,35) 39
(8,35) (7,35) 100
(8,35) (9,35) 66
(9,35) (8,35) 67
(9,35) (10,35) 36
(10,35) (9,35) 109
(1,36) (2,36) 70
(2,36) (1,36) 78
(2,36) (3,36) 28
(3,36) (2,36) 124
(3,36) (4,36) 53
(4,36) (3,36) 50
(4,36) (5,36) 84
(5,36) (4,36) 60
(5,36) (6,36) 72
(6,36) (5,36) 104
(6,36) (7,36) 111
(7,36) (6,36) 44
(7,36) (8,36) 109
(8,36) (7,36) 96
(8,36) (9,36) 62
(9,36) (8,36) 32
(9,36) (10,36) 74
(10,36) (9,36) 117
(1,37) (2,37) 29
(2,37) (1,37) 96
(2,37) (3,37) 118
(3,37) (2,37) 72
(3,37) (4,37) 80
(4,37) (3,37) 100
(4,37) (5,37) 121
(5,37) (4,37) 121
(5,37) (6,37) 36
(6,37) (5,37) 72
(6,37) (7,37) 63
(7,37) (6,37) 112
(7,37) (8,37) 41
(8,37) (7,37) 95
(8,37) (9,37) 73
(9,37) (8,37) 120
(9,37) (10,37) 63
(10,37) (9,37) 112
(1,38) (2,38) 72
(2,38) (1,38) 31
(2,38) (3,38) 66
(3,38) (2,38) 44
(3,38) (4,38) 91
(4,38) (3,38) 117
(4,38) (5,38) 90
(5,38) (4,38) 79
(5,38) (6,38) 75
(6,38) (5,38) 25
(6,38) (7,38) 121
(7,38) (6,38) 117
(7,38) (8,38) 28
(8,38) (7,38) 50
(8,38) (9,38) 56
(9,38) (8,38) 101
(9,38) (10,38) 103
(10,38) (9,38) 107
(1,39) (2,39) 64
(2,39) (1,39) 82
(2,39) (3,39) 119
(3,39) (2,39) 69
(3,39) (4,39) 75
(4,39) (3,39) 42
(4,39) (5,39) 64
(5,39) (4,39) 119
(5,39) (6,39) 110
(6,39) (5,39) 41
(6,39) (7,39) 114
(7,39) (6,39) 50
(7,39) (8,39) 28
(8,39) (7,39) 106
(8,39) (9,39) 112
(9,39) (8,39) 50
(9,39) (10,39) 36
(10,39) (9,39) 65
(1,40) (2,40) 61
(2,40) (1,40) 27
(2,40) (3,40) 67
(3,40) (2,40) 25
(3,40) (4,40) 57
(4,40) (3,40) 114
(4,40) (5,40) 33
(5,40) (4,40) 93
(5,40) (6,40) 60
(6,40) (5,40) 42
(6,40) (7,40) 70
(7,40) (6,40) 30
(7,40) (8,40) 56
(8,40) (7,40) 88
(8,40) (9,40) 114
(9,40) (8,40) 91
(9,40) (10,40) 45
(10,40) (9,40) 123
(1,41) (2,41) 78
(2,41) (1,41) 110
(2,41) (3,41) 86
(3,41) (2,41) 71
(3,41) (4,41) 95
(4,41) (3,41) 35
(4,41) (5,41) 108
(5,41) (4,41) 85
(5,41) (6,41) 92
(6,41) (5,41) 40
(6,41) (7,41) 46
(7,41) (6,41) 56
(7,41) (8,41) 111
(8,41) (7,41) 43
(8,41) (9,41) 120
(9,41) (8,41) 103
(9,41) (10,41) 33
(10,41) (9,41) 55
(1,42) (2,42) 40
(2,42) (1,42) 39
(2,42) (3,42) 71
(3,42) (2,42) 74
(3,42) (4,42) 88
(4,42) (3,42) 108
(4,42) (5,42) 122
(5,42) (4,42) 64
(5,42) (6,42) 44
(6,42) (5,42) 73
(6,42) (7,42) 96
(7,42) (6,42) 100
(7,42) (8,42) 43
(8,42) (7,42) 85
(8,42) (9,42) 105
(9,42) (8,42) 31
(9,42) (10,42) 69
(10,42) (9,42) 25
(1,43) (2,43) 63
(2,43) (1,43) 81
(2,43) (3,43) 30
(3,43) (2,43) 40
(3,43) (4,43) 97
(4,43) (3,43) 115
(4,43) (5,43) 69
(5,43) (4,43) 85
(5,43) (6,43) 75
(6,43) (5,43) 31
(6,43) (7,43) 38
(7,43) (6,43) 96
(7,43) (8,43) 41
(8,43) (7,43) 69
(8,43) (9,43) 123
(9,43) (8,43) 44
(9,43) (10,43) 95
(10,43) (9,43) 38
(1,44) (2,44) 63
(2,44) (1,44) 45
(2,44) (3,44) 68
(3,44) (2,44) 75
(3,44) (4,44) 119
(4,44) (3,44) 31
(4,44) (5,44) 103
(5,44) (4,44) 39
(5,44) (6,44) 89
(6,44) (5,44) 95
(6,44) (7,44) 114
(7,44) (6,44) 51
(7,44) (8,44) 88
(8,44) (7,44) 102
(8,44) (9,44) 55
(9,44) (8,44) 100
(9,44) (10,44) 106
(10,44) (9,44) 95
(1,45) (2,45) 54
(2,45) (1,45) 42
(2,45) (3,45) 46
(3,45) (2,45) 93
(3,45) (4,45) 84
(4,45) (3,45) 99
(4,45) (5,45) 73
(5,45) (4,45) 43
(5,45) (6,45) 117
(6,45) (5,45) 70
(6,45) (7,45) 48
(7,45) (6,45) 53
(7,45) (8,45) 45
(8,45) (7,45) 28
(8,45) (9,45) 88
(9,45) (8,45) 48
(9,45) (10,45) 65
(10,45) (9,45) 91
(1,46) (2,46) 78
(2,46) (1,46) 89
(2,46) (3,46) 62
(3,46) (2,46) 110
(3,46) (4,46) 115
(4,46) (3,46) 44
(4,46) (5,46) 43
(5,46) (4,46) 79
(5,46) (6,46) 67
(6,46) (5,46) 88
(6,46) (7,46) 124
(7,46) (6,46) 62
(7,46) (8,46) 119
(8,46) (7,46) 71
(8,46) (9,46) 87
(9,46) (8,46) 43
(9,46) (10,46) 121
(10,46) (9,46) 63
(1,47) (2,47) 102
(2,47) (1,47) 25
(2,47) (3,47) 103
(3,47) (2,47) 103
(3,47) (4,47) 55
(4,47) (3,47) 47
(4,47) (5,47) 107
(5,47) (4,47) 81
(5,47) (6,47) 28
(6,47) (5,47) 64
(6,47) (7,47) 53
(7,47) (6,47) 78
(7,47) (8,47) 104
(8,47) (7,47) 111
(8,47) (9,47) 37
(9,47) (8,47) 33
(9,47) (10,47) 104
(10,47) (9,47) 60
(1,48) (2,48) 77
(2,48) (1,48) 28
(2,48) (3,48) 111
(3,48) (2,48) 73
(3,48) (4,48) 39
(4,48) (3,48) 40
(4,48) (5,48) 115
(5,48) (4,48) 117
(5,48) (6,48) 72
(6,48) (5,48) 87
(6,48) (7,48) 77
(7,48) (6,48) 55
(7,48) (8,48) 84
(8,48) (7,48) 113
(8,48) (9,48) 60
(9,48) (8,48) 56
(9,48) (10,48) 94
(10,48) (9,48) 120
(1,49) (2,49) 75
(2,49) (1,49) 116
(2,49) (3,49) 69
(3,49) (2,49) 74
(3,49) (4,49) 105
(4,49) (3,49) 43
(4,49) (5,49) 49
(5,49) (4,49) 46
(5,49) (6,49) 77
(6,49) (5,49) 27
(6,49) (7,49) 35
(7,49) (6,49) 54
(7,49) (8,49) 40
(8,49) (7,49) 81
(8,49) (9,49) 115
(9,49) (8,49) 35
(9,49) (10,49) 30
(10,49) (9,49) 101
(1,50) (2,50) 72
(2,50) (1,50) 58
(2,50) (3,50) 39
(3,50) (2,50) 88
(3,50) (4,50) 123
(4,50) (3,50) 84
(4,50) (5,50) 30
(5,50) (4,50) 82
(5,50) (6,50) 50
(6,50) (5,50) 74
(6,50) (7,50) 67
(7,50) (6,50) 68
(7,50) (8,50) 68
(8,50) (7,50) 67
(8,50) (9,50) 99
(9,50) (8,50) 40
(9,50) (10,50) 109
(10,50) (9,50) 74
(1,51) (2,51) 44
(2,51) (1,51) 87
(2,51) (3,51) 96
(3,51) (2,51) 100
(3,51) (4,51) 53
(4,51) (3,51) 121
(4,51) (5,51) 61
(5,51) (4,51) 91
(5,51) (6,51) 51
(6,51) (5,51) 49
(6,51) (7,51) 97
(7,51) (6,51) 47
(7,51) (8,51) 81
(8,51) (7,51) 91
(8,51) (9,51) 97
(9,51) (8,51) 46
(9,51) (10,51) 70
(10,51) (9,51) 63
(1,52) (2,52) 43
(2,52) (1,52) 85
(2,52) (3,52) 109
(3,52) (2,52) 75
(3,52) (4,52) 57
(4,52) (3,52) 81
(4,52) (5,52) 59
(5,52) (4,52) 69
(5,52) (6,52) 108
(6,52) (5,52) 120
(6,52) (7,52) 113
(7,52) (6,52) 52
(7,52) (8,52) 80
(8,52) (7,52) 39
(8,52) (9,52) 85
(9,52) (8,52) 90
(9,52) (10,52) 37
(10,52) (9,52) 89
(1,53) (2,53) 106
(2,53) (1,53) 63
(2,53) (3,53) 46
(3,53) (2,53) 94
(3,53) (4,53) 25
(4,53) (3,53) 84
(4,53) (5,53) 76
(5,53) (4,53) 45
(5,53) (6,53) 35
(6,53) (5,53) 46
(6,53) (7,53) 83
(7,53) (6,53) 56
(7,53) (8,53) 41
(8,53) (7,53) 66
(8,53) (9,53) 28
(9,53) (8,53) 102
(9,53) (10,53) 71
(10,53) (9,53) 111
(1,54) (2,54) 53
(2,54) (1,54) 28
(2,54) (3,54) 56
(3,54) (2,54) 39
(3,54) (4,54) 33
(4,54) (3,54) 105
(4,54) (5,54) 40
(5,54) (4,54) 36
(5,54) (6,54) 70
(6,54) (5,54) 47
(6,54) (7,54) 60
(7,54) (6,54) 58
(7,54) (8,54) 118
(8,54) (7,54) 60
(8,54) (9,54) 58
(9,54) (8,54) 73
(9,54) (10,54) 103
(10,54) (9,54) 109
(1,55) (2,55) 57
(2,55) (1,55) 86
(2,55) (3,55) 70
(3,55) (2,55) 51
(3,55) (4,55) 56
(4,55) (3,55) 83
(4,55) (5,55) 81
(5,55) (4,55) 51
(5,55) (6,55) 80
(6,55) (5,55) 117
(6,55) (7,55) 74
(7,55) (6,55) 52
(7,55) (8,55) 42
(8,55) (7,55) 113
(8,55) (9,55) 83
(9,55) (8,55) 77
(9,55) (10,55) 89
(10,55) (9,55) 111
(1,56) (2,56) 105
(2,56) (1,56) 40
(2,56) (3,56) 32
(3,56) (2,56) 51
(3,56) (4,56) 58
(4,56) (3,56) 115
(4,56) (5,56) 52
(5,56) (4,56) 97
(5,56) (6,56) 78
(6,56) (5,56) 98
(6,56) (7,56) 41
(7,56) (6,56) 57
(7,56) (8,56) 103
(8,56) (7,56) 97
(8,56) (9,56) 93
(9,56) (8,56) 52
(9,56) (10,56) 96
(10,56) (9,56) 124
(1,57) (2,57) 37
(2,57) (1,57) 78
(2,57) (3,57) 108
(3,57) (2,57) 81
(3,57) (4,57) 67
(4,57) (3,57) 105
(4,57) (5,57) 100
(5,57) (4,57) 106
(5,57) (6,57) 37
(6,57) (5,57) 70
(6,57) (7,57) 83
(7,57) (6,57) 101
(7,57) (8,57) 48
(8,57) (7,57) 32
(8,57) (9,57) 123
(9,57) (8,57) 81
(9,57) (10,57) 106
(10,57) (9,57) 78
(1,58) (2,58) 68
(2,58) (1,58) 83
(2,58) (3,58) 114
(3,58) (2,58) 102
(3,58) (4,58) 97
(4,58) (3,58) 94
(4,58) (5,58) 113
(5,58) (4,58) 77
(5,58) (6,58) 115
(6,58) (5,58) 123
(6,58) (7,58) 107
(7,58) (6,58) 121
(7,58) (8,58) 98
(8,58) (7,58) 73
(8,58) (9,58) 73
(9,58) (8,58) 38
(9,58) (10,58) 51
(10,58) (9,58) 100
(1,59) (2,59) 54
(2,59) (1,59) 84
(2,59) (3,59) 48
(3,59) (2,59) 53
(3,59) (4,59) 48
(4,59) (3,59) 110
(4,59) (5,59) 92
(5,59) (4,59) 120
(5,59) (6,59) 47
(6,59) (5,59) 41
(6,59) (7,59) 95
(7,59) (6,59) 67
(7,59) (8,59) 69
(8,59) (7,59) 57
(8,59) (9,59) 41
(9,59) (8,59) 75
(9,59) (10,59) 38
(10,59) (9,59) 73
(1,60) (2,60) 47
(2,60) (1,60) 100
(2,60) (3,60) 80
(3,60) (2,60) 117
(3,60) (4,60) 34
(4,60) (3,60) 69
(4,60) (5,60) 48
(5,60) (4,60) 36
(5,60) (6,60) 121
(6,60) (5,60) 85
(6,60) (7,60) 64
(7,60) (6,60) 84
(7,60) (8,60) 107
(8,60) (7,60) 102
(8,60) (9,60) 44
(9,60) (8,60) 112
(9,60) (10,60) 61
(10,60) (9,60) 88
(1,61) (2,61) 75
(2,61) (1,61) 68
(2,61) (3,61) 35
(3,61) (2,61) 110
(3,61) (4,61) 63
(4,61) (3,61) 48
(4,61) (5,61) 85
(5,61) (4,61) 42
(5,61) (6,61) 89
(6,61) (5,61) 95
(6,61) (7,61) 89
(7,61) (6,61) 75
(7,61) (8,61) 112
(8,61) (7,61) 107
(8,61) (9,61) 32
(9,61) (8,61) 29
(9,61) (10,61) 109
(10,61) (9,61) 34
(1,62) (2,62) 61
(2,62) (1,62) 84
(2,62) (3,62) 84
(3,62) (2,62) 59
(3,62) (4,62) 107
(4,62) (3,62) 32
(4,62) (5,62) 66
(5,62) (4,62) 120
(5,62) (6,62) 100
(6,62) (5,62) 65
(6,62) (7,62) 38
(7,62) (6,62) 44
(7,62) (8,62) 51
(8,62) (7,62) 76
(8,62) (9,62) 27
(9,62) (8,62) 118
(9,62) (10,62) 35
(10,62) (9,62) 75
(1,63) (2,63) 39
(2,63) (1,63) 40
(2,63) (3,63) 100
(3,63) (2,63) 95
(3,63) (4,63) 39
(4,63) (3,63) 113
(4,63) (5,63) 43
(5,63) (4,63) 123
(5,63) (6,63) 43
(6,63) (5,63) 114
(6,63) (7,63) 116
(7,63) (6,63) 68
(7,63) (8,63) 105
(8,63) (7,63) 88
(8,63) (9,63) 88
(9,63) (8,63) 92
(9,63) (10,63) 102
(10,63) (9,63) 26
(1,64) (2,64) 69
(2,64) (1,64) 83
(2,64) (3,64) 52
(3,64) (2,64) 85
(3,64) (4,64) 84
(4,64) (3,64) 95
(4,64) (5,64) 40
(5,64) (4,64) 112
(5,64) (6,64) 102
(6,64) (5,64) 44
(6,64) (7,64) 79
(7,64) (6,64) 73
(7,64) (8,64) 28
(8,64) (7,64) 35
(8,64) (9,64) 105
(9,64) (8,64) 106
(9,64) (10,64) 62
(10,64) (9,64) 45
(1,65) (2,65) 90
(2,65) (1,65) 114
(2,65) (3,65) 100
(3,65) (2,65) 35
(3,65) (4,65) 72
(4,65) (3,65) 88
(4,65) (5,65) 63
(5,65) (4,65) 57
(5,65) (6,65) 91
(6,65) (5,65) 71
(6,65) (7,65) 114
(7,65) (6,65) 48
(7,65) (8,65) 83
(8,65) (7,65) 119
(8,65) (9,65) 88
(9,65) (8,65) 30
(9,65) (10,65) 85
(10,65) (9,65) 68
(1,66) (2,66) 110
(2,66) (1,66) 82
(2,66) (3,66) 73
(3,66) (2,66) 32
(3,66) (4,66) 94
(4,66) (3,66) 72
(4,66) (5,66) 120
(5,66) (4,66) 28
(5,66) (6,66) 100
(6,66) (5,66) 114
(6,66) (7,66) 67
(7,66) (6,66) 52
(7,66) (8,66) 86
(8,66) (7,66) 84
(8,66) (9,66) 58
(9,66) (8,66) 92
(9,66) (10,66) 47
(10,66) (9,66) 86
(1,67) (2,67) 39
(2,67) (1,67) 116
(2,67) (3,67) 57
(3,67) (2,67) 25
(3,67) (4,67) 83
(4,67) (3,67) 62
(4,67) (5,67) 83
(5,67) (4,67) 98
(5,67) (6,67) 104
(6,67) (5,67) 35
(6,67) (7,67) 38
(7,67) (6,67) 43
(7,67) (8,67) 57
(8,67) (7,67) 56
(8,67) (9,67) 52
(9,67) (8,67) 107
(9,67) (10,67) 119
(10,67) (9,67) 85
(1,68) (2,68) 27
(2,68) (1,68) 49
(2,68) (3,68) 32
(3,68) (2,68) 105
(3,68) (4,68) 68
(4,68) (3,68) 111
(4,68) (5,68) 30
(5,68) (4,68) 72
(5,68) (6,68) 68
(6,68) (5,68) 77
(6,68) (7,68) 95
(7,68) (6,68) 65
(7,68) (8,68) 93
(8,68) (7,68) 70
(8,68) (9,68) 96
(9,68) (8,68) 102
(9,68) (10,68) 78
(10,68) (9,68) 124
(1,69) (2,69) 29
(2,69) (1,69) 74
(2,69) (3,69) 100
(3,69) (2,69) 85
(3,69) (4,69) 118
(4,69) (3,69) 47
(4,69) (5,69) 93
(5,69) (4,69) 77
(5,69) (6,69) 64
(6,69) (5,69) 63
(6,69) (7,69) 70
(7,69) (6,69) 26
(7,69) (8,69) 56
(8,69) (7,69) 61
(8,69) (9,69) 110
(9,69) (8,69) 50
(9,69) (10,69) 77
(10,69) (9,69) 93
(1,70) (2,70) 99
(2,70) (1,70) 124
(2,70) (3,70) 114
(3,70) (2,70) 88
(3,70) (4,70) 96
(4,70) (3,70) 108
(4,70) (5,70) 66
(5,70) (4,70) 93
(5,70) (6,70) 41
(6,70) (5,70) 69
(6,70) (7,70) 83
(7,70) (6,70) 110
(7,70) (8,70) 70
(8,70) (7,70) 105
(8,70) (9,70) 97
(9,70) (8,70) 43
(9,70) (10,70) 113
(10,70) (9,70) 60
(1,71) (2,71) 36
(2,71) (1,71) 46
(2,71) (3,71) 107
(3,71) (2,71) 65
(3,71) (4,71) 83
(4,71) (3,71) 74
(4,71) (5,71) 105
(5,71) (4,71) 75
(5,71) (6,71) 121
(6,71) (5,71) 98
(6,71) (7,71) 101
(7,71) (6,71) 87
(7,71) (8,71) 102
(8,71) (7,71) 99
(8,71) (9,71) 98
(9,71) (8,71) 84
(9,71) (10,71) 62
(10,71) (9,71) 94
(1,72) (2,72) 118
(2,72) (1,72) 91
(2,72) (3,72) 101
(3,72) (2,72) 73
(3,72) (4,72) 88
(4,72) (3,72) 60
(4,72) (5,72) 35
(5,72) (4,72) 84
(5,72) (6,72) 49
(6,72) (5,72) 112
(6,72) (7,72) 56
(7,72) (6,72) 88
(7,72) (8,72) 25
(8,72) (7,72) 45
(8,72) (9,72) 108
(9,72) (8,72) 96
(9,72) (10,72) 66
(10,72) (9,72) 53
(1,73) (2,73) 105
(2,73) (1,73) 28
(2,73) (3,73) 105
(3,73) (2,73) 73
(3,73) (4,73) 26
(4,73) (3,73) 95
(4,73) (5,73) 61
(5,73) (4,73) 93
(5,73) (6,73) 56
(6,73) (5,73) 72
(6,73) (7,73) 60
(7,73) (6,73) 106
(7,73) (8,73) 51
(8,73) (7,73) 45
(8,73) (9,73) 34
(9,73) (8,73) 25
(9,73) (10,73) 111
(10,73) (9,73) 113
(1,74) (2,74) 85
(2,74) (1,74) 72
(2,74) (3,74) 109
(3,74) (2,74) 85
(3,74) (4,74) 68
(4,74) (3,74) 34
(4,74) (5,74) 33
(5,74) (4,74) 30
(5,74) (6,74) 76
(6,74) (5,74) 90
(6,74) (7,74) 124
(7,74) (6,74) 77
(7,74) (8,74) 72
(8,74) (7,74) 124
(8,74) (9,74) 78
(9,74) (8,74) 119
(9,74) (10,74) 113
(10,74) (9,74) 54
(1,75) (2,75) 46
(2,75) (1,75) 68
(2,75) (3,75) 114
(3,75) (2,75) 47
(3,75) (4,75) 30
(4,75) (3,75) 72
(4,75) (5,75) 31
(5,75) (4,75) 67
(5,75) (6,75) 94
(6,75) (5,75) 109
(6,75) (7,75) 88
(7,75) (6,75) 107
(7,75) (8,75) 121
(8,75) (7,75) 93
(8,75) (9,75) 37
(9,75) (8,75) 119
(9,75) (10,75) 41
(10,75) (9,75) 95
(1,76) (2,76) 65
(2,76) (1,76) 114
(2,76) (3,76) 53
(3,76) (2,76) 28
(3,76) (4,76) 51
(4,76) (3,76) 92
(4,76) (5,76) 106
(5,76) (4,76) 109
(5,76) (6,76) 59
(6,76) (5,76) 123
(6,76) (7,76) 123
(7,76) (6,76) 80
(7,76) (8,76) 70
(8,76) (7,76) 65
(8,76) (9,76) 54
(9,76) (8,76) 29
(9,76) (10,76) 60
(10,76) (9,76) 78
(1,77) (2,77) 108
(2,77) (1,77) 78
(2,77) (3,77) 31
(3,77) (2,77) 67
(3,77) (4,77) 68
(4,77) (3,77) 95
(4,77) (5,77) 36
(5,77) (4,77) 107
(5,77) (6,77) 49
(6,77) (5,77) 52
(6,77) (7,77) 80
(7,77) (6,77) 118
(7,77) (8,77) 71
(8,77) (7,77) 108
(8,77) (9,77) 117
(9,77) (8,77) 120
(9,77) (10,77) 39
(10,77) (9,77) 64
(1,78) (2,78) 106
(2,78) (1,78) 51
(2,78) (3,78) 114
(3,78) (2,78) 45
(3,78) (4,78) 122
(4,78) (3,78) 109
(4,78) (5,78) 31
(5,78) (4,78) 26
(5,78) (6,78) 59
(6,78) (5,78) 69
(6,78) (7,78) 94
(7,78) (6,78) 70
(7,78) (8,78) 56
(8,78) (7,78) 121
(8,78) (9,78) 86
(9,78) (8,78) 59
(9,78) (10,78) 33
(10,78) (9,78) 86
(1,79) (2,79) 68
(2,79) (1,79) 93
(2,79) (3,79) 27
(3,79) (2,79) 80
(3,79) (4,79) 30
(4,79) (3,79) 111
(4,79) (5,79) 68
(5,79) (4,79) 45
(5,79) (6,79) 58
(6,79) (5,79) 123
(6,79) (7,79) 36
(7,79) (6,79) 37
(7,79) (8,79) 119
(8,79) (7,79) 55
(8,79) (9,79) 80
(9,79) (8,79) 95
(9,79) (10,79) 66
(10,79) (9,79) 91
(1,80) (2,80) 32
(2,80) (1,80) 67
(2,80) (3,80) 110
(3,80) (2,80) 111
(3,80) (4,80) 109
(4,80) (3,80) 72
(4,80) (5,80) 42
(5,80) (4,80) 96
(5,80) (6,80) 44
(6,80) (5,80) 65
(6,80) (7,80) 49
(7,80) (6,80) 91
(7,80) (8,80) 56
(8,80) (7,80) 77
(8,80) (9,80) 80
(9,80) (8,80) 121
(9,80) (10,80) 87
(10,80) (9,80) 47
(1,81) (2,81) 68
(2,81) (1,81) 65
(2,81) (3,81) 96
(3,81) (2,81) 48
(3,81) (4,81) 47
(4,81) (3,81) 72
(4,81) (5,81) 55
(5,81) (4,81) 52
(5,81) (6,81) 29
(6,81) (5,81) 72
(6,81) (7,81) 118
(7,81) (6,81) 84
(7,81) (8,81) 96
(8,81) (7,81) 109
(8,81) (9,81) 87
(9,81) (8,81) 88
(9,81) (10,81) 93
(10,81) (9,81) 120
(1,82) (2,82) 59
(2,82) (1,82) 68
(2,82) (3,82) 90
(3,82) (2,82) 30
(3,82) (4,82) 49
(4,82) (3,82) 73
(4,82) (5,82) 32
(5,82) (4,82) 61
(5,82) (6,82) 33
(6,82) (5,82) 49
(6,82) (7,82) 62
(7,82) (6,82) 50
(7,82) (8,82) 85
(8,82) (7,82) 71
(8,82) (9,82) 36
(9,82) (8,82) 71
(9,82) (10,82) 62
(10,82) (9,82) 46
(1,83) (2,83) 38
(2,83) (1,83) 111
(2,83) (3,83) 116
(3,83) (2,83) 106
(3,83) (4,83) 81
(4,83) (3,83) 65
(4,83) (5,83) 123
(5,83) (4,83) 34
(5,83) (6,83) 89
(6,83) (5,83) 50
(6,83) (7,83) 110
(7,83) (6,83) 116
(7,83) (8,83) 106
(8,83) (7,83) 56
(8,83) (9,83) 66
(9,83) (8,83) 94
(9,83) (10,83) 45
(10,83) (9,83) 71
(1,84) (2,84) 28
(2,84) (1,84) 97
(2,84) (3,84) 75
(3,84) (2,84) 94
(3,84) (4,84) 108
(4,84) (3,84) 37
(4,84) (5,84) 100
(5,84) (4,84) 28
(5,84) (6,84) 97
(6,84) (5,84) 49
(6,84) (7,84) 49
(7,84) (6,84) 101
(7,84) (8,84) 26
(8,84) (7,84) 77
(8,84) (9,84) 107
(9,84) (8,84) 41
(9,84) (10,84) 104
(10,84) (9,84) 66
(1,85) (2,85) 120
(2,85) (1,85) 103
(2,85) (3,85) 28
(3,85) (2,85) 89
(3,85) (4,85) 109
(4,85) (3,85) 58
(4,85) (5,85) 60
(5,85) (4,85) 72
(5,85) (6,85) 51
(6,85) (5,85) 61
(6,85) (7,85) 33
(7,85) (6,85) 94
(7,85) (8,85) 93
(8,85) (7,85) 57
(8,85) (9,85) 111
(9,85) (8,85) 122
(9,85) (10,85) 110
(10,85) (9,85) 102
(1,86) (2,86) 76
(2,86) (1,86) 112
(2,86) (3,86) 86
(3,86) (2,86) 39
(3,86) (4,86) 48
(4,86) (3,86) 88
(4,86) (5,86) 115
(5,86) (4,86) 42
(5,86) (6,86) 61
(6,86) (5,86) 32
(6,86) (7,86) 70
(7,86) (6,86) 88
(7,86) (8,86) 72
(8,86) (7,86) 40
(8,86) (9,86) 89
(9,86) (8,86) 33
(9,86) (10,86) 48
(10,86) (9,86) 73
(1,87) (2,87) 32
(2,87) (1,87) 49
(2,87) (3,87) 91
(3,87) (2,87) 67
(3,87) (4,87) 36
(4,87) (3,87) 100
(4,87) (5,87) 73
(5,87) (4,87) 116
(5,87) (6,87) 56
(6,87) (5,87) 48
(6,87) (7,87) 99
(7,87) (6,87) 59
(7,87) (8,87) 54
(8,87) (7,87) 56
(8,87) (9,87) 69
(9,87) (8,87) 26
(9,87) (10,87) 118
(10,87) (9,87) 55
(1,88) (2,88) 52
(2,88) (1,88) 108
(2,88) (3,88) 110
(3,88) (2,88) 115
(3,88) (4,88) 43
(4,88) (3,88) 102
(4,88) (5,88) 106
(5,88) (4,88) 118
(5,88) (6,88) 110
(6,88) (5,88) 73
(6,88) (7,88) 113
(7,88) (6,88) 88
(7,88) (8,88) 108
(8,88) (7,88) 81
(8,88) (9,88) 45
(9,88) (8,88) 28
(9,88) (10,88) 58
(10,88) (9,88) 114
(1,89) (2,89) 27
(2,89) (1,89) 124
(2,89) (3,89) 45
(3,89) (2,89) 64
(3,89) (4,89) 42
(4,89) (3,89) 54
(4,89) (5,89) 53
(5,89) (4,89) 89
(5,89) (6,89) 30
(6,89) (5,89) 97
(6,89) (7,89) 109
(7,89) (6,89) 46
(7,89) (8,89) 50
(8,89) (7,89) 29
(8,89) (9,89) 90
(9,89) (8,89) 82
(9,89) (10,89) 107
(10,89) (9,89) 72
(1,90) (2,90) 35
(2,90) (1,90) 101
(2,90) (3,90) 120
(3,90) (2,90) 110
(3,90) (4,90) 76
(4,90) (3,90) 76
(4,90) (5,90) 54
(5,90) (4,90) 76
(5,90) (6,90) 27
(6,90) (5,90) 35
(6,90) (7,90) 54
(7,90) (6,90) 29
(7,90) (8,90) 33
(8,90) (7,90) 84
(8,90) (9,90) 102
(9,90) (8,90) 74
(9,90) (10,90) 86
(10,90) (9,90) 106
(1,91) (2,91) 33
(2,91) (1,91) 28
(2,91) (3,91) 99
(3,91) (2,91) 55
(3,91) (4,91) 78
(4,91) (3,91) 89
(4,91) (5,91) 57
(5,91) (4,91) 34
(5,91) (6,91) 39
(6,91) (5,91) 71
(6,91) (7,91) 75
(7,91) (6,91) 89
(7,91) (8,91) 57
(8,91) (7,91) 41
(8,91) (9,91) 66
(9,91) (8,91) 91
(9,91) (10,91) 68
(10,91) (9,91) 116
(1,92) (2,92) 92
(2,92) (1,92) 50
(2,92) (3,92) 54
(3,92) (2,92) 53
(3,92) (4,92) 94
(4,92) (3,92) 57
(4,92) (5,92) 77
(5,92) (4,92) 122
(5,92) (6,92) 64
(6,92) (5,92) 89
(6,92) (7,92) 72
(7,92) (6,92) 38
(7,92) (8,92) 47
(8,92) (7,92) 26
(8,92) (9,92) 47
(9,92) (8,92) 27
(9,92) (10,92) 59
(10,92) (9,92) 93
(1,93) (2,93) 75
(2,93) (1,93) 91
(2,93) (3,93) 103
(3,93) (2,93) 104
(3,93) (4,93) 33
(4,93) (3,93) 67
(4,93) (5,93) 97
(5,93) (4,93) 66
(5,93) (6,93) 64
(6,93) (5,93) 29
(6,93) (7,93) 99
(7,93) (6,93) 61
(7,93) (8,93) 74
(8,93) (7,93) 124
(8,93) (9,93) 120
(9,93) (8,93) 82
(9,93) (10,93) 104
(10,93) (9,93) 34
(1,94) (2,94) 65
(2,94) (1,94) 48
(2,94) (3,94) 66
(3,94) (2,94) 122
(3,94) (4,94) 47
(4,94) (3,94) 86
(4,94) (5,94) 98
(5,94) (4,94) 91
(5,94) (6,94) 45
(6,94) (5,94) 103
(6,94) (7,94) 113
(7,94) (6,94) 62
(7,94) (8,94) 47
(8,94) (7,94) 36
(8,94) (9,94) 116
(9,94) (8,94) 60
(9,94) (10,94) 31
(10,94) (9,94) 29
(1,95) (2,95) 104
(2,95) (1,95) 100
(2,95) (3,95) 37
(3,95) (2,95) 68
(3,95) (4,95) 101
(4,95) (3,95) 76
(4,95) (5,95) 47
(5,95) (4,95) 75
(5,95) (6,95) 50
(6,95) (5,95) 106
(6,95) (7,95) 98
(7,95) (6,95) 37
(7,95) (8,95) 89
(8,95) (7,95) 56
(8,95) (9,95) 67
(9,95) (8,95) 57
(9,95) (10,95) 31
(10,95) (9,95) 93
(1,96) (2,96) 78
(2,96) (1,96) 74
(2,96) (3,96) 86
(3,96) (2,96) 90
(3,96) (4,96) 48
(4,96) (3,96) 95
(4,96) (5,96) 103
(5,96) (4,96) 76
(5,96) (6,96) 81
(6,96) (5,96) 75
(6,96) (7,96) 69
(7,96) (6,96) 107
(7,96) (8,96) 80
(8,96) (7,96) 73
(8,96) (9,96) 72
(9,96) (8,96) 90
(9,96) (10,96) 80
(10,96) (9,96) 35
(1,97) (2,97) 79
(2,97) (1,97) 76
(2,97) (3,97) 65
(3,97) (2,97) 49
(3,97) (4,97) 59
(4,97) (3,97) 35
(4,97) (5,97) 112
(5,97) (4,97) 38
(5,97) (6,97) 112
(6,97) (5,97) 50
(6,97) (7,97) 104
(7,97) (6,97) 54
(7,97) (8,97) 58
(8,97) (7,97) 115
(8,97) (9,97) 93
(9,97) (8,97) 90
(9,97) (10,97) 26
(10,97) (9,97) 103
(1,98) (2,98) 43
(2,98) (1,98) 108
(2,98) (3,98) 81
(3,98) (2,98) 120
(3,98) (4,98) 36
(4,98) (3,98) 115
(4,98) (5,98) 90
(5,98) (4,98) 118
(5,98) (6,98) 31
(6,98) (5,98) 28
(6,98) (7,98) 84
(7,98) (6,98) 41
(7,98) (8,98) 52
(8,98) (7,98) 48
(8,98) (9,98) 122
(9,98) (8,98) 35
(9,98) (10,98) 118
(10,98) (9,98) 43
(1,99) (2,99) 54
(2,99) (1,99) 113
(2,99) (3,99) 124
(3,99) (2,99) 57
(3,99) (4,99) 97
(4,99) (3,99) 25
(4,99) (5,99) 113
(5,99) (4,99) 112
(5,99) (6,99) 48
(6,99) (5,99) 92
(6,99) (7,99) 120
(7,99) (6,99) 101
(7,99) (8,99) 102
(8,99) (7,99) 81
(8,99) (9,99) 30
(9,99) (8,99) 48
(9,99) (10,99) 114
(10,99) (9,99) 83
(1,100) (2,100) 75
(2,100) (1,100) 79
(2,100) (3,100) 108
(3,100) (2,100) 47
(3,100) (4,100) 95
(4,100) (3,100) 70
(4,100) (5,100) 65
(5,100) (4,100) 74
(5,100) (6,100) 71
(6,100) (5,100) 111
(6,100) (7,100) 62
(7,100) (6,100) 101
(7,100) (8,100) 93
(8,100) (7,100) 117
(8,100) (9,100) 71
(9,100) (8,100) 90
(9,100) (10,100) 72
(10,100) (9,100) 39
(1,100) t 124
(2,100) t 121
(3,100) t 54
(4,100) t 75
(5,100) t 53
(6,100) t 76
(7,100) t 59
(8,100) t 111
(9,100) t 92
(10,100) t 29
