s (1,1) 141
s (2,1) 138
s (3,1) 192
s (4,1) 113
s (5,1) 141
s (6,1) 169
s (7,1) 109
s (8,1) 155
s (9,1) 118
s (10,1) 172
s (11,1) 145
s (12,1) 120
s (13,1) 148
s (14,1) 103
s (15,1) 130
s (16,1) 98
s (17,1) 117
s (18,1) 174
s (19,1) 130
s (20,1) 182
s (21,1) 125
s (22,1) 133
s (23,1) 147
s (24,1) 160
s (25,1) 191
s (26,1) 136
s (27,1) 149
s (28,1) 187
s (29,1) 174
s (30,1) 145
s (31,1) 166
s (32,1) 161
s (33,1) 182
s (34,1) 120
s (35,1) 112
s (36,1) 145
s (37,1) 137
s (38,1) 176
s (39,1) 151
s (40,1) 172
s (41,1) 161
s (42,1) 108
s (43,1) 149
s (44,1) 170
s (45,1) 170
s (46,1) 167
s (47,1) 136
s (48,1) 96
s (49,1) 125
s (50,1) 165
s (51,1) 112
s (52,1) 179
s (53,1) 99
s (54,1) 130
s (55,1) 194
s (56,1) 131
s (57,1) 148
s (58,1) 109
s (59,1) 193
s (60,1) 179
s (61,1) 127
s (62,1) 158
s (63,1) 120
s (64,1) 99
s (65,1) 124
s (66,1) 170
s (67,1) 168
s (68,1) 120
s (69,1) 185
s (70,1) 152
s (71,1) 184
s (72,1) 119
s (73,1) 122
s (74,1) 160
s (75,1) 123
s (76,1) 116
s (77,1) 108
s (78,1) 123
s (79,1) 111
s (80,1) 146
s (81,1) 117
s (82,1) 142
s (83,1) 140
s (84,1) 120
s (85,1) 114
s (86,1) 185
s (87,1) 99
s (88,1) 124
s (89,1) 177
s (90,1) 113
s (91,1) 137
s (92,1) 164
s (93,1) 130
s (94,1) 186
s (95,1) 116
s (96,1) 154
s (97,1) 154
s (98,1) 107
s (99,1) 162
s (100,1) 189
(1,1) (1,2) 104
(2,1) (2,2) 143
(3,1) (3,2) 129
(4,1) (4,2) 150
(5,1) (5,2) 164
(6,1) (6,2) 136
(7,1) (7,2) 179
(8,1) (8,2) 157
(9,1) (9,2) 146
(10,1) (10,2) 128
(11,1) (11,2) 118
(12,1) (12,2) 136
(13,1) (13,2) 95
(14,1) (14,2) 128
(15,1) (15,2) 131
(16,1) (16,2) 95
(17,1) (17,2) 142
(18,1) (18,2) 158
(19,1) (19,2) 141
(20,1) (20,2) 182
(21,1) (21,2) 162
(22,1) (22,2) 107
(23,1) (23,2) 106
(24,1) (24,2) 123
(25,1) (25,2) 108
(26,1) (26,2) 105
(27,1) (27,2) 166
(28,1) (28,2) 177
(29,1) (29,2) 109
(30,1) (30,2) 147
(31,1) (31,2) 96
(32,1) (32,2) 157
(33,1) (33,2) 154
(34,1) (34,2) 175
(35,1) (35,2) 166
(36,1) (36,2) 117
(37,1) (37,2) 137
(38,1) (38,2) 133
(39,1) (39,2) 176
(40,1) (40,2) 191
(41,1) (41,2) 140
(42,1) (42,2) 186
(43,1) (43,2) 133
(44,1) (44,2) 99
(45,1) (45,2) 180
(46,1) (46,2) 100
(47,1) (47,2) 102
(48,1) (48,2) 186
(49,1) (49,2) 99
(50,1) (50,2) 134
(51,1) (51,2) 145
(52,1) (52,2) 138
(53,1) (53,2) 175
(54,1) (54,2) 128
(55,1) (55,2) 166
(56,1) (56,2) 180
(57,1) (57,2) 111
(58,1) (58,2) 115
(59,1) (59,2) 136
(60,1) (60,2) 129
(61,1) (61,2) 137
(62,1) (62,2) 155
(63,1) (63,2) 187
(64,1) (64,2) 96
(65,1) (65,2) 176
(66,1) (66,2) 167
(67,1) (67,2) 109
(68,1) (68,2) 170
(69,1) (69,2) 134
(70,1) (70,2) 107
(71,1) (71,2) 184
(72,1) (72,2) 148
(73,1) (73,2) 110
(74,1) (74,2) 153
(75,1) (75,2) 181
(76,1) (76,2) 194
(77,1) (77,2) 143
(78,1) (78,2) 194
(79,1) (79,2) 99
(80,1) (80,2) 166
(81,1) (81,2) 186
(82,1) (82,2) 175
(83,1) (83,2) 110
(84,1) (84,2) 95
(85,1) (85,2) 175
(86,1) (86,2) 159
(87,1) (87,2) 158
(88,1) (88,2) 147
(89,1) (89,2) 177
(90,1) (90,2) 109
(91,1) (91,2) 151
(92,1) (92,2) 132
(93,1) (93,2) 181
(94,1) (94,2) 191
(95,1) (95,2) 103
(96,1) (96,2) 98
(97,1) (97,2) 180
(98,1) (98,2) 158
(99,1) (99,2) 177
(100,1) (100,2) 135
(1,2) (1,3) 114
(2,2) (2,3) 105
(3,2) (3,3) 185
(4,2) (4,3) 121
(5,2) (5,3) 168
(6,2) (6,3) 134
(7,2) (7,3) 133
(8,2) (8,3) 154
(9,2) (9,3) 165
(10,2) (10,3) 164
(11,2) (11,3) 159
(12,2) (12,3) 146
(13,2) (13,3) 129
(14,2) (14,3) 182
(15,2) (15,3) 184
(16,2) (16,3) 153
(17,2) (17,3) 119
(18,2) (18,3) 133
(19,2) (19,3) 106
(20,2) (20,3) 176
(21,2) (21,3) 161
(22,2) (22,3) 109
(23,2) (23,3) 109
(24,2) (24,3) 129
(25,2) (25,3) 106
(26,2) (26,3) 154
(27,2) (27,3) 108
(28,2) (28,3) 155
(29,2) (29,3) 140
(30,2) (30,3) 106
(31,2) (31,3) 95
(32,2) (32,3) 95
(33,2) (33,3) 103
(34,2) (34,3) 148
(35,2) (35,3) 149
(36,2) (36,3) 130
(37,2) (37,3) 171
(38,2) (38,3) 163
(39,2) (39,3) 133
(40,2) (40,3) 153
(41,2) (41,3) 118
(42,2) (42,3) 125
(43,2) (43,3) 114
(44,2) (44,3) 112
(45,2) (45,3) 186
(46,2) (46,3) 119
(47,2) (47,3) 148
(48,2) (48,3) 136
(49,2) (49,3) 186
(50,2) (50,3) 98
(51,2) (51,3) 133
(52,2) (52,3) 110
(53,2) (53,3) 191
(54,2) (54,3) 128
(55,2) (55,3) 157
(56,2) (56,3) 192
(57,2) (57,3) 155
(58,2) (58,3) 145
(59,2) (59,3) 110
(60,2) (60,3) 166
(61,2) (61,3) 134
(62,2) (62,3) 110
(63,2) (63,3) 145
(64,2) (64,3) 179
(65,2) (65,3) 98
(66,2) (66,3) 179
(67,2) (67,3) 98
(68,2) (68,3) 123
(69,2) (69,3) 125
(70,2) (70,3) 165
(71,2) (71,3) 134
(72,2) (72,3) 189
(73,2) (73,3) 181
(74,2) (74,3) 115
(75,2) (75,3) 116
(76,2) (76,3) 154
(77,2) (77,3) 176
(78,2) (78,3) 194
(79,2) (79,3) 101
(80,2) (80,3) 117
(81,2) (81,3) 149
(82,2) (82,3) 101
(83,2) (83,3) 125
(84,2) (84,3) 174
(85,2) (85,3) 147
(86,2) (86,3) 154
(87,2) (87,3) 124
(88,2) (88,3) 157
(89,2) (89,3) 105
(90,2) (90,3) 187
(91,2) (91,3) 117
(92,2) (92,3) 96
(93,2) (93,3) 148
(94,2) (94,3) 97
(95,2) (95,3) 114
(96,2) (96,3) 106
(97,2) (97,3) 150
(98,2) (98,3) 103
(99,2) (99,3) 109
(100,2) (100,3) 163
(1,3) (1,4) 152
(2,3) (2,4) 188
(3,3) (3,4) 124
(4,3) (4,4) 169
(5,3) (5,4) 155
(6,3) (6,4) 158
(7,3) (7,4) 129
(8,3) (8,4) 137
(9,3) (9,4) 111
(10,3) (10,4) 167
(11,3) (11,4) 148
(12,3) (12,4) 182
(13,3) (13,4) 152
(14,3) (14,4) 138
(15,3) (15,4) 125
(16,3) (16,4) 140
(17,3) (17,4) 98
(18,3) (18,4) 144
(19,3) (19,4) 121
(20,3) (20,4) 121
(21,3) (21,4) 140
(22,3) (22,4) 193
(23,3) (23,4) 165
(24,3) (24,4) 129
(25,3) (25,4) 165
(26,3) (26,4) 157
(27,3) (27,4) 119
(28,3) (28,4) 152
(29,3) (29,4) 116
(30,3) (30,4) 139
(31,3) (31,4) 186
(32,3) (32,4) 172
(33,3) (33,4) 107
(34,3) (34,4) 97
(35,3) (35,4) 109
(36,3) (36,4) 142
(37,3) (37,4) 140
(38,3) (38,4) 176
(39,3) (39,4) 181
(40,3) (40,4) 189
(41,3) (41,4) 159
(42,3) (42,4) 171
(43,3) (43,4) 100
(44,3) (44,4) 106
(45,3) (45,4) 98
(46,3) (46,4) 126
(47,3) (47,4) 133
(48,3) (48,4) 107
(49,3) (49,4) 138
(50,3) (50,4) 140
(51,3) (51,4) 128
(52,3) (52,4) 131
(53,3) (53,4) 188
(54,3) (54,4) 190
(55,3) (55,4) 150
(56,3) (56,4) 149
(57,3) (57,4) 134
(58,3) (58,4) 145
(59,3) (59,4) 135
(60,3) (60,4) 113
(61,3) (61,4) 120
(62,3) (62,4) 120
(63,3) (63,4) 126
(64,3) (64,4) 167
(65,3) (65,4) 166
(66,3) (66,4) 166
(67,3) (67,4) 188
(68,3) (68,4) 154
(69,3) (69,4) 103
(70,3) (70,4) 190
(71,3) (71,4) 179
(72,3) (72,4) 133
(73,3) (73,4) 108
(74,3) (74,4) 128
(75,3) (75,4) 165
(76,3) (76,4) 106
(77,3) (77,4) 188
(78,3) (78,4) 189
(79,3) (79,4) 152
(80,3) (80,4) 117
(81,3) (81,4) 105
(82,3) (82,4) 132
(83,3) (83,4) 146
(84,3) (84,4) 100
(85,3) (85,4) 164
(86,3) (86,4) 175
(87,3) (87,4) 191
(88,3) (88,4) 155
(89,3) (89,4) 109
(90,3) (90,4) 157
(91,3) (91,4) 111
(92,3) (92,4) 145
(93,3) (93,4) 138
(94,3) (94,4) 117
(95,3) (95,4) 98
(96,3) (96,4) 147
(97,3) (97,4) 113
(98,3) (98,4) 129
(99,3) (99,4) 178
(100,3) (100,4) 107
(1,4) (1,5) 185
(2,4) (2,5) 126
(3,4) (3,5) 189
(4,4) (4,5) 131
(5,4) (5,5) 107
(6,4) (6,5) 111
(7,4) (7,5) 156
(8,4) (8,5) 164
(9,4) (9,5) 174
(10,4) (10,5) 102
(11,4) (11,5) 119
(12,4) (12,5) 148
(13,4) (13,5) 158
(14,4) (14,5) 190
(15,4) (15,5) 130
(16,4) (16,5) 154
(17,4) (17,5) 185
(18,4) (18,5) 140
(19,4) (19,5) 170
(20,4) (20,5) 152
(21,4) (21,5) 167
(22,4) (22,5) 129
(23,4) (23,5) 174
(24,4) (24,5) 129
(25,4) (25,5) 153
(26,4) (26,5) 139
(27,4) (27,5) 185
(28,4) (28,5) 103
(29,4) (29,5) 149
(30,4) (30,5) 104
(31,4) (31,5) 181
(32,4) (32,5) 169
(33,4) (33,5) 185
(34,4) (34,5) 184
(35,4) (35,5) 129
(36,4) (36,5) 145
(37,4) (37,5) 98
(38,4) (38,5) 193
(39,4) (39,5) 100
(40,4) (40,5) 127
(41,4) (41,5) 100
(42,4) (42,5) 126
(43,4) (43,5) 191
(44,4) (44,5) 117
(45,4) (45,5) 149
(46,4) (46,5) 124
(47,4) (47,5) 109
(48,4) (48,5) 191
(49,4) (49,5) 178
(50,4) (50,5) 175
(51,4) (51,5) 149
(52,4) (52,5) 136
(53,4) (53,5) 113
(54,4) (54,5) 132
(55,4) (55,5) 184
(56,4) (56,5) 96
(57,4) (57,5) 173
(58,4) (58,5) 162
(59,4) (59,5) 182
(60,4) (60,5) 122
(61,4) (61,5) 128
(62,4) (62,5) 157
(63,4) (63,5) 165
(64,4) (64,5) 138
(65,4) (65,5) 113
(66,4) (66,5) 107
(67,4) (67,5) 176
(68,4) (68,5) 124
(69,4) (69,5) 159
(70,4) (70,5) 120
(71,4) (71,5) 186
(72,4) (72,5) 167
(73,4) (73,5) 121
(74,4) (74,5) 184
(75,4) (75,5) 118
(76,4) (76,5) 175
(77,4) (77,5) 134
(78,4) (78,5) 164
(79,4) (79,5) 166
(80,4) (80,5) 143
(81,4) (81,5) 128
(82,4) (82,5) 191
(83,4) (83,5) 157
(84,4) (84,5) 139
(85,4) (85,5) 146
(86,4) (86,5) 120
(87,4) (87,5) 174
(88,4) (88,5) 163
(89,4) (89,5) 176
(90,4) (90,5) 149
(91,4) (91,5) 185
(92,4) (92,5) 181
(93,4) (93,5) 108
(94,4) (94,5) 178
(95,4) (95,5) 116
(96,4) (96,5) 96
(97,4) (97,5) 115
(98,4) (98,5) 140
(99,4) (99,5) 183
(100,4) (100,5) 155
(1,5) (1,6) 157
(2,5) (2,6) 110
(3,5) (3,6) 193
(4,5) (4,6) 177
(5,5) (5,6) 161
(6,5) (6,6) 125
(7,5) (7,6) 117
(8,5) (8,6) 168
(9,5) (9,6) 141
(10,5) (10,6) 156
(11,5) (11,6) 102
(12,5) (12,6) 192
(13,5) (13,6) 155
(14,5) (14,6) 118
(15,5) (15,6) 167
(16,5) (16,6) 177
(17,5) (17,6) 122
(18,5) (18,6) 176
(19,5) (19,6) 128
(20,5) (20,6) 105
(21,5) (21,6) 160
(22,5) (22,6) 136
(23,5) (23,6) 113
(24,5) (24,6) 176
(25,5) (25,6) 192
(26,5) (26,6) 173
(27,5) (27,6) 169
(28,5) (28,6) 162
(29,5) (29,6) 131
(30,5) (30,6) 102
(31,5) (31,6) 120
(32,5) (32,6) 124
(33,5) (33,6) 108
(34,5) (34,6) 137
(35,5) (35,6) 105
(36,5) (36,6) 131
(37,5) (37,6) 134
(38,5) (38,6) 140
(39,5) (39,6) 132
(40,5) (40,6) 174
(41,5) (41,6) 123
(42,5) (42,6) 182
(43,5) (43,6) 144
(44,5) (44,6) 188
(45,5) (45,6) 186
(46,5) (46,6) 128
(47,5) (47,6) 169
(48,5) (48,6) 165
(49,5) (49,6) 121
(50,5) (50,6) 112
(51,5) (51,6) 104
(52,5) (52,6) 190
(53,5) (53,6) 122
(54,5) (54,6) 108
(55,5) (55,6) 164
(56,5) (56,6) 183
(57,5) (57,6) 188
(58,5) (58,6) 108
(59,5) (59,6) 157
(60,5) (60,6) 109
(61,5) (61,6) 170
(62,5) (62,6) 178
(63,5) (63,6) 108
(64,5) (64,6) 121
(65,5) (65,6) 176
(66,5) (66,6) 171
(67,5) (67,6) 135
(68,5) (68,6) 124
(69,5) (69,6) 166
(70,5) (70,6) 158
(71,5) (71,6) 103
(72,5) (72,6) 122
(73,5) (73,6) 119
(74,5) (74,6) 96
(75,5) (75,6) 192
(76,5) (76,6) 170
(77,5) (77,6) 110
(78,5) (78,6) 130
(79,5) (79,6) 120
(80,5) (80,6) 132
(81,5) (81,6) 171
(82,5) (82,6) 164
(83,5) (83,6) 160
(84,5) (84,6) 154
(85,5) (85,6) 149
(86,5) (86,6) 97
(87,5) (87,6) 148
(88,5) (88,6) 169
(89,5) (89,6) 192
(90,5) (90,6) 109
(91,5) (91,6) 186
(92,5) (92,6) 164
(93,5) (93,6) 112
(94,5) (94,6) 167
(95,5) (95,6) 95
(96,5) (96,6) 187
(97,5) (97,6) 113
(98,5) (98,6) 130
(99,5) (99,6) 190
(100,5) (100,6) 109
(1,6) (1,7) 181
(2,6) (2,7) 98
(3,6) (3,7) 166
(4,6) (4,7) 172
(5,6) (5,7) 148
(6,6) (6,7) 145
(7,6) (7,7) 135
(8,6) (8,7) 190
(9,6) (9,7) 115
(10,6) (10,7) 140
(11,6) (11,7) 104
(12,6) (12,7) 178
(13,6) (13,7) 117
(14,6) (14,7) 112
(15,6) (15,7) 104
(16,6) (16,7) 149
(17,6) (17,7) 186
(18,6) (18,7) 170
(19,6) (19,7) 110
(20,6) (20,7) 184
(21,6) (21,7) 193
(22,6) (22,7) 175
(23,6) (23,7) 132
(24,6) (24,7) 103
(25,6) (25,7) 185
(26,6) (26,7) 186
(27,6) (27,7) 165
(28,6) (28,7) 194
(29,6) (29,7) 132
(30,6) (30,7) 152
(31,6) (31,7) 127
(32,6) (32,7) 108
(33,6) (33,7) 189
(34,6) (34,7) 149
(35,6) (35,7) 96
(36,6) (36,7) 136
(37,6) (37,7) 108
(38,6) (38,7) 128
(39,6) (39,7) 116
(40,6) (40,7) 145
(41,6) (41,7) 180
(42,6) (42,7) 165
(43,6) (43,7) 189
(44,6) (44,7) 171
(45,6) (45,7) 149
(46,6) (46,7) 168
(47,6) (47,7) 134
(48,6) (48,7) 156
(49,6) (49,7) 109
(50,6) (50,7) 183
(51,6) (51,7) 171
(52,6) (52,7) 182
(53,6) (53,7) 177
(54,6) (54,7) 97
(55,6) (55,7) 157
(56,6) (56,7) 178
(57,6) (57,7) 164
(58,6) (58,7) 142
(59,6) (59,7) 138
(60,6) (60,7) 189
(61,6) (61,7) 172
(62,6) (62,7) 183
(63,6) (63,7) 161
(64,6) (64,7) 172
(65,6) (65,7) 164
(66,6) (66,7) 110
(67,6) (67,7) 123
(68,6) (68,7) 117
(69,6) (69,7) 182
(70,6) (70,7) 127
(71,6) (71,7) 127
(72,6) (72,7) 106
(73,6) (73,7) 170
(74,6) (74,7) 134
(75,6) (75,7) 186
(76,6) (76,7) 114
(77,6) (77,7) 177
(78,6) (78,7) 192
(79,6) (79,7) 153
(80,6) (80,7) 134
(81,6) (81,7) 121
(82,6) (82,7) 130
(83,6) (83,7) 121
(84,6) (84,7) 147
(85,6) (85,7) 114
(86,6) (86,7) 137
(87,6) (87,7) 112
(88,6) (88,7) 101
(89,6) (89,7) 150
(90,6) (90,7) 168
(91,6) (91,7) 157
(92,6) (92,7) 122
(93,6) (93,7) 117
(94,6) (94,7) 121
(95,6) (95,7) 124
(96,6) (96,7) 193
(97,6) (97,7) 106
(98,6) (98,7) 98
(99,6) (99,7) 194
(100,6) (100,7) 120
(1,7) (1,8) 103
(2,7) (2,8) 97
(3,7) (3,8) 149
(4,7) (4,8) 101
(5,7) (5,8) 165
(6,7) (6,8) 130
(7,7) (7,8) 165
(8,7) (8,8) 148
(9,7) (9,8) 120
(10,7) (10,8) 149
(11,7) (11,8) 170
(12,7) (12,8) 160
(13,7) (13,8) 127
(14,7) (14,8) 160
(15,7) (15,8) 177
(16,7) (16,8) 149
(17,7) (17,8) 115
(18,7) (18,8) 154
(19,7) (19,8) 178
(20,7) (20,8) 145
(21,7) (21,8) 166
(22,7) (22,8) 156
(23,7) (23,8) 168
(24,7) (24,8) 103
(25,7) (25,8) 127
(26,7) (26,8) 180
(27,7) (27,8) 101
(28,7) (28,8) 119
(29,7) (29,8) 97
(30,7) (30,8) 132
(31,7) (31,8) 128
(32,7) (32,8) 193
(33,7) (33,8) 117
(34,7) (34,8) 134
(35,7) (35,8) 158
(36,7) (36,8) 106
(37,7) (37,8) 128
(38,7) (38,8) 98
(39,7) (39,8) 109
(40,7) (40,8) 142
(41,7) (41,8) 170
(42,7) (42,8) 169
(43,7) (43,8) 151
(44,7) (44,8) 100
(45,7) (45,8) 166
(46,7) (46,8) 131
(47,7) (47,8) 183
(48,7) (48,8) 130
(49,7) (49,8) 140
(50,7) (50,8) 160
(51,7) (51,8) 137
(52,7) (52,8) 113
(53,7) (53,8) 182
(54,7) (54,8) 120
(55,7) (55,8) 185
(56,7) (56,8) 189
(57,7) (57,8) 186
(58,7) (58,8) 162
(59,7) (59,8) 124
(60,7) (60,8) 187
(61,7) (61,8) 139
(62,7) (62,8) 117
(63,7) (63,8) 130
(64,7) (64,8) 140
(65,7) (65,8) 98
(66,7) (66,8) 117
(67,7) (67,8) 128
(68,7) (68,8) 138
(69,7) (69,8) 192
(70,7) (70,8) 193
(71,7) (71,8) 129
(72,7) (72,8) 193
(73,7) (73,8) 155
(74,7) (74,8) 105
(75,7) (75,8) 120
(76,7) (76,8) 112
(77,7) (77,8) 156
(78,7) (78,8) 139
(79,7) (79,8) 138
(80,7) (80,8) 139
(81,7) (81,8) 129
(82,7) (82,8) 107
(83,7) (83,8) 105
(84,7) (84,8) 174
(85,7) (85,8) 115
(86,7) (86,8) 107
(87,7) (87,8) 142
(88,7) (88,8) 124
(89,7) (89,8) 178
(90,7) (90,8) 114
(91,7) (91,8) 179
(92,7) (92,8) 100
(93,7) (93,8) 144
(94,7) (94,8) 117
(95,7) (95,8) 181
(96,7) (96,8) 117
(97,7) (97,8) 184
(98,7) (98,8) 112
(99,7) (99,8) 129
(100,7) (100,8) 96
(1,8) (1,9) 125
(2,8) (2,9) 184
(3,8) (3,9) 134
(4,8) (4,9) 144
(5,8) (5,9) 148
(6,8) (6,9) 109
(7,8) (7,9) 164
(8,8) (8,9) 140
(9,8) (9,9) 123
(10,8) (10,9) 131
(11,8) (11,9) 160
(12,8) (12,9) 152
(13,8) (13,9) 114
(14,8) (14,9) 110
(15,8) (15,9) 133
(16,8) (16,9) 110
(17,8) (17,9) 148
(18,8) (18,9) 167
(19,8) (19,9) 133
(20,8) (20,9) 159
(21,8) (21,9) 108
(22,8) (22,9) 108
(23,8) (23,9) 116
(24,8) (24,9) 103
(25,8) (25,9) 186
(26,8) (26,9) 123
(27,8) (27,9) 187
(28,8) (28,9) 139
(29,8) (29,9) 149
(30,8) (30,9) 98
(31,8) (31,9) 145
(32,8) (32,9) 113
(33,8) (33,9) 126
(34,8) (34,9) 190
(35,8) (35,9) 137
(36,8) (36,9) 193
(37,8) (37,9) 183
(38,8) (38,9) 133
(39,8) (39,9) 191
(40,8) (40,9) 182
(41,8) (41,9) 131
(42,8) (42,9) 144
(43,8) (43,9) 172
(44,8) (44,9) 117
(45,8) (45,9) 136
(46,8) (46,9) 151
(47,8) (47,9) 97
(48,8) (48,9) 131
(49,8) (49,9) 131
(50,8) (50,9) 149
(51,8) (51,9) 143
(52,8) (52,9) 131
(53,8) (53,9) 194
(54,8) (54,9) 135
(55,8) (55,9) 147
(56,8) (56,9) 194
(57,8) (57,9) 186
(58,8) (58,9) 108
(59,8) (59,9) 109
(60,8) (60,9) 179
(61,8) (61,9) 128
(62,8) (62,9) 127
(63,8) (63,9) 127
(64,8) (64,9) 99
(65,8) (65,9) 160
(66,8) (66,9) 188
(67,8) (67,9) 176
(68,8) (68,9) 169
(69,8) (69,9) 130
(70,8) (70,9) 158
(71,8) (71,9) 114
(72,8) (72,9) 116
(73,8) (73,9) 158
(74,8) (74,9) 129
(75,8) (75,9) 137
(76,8) (76,9) 114
(77,8) (77,9) 157
(78,8) (78,9) 165
(79,8) (79,9) 150
(80,8) (80,9) 109
(81,8) (81,9) 153
(82,8) (82,9) 144
(83,8) (83,9) 128
(84,8) (84,9) 128
(85,8) (85,9) 138
(86,8) (86,9) 125
(87,8) (87,9) 119
(88,8) (88,9) 107
(89,8) (89,9) 95
(90,8) (90,9) 139
(91,8) (91,9) 159
(92,8) (92,9) 125
(93,8) (93,9) 182
(94,8) (94,9) 127
(95,8) (95,9) 143
(96,8) (96,9) 112
(97,8) (97,9) 95
(98,8) (98,9) 193
(99,8) (99,9) 172
(100,8) (100,9) 164
(1,9) (1,10) 100
(2,9) (2,10) 150
(3,9) (3,10) 132
(4,9) (4,10) 117
(5,9) (5,10) 189
(6,9) (6,10) 99
(7,9) (7,10) 117
(8,9) (8,10) 174
(9,9) (9,10) 103
(10,9) (10,10) 112
(11,9) (11,10) 151
(12,9) (12,10) 122
(13,9) (13,10) 185
(14,9) (14,10) 192
(15,9) (15,10) 157
(16,9) (16,10) 98
(17,9) (17,10) 191
(18,9) (18,10) 153
(19,9) (19,10) 176
(20,9) (20,10) 158
(21,9) (21,10) 171
(22,9) (22,10) 160
(23,9) (23,10) 161
(24,9) (24,10) 177
(25,9) (25,10) 161
(26,9) (26,10) 158
(27,9) (27,10) 158
(28,9) (28,10) 151
(29,9) (29,10) 150
(30,9) (30,10) 122
(31,9) (31,10) 113
(32,9) (32,10) 106
(33,9) (33,10) 141
(34,9) (34,10) 102
(35,9) (35,10) 109
(36,9) (36,10) 161
(37,9) (37,10) 95
(38,9) (38,10) 166
(39,9) (39,10) 102
(40,9) (40,10) 154
(41,9) (41,10) 149
(42,9) (42,10) 180
(43,9) (43,10) 156
(44,9) (44,10) 120
(45,9) (45,10) 152
(46,9) (46,10) 162
(47,9) (47,10) 115
(48,9) (48,10) 97
(49,9) (49,10) 149
(50,9) (50,10) 191
(51,9) (51,10) 143
(52,9) (52,10) 169
(53,9) (53,10) 135
(54,9) (54,10) 184
(55,9) (55,10) 135
(56,9) (56,10) 158
(57,9) (57,10) 118
(58,9) (58,10) 164
(59,9) (59,10) 143
(60,9) (60,10) 125
(61,9) (61,10) 102
(62,9) (62,10) 158
(63,9) (63,10) 103
(64,9) (64,10) 119
(65,9) (65,10) 137
(66,9) (66,10) 131
(67,9) (67,10) 178
(68,9) (68,10) 125
(69,9) (69,10) 166
(70,9) (70,10) 137
(71,9) (71,10) 141
(72,9) (72,10) 190
(73,9) (73,10) 167
(74,9) (74,10) 169
(75,9) (75,10) 110
(76,9) (76,10) 154
(77,9) (77,10) 126
(78,9) (78,10) 170
(79,9) (79,10) 189
(80,9) (80,10) 156
(81,9) (81,10) 108
(82,9) (82,10) 147
(83,9) (83,10) 135
(84,9) (84,10) 174
(85,9) (85,10) 111
(86,9) (86,10) 167
(87,9) (87,10) 108
(88,9) (88,10) 161
(89,9) (89,10) 166
(90,9) (90,10) 101
(91,9) (91,10) 183
(92,9) (92,10) 112
(93,9) (93,10) 111
(94,9) (94,10) 162
(95,9) (95,10) 98
(96,9) (96,10) 102
(97,9) (97,10) 165
(98,9) (98,10) 175
(99,9) (99,10) 163
(100,9) (100,10) 140
(1,1) (2,1) 159
(2,1) (1,1) 172
(2,1) (3,1) 98
(3,1) (2,1) 193
(3,1) (4,1) 137
(4,1) (3,1) 163
(4,1) (5,1) 168
(5,1) (4,1) 116
(5,1) (6,1) 103
(6,1) (5,1) 179
(6,1) (7,1) 142
(7,1) (6,1) 100
(7,1) (8,1) 129
(8,1) (7,1) 193
(8,1) (9,1) 100
(9,1) (8,1) 172
(9,1) (10,1) 182
(10,1) (9,1) 188
(10,1) (11,1) 186
(11,1) (10,1) 110
(11,1) (12,1) 172
(12,1) (11,1) 153
(12,1) (13,1) 153
(13,1) (12,1) 138
(13,1) (14,1) 160
(14,1) (13,1) 102
(14,1) (15,1) 161
(15,1) (14,1) 100
(15,1) (16,1) 99
(16,1) (15,1) 152
(16,1) (17,1) 110
(17,1) (16,1) 162
(17,1) (18,1) 186
(18,1) (17,1) 144
(18,1) (19,1) 185
(19,1) (18,1) 181
(19,1) (20,1) 112
(20,1) (19,1) 138
(20,1) (21,1) 135
(21,1) (20,1) 107
(21,1) (22,1) 182
(22,1) (21,1) 158
(22,1) (23,1) 166
(23,1) (22,1) 149
(23,1) (24,1) 126
(24,1) (23,1) 141
(24,1) (25,1) 151
(25,1) (24,1) 179
(25,1) (26,1) 101
(26,1) (25,1) 100
(26,1) (27,1) 135
(27,1) (26,1) 109
(27,1) (28,1) 120
(28,1) (27,1) 132
(28,1) (29,1) 97
(29,1) (28,1) 135
(29,1) (30,1) 142
(30,1) (29,1) 97
(30,1) (31,1) 154
(31,1) (30,1) 105
(31,1) (32,1) 117
(32,1) (31,1) 104
(32,1) (33,1) 194
(33,1) (32,1) 160
(33,1) (34,1) 182
(34,1) (33,1) 193
(34,1) (35,1) 134
(35,1) (34,1) 152
(35,1) (36,1) 142
(36,1) (35,1) 182
(36,1) (37,1) 142
(37,1) (36,1) 150
(37,1) (38,1) 99
(38,1) (37,1) 130
(38,1) (39,1) 96
(39,1) (38,1) 143
(39,1) (40,1) 125
(40,1) (39,1) 131
(40,1) (41,1) 104
(41,1) (40,1) 136
(41,1) (42,1) 107
(42,1) (41,1) 98
(42,1) (43,1) 169
(43,1) (42,1) 142
(43,1) (44,1) 194
(44,1) (43,1) 194
(44,1) (45,1) 128
(45,1) (44,1) 173
(45,1) (46,1) 125
(46,1) (45,1) 135
(46,1) (47,1) 183
(47,1) (46,1) 129
(47,1) (48,1) 161
(48,1) (47,1) 161
(48,1) (49,1) 132
(49,1) (48,1) 144
(49,1) (50,1) 192
(50,1) (49,1) 154
(50,1) (51,1) 145
(51,1) (50,1) 135
(51,1) (52,1) 161
(52,1) (51,1) 132
(52,1) (53,1) 126
(53,1) (52,1) 101
(53,1) (54,1) 116
(54,1) (53,1) 120
(54,1) (55,1) 182
(55,1) (54,1) 170
(55,1) (56,1) 161
(56,1) (55,1) 99
(56,1) (57,1) 113
(57,1) (56,1) 142
(57,1) (58,1) 150
(58,1) (57,1) 111
(58,1) (59,1) 110
(59,1) (58,1) 140
(59,1) (60,1) 178
(60,1) (59,1) 183
(60,1) (61,1) 125
(61,1) (60,1) 142
(61,1) (62,1) 120
(62,1) (61,1) 189
(62,1) (63,1) 98
(63,1) (62,1) 119
(63,1) (64,1) 109
(64,1) (63,1) 185
(64,1) (65,1) 122
(65,1) (64,1) 172
(65,1) (66,1) 119
(66,1) (65,1) 115
(66,1) (67,1) 174
(67,1) (66,1) 138
(67,1) (68,1) 180
(68,1) (67,1) 110
(68,1) (69,1) 98
(69,1) (68,1) 137
(69,1) (70,1) 171
(70,1) (69,1) 167
(70,1) (71,1) 182
(71,1) (70,1) 121
(71,1) (72,1) 126
(72,1) (71,1) 145
(72,1) (73,1) 185
(73,1) (72,1) 161
(73,1) (74,1) 103
(74,1) (73,1) 138
(74,1) (75,1) 155
(75,1) (74,1) 124
(75,1) (76,1) 137
(76,1) (75,1) 179
(76,1) (77,1) 153
(77,1) (76,1) 177
(77,1) (78,1) 168
(78,1) (77,1) 119
(78,1) (79,1) 97
(79,1) (78,1) 108
(79,1) (80,1) 129
(80,1) (79,1) 194
(80,1) (81,1) 147
(81,1) (80,1) 100
(81,1) (82,1) 148
(82,1) (81,1) 117
(82,1) (83,1) 149
(83,1) (82,1) 184
(83,1) (84,1) 183
(84,1) (83,1) 165
(84,1) (85,1) 174
(85,1) (84,1) 148
(85,1) (86,1) 97
(86,1) (85,1) 100
(86,1) (87,1) 117
(87,1) (86,1) 173
(87,1) (88,1) 108
(88,1) (87,1) 173
(88,1) (89,1) 157
(89,1) (88,1) 105
(89,1) (90,1) 169
(90,1) (89,1) 144
(90,1) (91,1) 141
(91,1) (90,1) 114
(91,1) (92,1) 161
(92,1) (91,1) 139
(92,1) (93,1) 131
(93,1) (92,1) 139
(93,1) (94,1) 172
(94,1) (93,1) 172
(94,1) (95,1) 169
(95,1) (94,1) 172
(95,1) (96,1) 103
(96,1) (95,1) 154
(96,1) (97,1) 140
(97,1) (96,1) 106
(97,1) (98,1) 187
(98,1) (97,1) 160
(98,1) (99,1) 157
(99,1) (98,1) 126
(99,1) (100,1) 150
(100,1) (99,1) 193
(1,2) (2,2) 135
(2,2) (1,2) 164
(2,2) (3,2) 113
(3,2) (2,2) 123
(3,2) (4,2) 176
(4,2) (3,2) 126
(4,2) (5,2) 191
(5,2) (4,2) 187
(5,2) (6,2) 127
(6,2) (5,2) 175
(6,2) (7,2) 194
(7,2) (6,2) 173
(7,2) (8,2) 194
(8,2) (7,2) 190
(8,2) (9,2) 188
(9,2) (8,2) 185
(9,2) (10,2) 127
(10,2) (9,2) 114
(10,2) (11,2) 121
(11,2) (10,2) 105
(11,2) (12,2) 151
(12,2) (11,2) 103
(12,2) (13,2) 104
(13,2) (12,2) 111
(13,2) (14,2) 168
(14,2) (13,2) 116
(14,2) (15,2) 112
(15,2) (14,2) 163
(15,2) (16,2) 96
(16,2) (15,2) 160
(16,2) (17,2) 110
(17,2) (16,2) 130
(17,2) (18,2) 156
(18,2) (17,2) 113
(18,2) (19,2) 188
(19,2) (18,2) 99
(19,2) (20,2) 161
(20,2) (19,2) 112
(20,2) (21,2) 156
(21,2) (20,2) 167
(21,2) (22,2) 142
(22,2) (21,2) 146
(22,2) (23,2) 131
(23,2) (22,2) 168
(23,2) (24,2) 135
(24,2) (23,2) 179
(24,2) (25,2) 129
(25,2) (24,2) 138
(25,2) (26,2) 190
(26,2) (25,2) 148
(26,2) (27,2) 191
(27,2) (26,2) 121
(27,2) (28,2) 173
(28,2) (27,2) 184
(28,2) (29,2) 109
(29,2) (28,2) 184
(29,2) (30,2) 188
(30,2) (29,2) 137
(30,2) (31,2) 106
(31,2) (30,2) 139
(31,2) (32,2) 164
(32,2) (31,2) 170
(32,2) (33,2) 185
(33,2) (32,2) 193
(33,2) (34,2) 117
(34,2) (33,2) 193
(34,2) (35,2) 178
(35,2) (34,2) 176
(35,2) (36,2) 121
(36,2) (35,2) 182
(36,2) (37,2) 190
(37,2) (36,2) 185
(37,2) (38,2) 119
(38,2) (37,2) 146
(38,2) (39,2) 127
(39,2) (38,2) 193
(39,2) (40,2) 115
(40,2) (39,2) 138
(40,2) (41,2) 148
(41,2) (40,2) 139
(41,2) (42,2) 120
(42,2) (41,2) 145
(42,2) (43,2) 138
(43,2) (42,2) 137
(43,2) (44,2) 124
(44,2) (43,2) 169
(44,2) (45,2) 133
(45,2) (44,2) 148
(45,2) (46,2) 163
(46,2) (45,2) 158
(46,2) (47,2) 194
(47,2) (46,2) 155
(47,2) (48,2) 127
(48,2) (47,2) 160
(48,2) (49,2) 165
(49,2) (48,2) 188
(49,2) (50,2) 167
(50,2) (49,2) 114
(50,2) (51,2) 138
(51,2) (50,2) 135
(51,2) (52,2) 160
(52,2) (51,2) 109
(52,2) (53,2) 168
(53,2) (52,2) 113
(53,2) (54,2) 117
(54,2) (53,2) 144
(54,2) (55,2) 183
(55,2) (54,2) 165
(55,2) (56,2) 168
(56,2) (55,2) 183
(56,2) (57,2) 133
(57,2) (56,2) 182
(57,2) (58,2) 115
(58,2) (57,2) 155
(58,2) (59,2) 177
(59,2) (58,2) 120
(59,2) (60,2) 191
(60,2) (59,2) 120
(60,2) (61,2) 151
(61,2) (60,2) 137
(61,2) (62,2) 97
(62,2) (61,2) 102
(62,2) (63,2) 107
(63,2) (62,2) 172
(63,2) (64,2) 123
(64,2) (63,2) 173
(64,2) (65,2) 161
(65,2) (64,2) 120
(65,2) (66,2) 134
(66,2) (65,2) 140
(66,2) (67,2) 177
(67,2) (66,2) 136
(67,2) (68,2) 109
(68,2) (67,2) 193
(68,2) (69,2) 156
(69,2) (68,2) 124
(69,2) (70,2) 149
(70,2) (69,2) 111
(70,2) (71,2) 167
(71,2) (70,2) 168
(71,2) (72,2) 129
(72,2) (71,2) 162
(72,2) (73,2) 149
(73,2) (72,2) 128
(73,2) (74,2) 129
(74,2) (73,2) 192
(74,2) (75,2) 101
(75,2) (74,2) 155
(75,2) (76,2) 176
(76,2) (75,2) 98
(76,2) (77,2) 138
(77,2) (76,2) 178
(77,2) (78,2) 139
(78,2) (77,2) 145
(78,2) (79,2) 110
(79,2) (78,2) 165
(79,2) (80,2) 189
(80,2) (79,2) 155
(80,2) (81,2) 157
(81,2) (80,2) 166
(81,2) (82,2) 140
(82,2) (81,2) 117
(82,2) (83,2) 95
(83,2) (82,2) 142
(83,2) (84,2) 114
(84,2) (83,2) 166
(84,2) (85,2) 113
(85,2) (84,2) 164
(85,2) (86,2) 114
(86,2) (85,2) 111
(86,2) (87,2) 179
(87,2) (86,2) 129
(87,2) (88,2) 177
(88,2) (87,2) 151
(88,2) (89,2) 162
(89,2) (88,2) 174
(89,2) (90,2) 166
(90,2) (89,2) 171
(90,2) (91,2) 133
(91,2) (90,2) 173
(91,2) (92,2) 194
(92,2) (91,2) 178
(92,2) (93,2) 143
(93,2) (92,2) 191
(93,2) (94,2) 96
(94,2) (93,2) 187
(94,2) (95,2) 151
(95,2) (94,2) 119
(95,2) (96,2) 193
(96,2) (95,2) 152
(96,2) (97,2) 121
(97,2) (96,2) 144
(97,2) (98,2) 100
(98,2) (97,2) 155
(98,2) (99,2) 95
(99,2) (98,2) 137
(99,2) (100,2) 170
(100,2) (99,2) 188
(1,3) (2,3) 120
(2,3) (1,3) 146
(2,3) (3,3) 176
(3,3) (2,3) 109
(3,3) (4,3) 114
(4,3) (3,3) 100
(4,3) (5,3) 98
(5,3) (4,3) 117
(5,3) (6,3) 98
(6,3) (5,3) 154
(6,3) (7,3) 169
(7,3) (6,3) 132
(7,3) (8,3) 114
(8,3) (7,3) 171
(8,3) (9,3) 136
(9,3) (8,3) 182
(9,3) (10,3) 187
(10,3) (9,3) 179
(10,3) (11,3) 173
(11,3) (10,3) 97
(11,3) (12,3) 125
(12,3) (11,3) 161
(12,3) (13,3) 163
(13,3) (12,3) 188
(13,3) (14,3) 133
(14,3) (13,3) 168
(14,3) (15,3) 187
(15,3) (14,3) 125
(15,3) (16,3) 122
(16,3) (15,3) 118
(16,3) (17,3) 96
(17,3) (16,3) 126
(17,3) (18,3) 167
(18,3) (17,3) 191
(18,3) (19,3) 148
(19,3) (18,3) 139
(19,3) (20,3) 109
(20,3) (19,3) 134
(20,3) (21,3) 106
(21,3) (20,3) 173
(21,3) (22,3) 136
(22,3) (21,3) 106
(22,3) (23,3) 194
(23,3) (22,3) 188
(23,3) (24,3) 132
(24,3) (23,3) 136
(24,3) (25,3) 124
(25,3) (24,3) 120
(25,3) (26,3) 187
(26,3) (25,3) 148
(26,3) (27,3) 169
(27,3) (26,3) 133
(27,3) (28,3) 113
(28,3) (27,3) 120
(28,3) (29,3) 139
(29,3) (28,3) 97
(29,3) (30,3) 161
(30,3) (29,3) 116
(30,3) (31,3) 179
(31,3) (30,3) 127
(31,3) (32,3) 123
(32,3) (31,3) 141
(32,3) (33,3) 102
(33,3) (32,3) 149
(33,3) (34,3) 172
(34,3) (33,3) 105
(34,3) (35,3) 173
(35,3) (34,3) 179
(35,3) (36,3) 111
(36,3) (35,3) 95
(36,3) (37,3) 111
(37,3) (36,3) 131
(37,3) (38,3) 120
(38,3) (37,3) 160
(38,3) (39,3) 102
(39,3) (38,3) 102
(39,3) (40,3) 187
(40,3) (39,3) 105
(40,3) (41,3) 172
(41,3) (40,3) 181
(41,3) (42,3) 161
(42,3) (41,3) 129
(42,3) (43,3) 156
(43,3) (42,3) 130
(43,3) (44,3) 123
(44,3) (43,3) 160
(44,3) (45,3) 164
(45,3) (44,3) 121
(45,3) (46,3) 102
(46,3) (45,3) 106
(46,3) (47,3) 164
(47,3) (46,3) 178
(47,3) (48,3) 184
(48,3) (47,3) 137
(48,3) (49,3) 178
(49,3) (48,3) 193
(49,3) (50,3) 130
(50,3) (49,3) 97
(50,3) (51,3) 176
(51,3) (50,3) 153
(51,3) (52,3) 125
(52,3) (51,3) 162
(52,3) (53,3) 115
(53,3) (52,3) 111
(53,3) (54,3) 106
(54,3) (53,3) 102
(54,3) (55,3) 120
(55,3) (54,3) 190
(55,3) (56,3) 190
(56,3) (55,3) 153
(56,3) (57,3) 194
(57,3) (56,3) 137
(57,3) (58,3) 167
(58,3) (57,3) 154
(58,3) (59,3) 95
(59,3) (58,3) 181
(59,3) (60,3) 175
(60,3) (59,3) 155
(60,3) (61,3) 104
(61,3) (60,3) 117
(61,3) (62,3) 179
(62,3) (61,3) 188
(62,3) (63,3) 180
(63,3) (62,3) 145
(63,3) (64,3) 187
(64,3) (63,3) 167
(64,3) (65,3) 145
(65,3) (64,3) 190
(65,3) (66,3) 121
(66,3) (65,3) 188
(66,3) (67,3) 104
(67,3) (66,3) 187
(67,3) (68,3) 99
(68,3) (67,3) 192
(68,3) (69,3) 175
(69,3) (68,3) 101
(69,3) (70,3) 194
(70,3) (69,3) 150
(70,3) (71,3) 192
(71,3) (70,3) 109
(71,3) (72,3) 145
(72,3) (71,3) 133
(72,3) (73,3) 116
(73,3) (72,3) 103
(73,3) (74,3) 96
(74,3) (73,3) 95
(74,3) (75,3) 109
(75,3) (74,3) 132
(75,3) (76,3) 176
(76,3) (75,3) 184
(76,3) (77,3) 102
(77,3) (76,3) 137
(77,3) (78,3) 104
(78,3) (77,3) 128
(78,3) (79,3) 178
(79,3) (78,3) 128
(79,3) (80,3) 144
(80,3) (79,3) 174
(80,3) (81,3) 124
(81,3) (80,3) 123
(81,3) (82,3) 193
(82,3) (81,3) 152
(82,3) (83,3) 129
(83,3) (82,3) 131
(83,3) (84,3) 188
(84,3) (83,3) 144
(84,3) (85,3) 99
(85,3) (84,3) 156
(85,3) (86,3) 185
(86,3) (85,3) 102
(86,3) (87,3) 167
(87,3) (86,3) 166
(87,3) (88,3) 194
(88,3) (87,3) 169
(88,3) (89,3) 135
(89,3) (88,3) 149
(89,3) (90,3) 124
(90,3) (89,3) 180
(90,3) (91,3) 131
(91,3) (90,3) 102
(91,3) (92,3) 134
(92,3) (91,3) 109
(92,3) (93,3) 153
(93,3) (92,3) 105
(93,3) (94,3) 137
(94,3) (93,3) 120
(94,3) (95,3) 99
(95,3) (94,3) 119
(95,3) (96,3) 165
(96,3) (95,3) 111
(96,3) (97,3) 101
(97,3) (96,3) 193
(97,3) (98,3) 146
(98,3) (97,3) 151
(98,3) (99,3) 148
(99,3) (98,3) 188
(99,3) (100,3) 149
(100,3) (99,3) 123
(1,4) (2,4) 179
(2,4) (1,4) 165
(2,4) (3,4) 150
(3,4) (2,4) 160
(3,4) (4,4) 172
(4,4) (3,4) 109
(4,4) (5,4) 99
(5,4) (4,4) 192
(5,4) (6,4) 191
(6,4) (5,4) 165
(6,4) (7,4) 168
(7,4) (6,4) 97
(7,4) (8,4) 152
(8,4) (7,4) 183
(8,4) (9,4) 135
(9,4) (8,4) 135
(9,4) (10,4) 190
(10,4) (9,4) 120
(10,4) (11,4) 162
(11,4) (10,4) 182
(11,4) (12,4) 129
(12,4) (11,4) 115
(12,4) (13,4) 175
(13,4) (12,4) 101
(13,4) (14,4) 185
(14,4) (13,4) 168
(14,4) (15,4) 136
(15,4) (14,4) 167
(15,4) (16,4) 97
(16,4) (15,4) 138
(16,4) (17,4) 110
(17,4) (16,4) 104
(17,4) (18,4) 187
(18,4) (17,4) 104
(18,4) (19,4) 176
(19,4) (18,4) 174
(19,4) (20,4) 160
(20,4) (19,4) 98
(20,4) (21,4) 169
(21,4) (20,4) 135
(21,4) (22,4) 172
(22,4) (21,4) 148
(22,4) (23,4) 130
(23,4) (22,4) 106
(23,4) (24,4) 168
(24,4) (23,4) 183
(24,4) (25,4) 125
(25,4) (24,4) 101
(25,4) (26,4) 118
(26,4) (25,4) 120
(26,4) (27,4) 179
(27,4) (26,4) 181
(27,4) (28,4) 184
(28,4) (27,4) 115
(28,4) (29,4) 185
(29,4) (28,4) 101
(29,4) (30,4) 155
(30,4) (29,4) 128
(30,4) (31,4) 160
(31,4) (30,4) 106
(31,4) (32,4) 158
(32,4) (31,4) 118
(32,4) (33,4) 182
(33,4) (32,4) 104
(33,4) (34,4) 98
(34,4) (33,4) 140
(34,4) (35,4) 185
(35,4) (34,4) 95
(35,4) (36,4) 166
(36,4) (35,4) 146
(36,4) (37,4) 171
(37,4) (36,4) 109
(37,4) (38,4) 130
(38,4) (37,4) 182
(38,4) (39,4) 164
(39,4) (38,4) 191
(39,4) (40,4) 192
(40,4) (39,4) 99
(40,4) (41,4) 180
(41,4) (40,4) 139
(41,4) (42,4) 147
(42,4) (41,4) 95
(42,4) (43,4) 185
(43,4) (42,4) 160
(43,4) (44,4) 95
(44,4) (43,4) 159
(44,4) (45,4) 121
(45,4) (44,4) 126
(45,4) (46,4) 129
(46,4) (45,4) 153
(46,4) (47,4) 172
(47,4) (46,4) 110
(47,4) (48,4) 177
(48,4) (47,4) 171
(48,4) (49,4) 138
(49,4) (48,4) 134
(49,4) (50,4) 178
(50,4) (49,4) 99
(50,4) (51,4) 168
(51,4) (50,4) 162
(51,4) (52,4) 123
(52,4) (51,4) 156
(52,4) (53,4) 122
(53,4) (52,4) 98
(53,4) (54,4) 149
(54,4) (53,4) 174
(54,4) (55,4) 176
(55,4) (54,4) 188
(55,4) (56,4) 100
(56,4) (55,4) 122
(56,4) (57,4) 142
(57,4) (56,4) 182
(57,4) (58,4) 114
(58,4) (57,4) 133
(58,4) (59,4) 130
(59,4) (58,4) 117
(59,4) (60,4) 102
(60,4) (59,4) 108
(60,4) (61,4) 128
(61,4) (60,4) 145
(61,4) (62,4) 194
(62,4) (61,4) 158
(62,4) (63,4) 150
(63,4) (62,4) 189
(63,4) (64,4) 190
(64,4) (63,4) 193
(64,4) (65,4) 186
(65,4) (64,4) 119
(65,4) (66,4) 134
(66,4) (65,4) 163
(66,4) (67,4) 146
(67,4) (66,4) 165
(67,4) (68,4) 134
(68,4) (67,4) 156
(68,4) (69,4) 190
(69,4) (68,4) 183
(69,4) (70,4) 116
(70,4) (69,4) 105
(70,4) (71,4) 96
(71,4) (70,4) 137
(71,4) (72,4) 166
(72,4) (71,4) 137
(72,4) (73,4) 145
(73,4) (72,4) 134
(73,4) (74,4) 171
(74,4) (73,4) 164
(74,4) (75,4) 180
(75,4) (74,4) 95
(75,4) (76,4) 133
(76,4) (75,4) 116
(76,4) (77,4) 98
(77,4) (76,4) 118
(77,4) (78,4) 106
(78,4) (77,4) 176
(78,4) (79,4) 157
(79,4) (78,4) 114
(79,4) (80,4) 192
(80,4) (79,4) 109
(80,4) (81,4) 109
(81,4) (80,4) 171
(81,4) (82,4) 105
(82,4) (81,4) 185
(82,4) (83,4) 193
(83,4) (82,4) 143
(83,4) (84,4) 111
(84,4) (83,4) 154
(84,4) (85,4) 182
(85,4) (84,4) 184
(85,4) (86,4) 181
(86,4) (85,4) 131
(86,4) (87,4) 179
(87,4) (86,4) 158
(87,4) (88,4) 96
(88,4) (87,4) 138
(88,4) (89,4) 101
(89,4) (88,4) 186
(89,4) (90,4) 166
(90,4) (89,4) 122
(90,4) (91,4) 182
(91,4) (90,4) 134
(91,4) (92,4) 137
(92,4) (91,4) 194
(92,4) (93,4) 182
(93,4) (92,4) 160
(93,4) (94,4) 144
(94,4) (93,4) 127
(94,4) (95,4) 169
(95,4) (94,4) 124
(95,4) (96,4) 163
(96,4) (95,4) 174
(96,4) (97,4) 152
(97,4) (96,4) 149
(97,4) (98,4) 148
(98,4) (97,4) 145
(98,4) (99,4) 155
(99,4) (98,4) 108
(99,4) (100,4) 171
(100,4) (99,4) 127
(1,5) (2,5) 147
(2,5) (1,5) 184
(2,5) (3,5) 178
(3,5) (2,5) 148
(3,5) (4,5) 142
(4,5) (3,5) 164
(4,5) (5,5) 102
(5,5) (4,5) 107
(5,5) (6,5) 172
(6,5) (5,5) 143
(6,5) (7,5) 107
(7,5) (6,5) 173
(7,5) (8,5) 140
(8,5) (7,5) 126
(8,5) (9,5) 110
(9,5) (8,5) 103
(9,5) (10,5) 169
(10,5) (9,5) 119
(10,5) (11,5) 141
(11,5) (10,5) 175
(11,5) (12,5) 175
(12,5) (11,5) 101
(12,5) (13,5) 108
(13,5) (12,5) 140
(13,5) (14,5) 171
(14,5) (13,5) 125
(14,5) (15,5) 160
(15,5) (14,5) 162
(15,5) (16,5) 150
(16,5) (15,5) 132
(16,5) (17,5) 141
(17,5) (16,5) 126
(17,5) (18,5) 125
(18,5) (17,5) 160
(18,5) (19,5) 149
(19,5) (18,5) 144
(19,5) (20,5) 103
(20,5) (19,5) 129
(20,5) (21,5) 103
(21,5) (20,5) 96
(21,5) (22,5) 180
(22,5) (21,5) 100
(22,5) (23,5) 149
(23,5) (22,5) 146
(23,5) (24,5) 159
(24,5) (23,5) 186
(24,5) (25,5) 179
(25,5) (24,5) 109
(25,5) (26,5) 134
(26,5) (25,5) 96
(26,5) (27,5) 158
(27,5) (26,5) 99
(27,5) (28,5) 185
(28,5) (27,5) 156
(28,5) (29,5) 146
(29,5) (28,5) 95
(29,5) (30,5) 129
(30,5) (29,5) 168
(30,5) (31,5) 171
(31,5) (30,5) 150
(31,5) (32,5) 180
(32,5) (31,5) 154
(32,5) (33,5) 126
(33,5) (32,5) 131
(33,5) (34,5) 167
(34,5) (33,5) 163
(34,5) (35,5) 160
(35,5) (34,5) 134
(35,5) (36,5) 136
(36,5) (35,5) 170
(36,5) (37,5) 147
(37,5) (36,5) 111
(37,5) (38,5) 117
(38,5) (37,5) 138
(38,5) (39,5) 174
(39,5) (38,5) 140
(39,5) (40,5) 129
(40,5) (39,5) 164
(40,5) (41,5) 172
(41,5) (40,5) 111
(41,5) (42,5) 122
(42,5) (41,5) 99
(42,5) (43,5) 193
(43,5) (42,5) 97
(43,5) (44,5) 165
(44,5) (43,5) 129
(44,5) (45,5) 185
(45,5) (44,5) 188
(45,5) (46,5) 159
(46,5) (45,5) 98
(46,5) (47,5) 134
(47,5) (46,5) 175
(47,5) (48,5) 184
(48,5) (47,5) 116
(48,5) (49,5) 185
(49,5) (48,5) 155
(49,5) (50,5) 126
(50,5) (49,5) 190
(50,5) (51,5) 128
(51,5) (50,5) 187
(51,5) (52,5) 171
(52,5) (51,5) 107
(52,5) (53,5) 139
(53,5) (52,5) 134
(53,5) (54,5) 148
(54,5) (53,5) 96
(54,5) (55,5) 189
(55,5) (54,5) 126
(55,5) (56,5) 192
(56,5) (55,5) 191
(56,5) (57,5) 194
(57,5) (56,5) 117
(57,5) (58,5) 101
(58,5) (57,5) 135
(58,5) (59,5) 139
(59,5) (58,5) 123
(59,5) (60,5) 110
(60,5) (59,5) 151
(60,5) (61,5) 190
(61,5) (60,5) 146
(61,5) (62,5) 124
(62,5) (61,5) 102
(62,5) (63,5) 169
(63,5) (62,5) 118
(63,5) (64,5) 182
(64,5) (63,5) 161
(64,5) (65,5) 170
(65,5) (64,5) 161
(65,5) (66,5) 186
(66,5) (65,5) 121
(66,5) (67,5) 185
(67,5) (66,5) 107
(67,5) (68,5) 138
(68,5) (67,5) 153
(68,5) (69,5) 194
(69,5) (68,5) 168
(69,5) (70,5) 149
(70,5) (69,5) 183
(70,5) (71,5) 181
(71,5) (70,5) 183
(71,5) (72,5) 143
(72,5) (71,5) 103
(72,5) (73,5) 144
(73,5) (72,5) 163
(73,5) (74,5) 134
(74,5) (73,5) 192
(74,5) (75,5) 164
(75,5) (74,5) 186
(75,5) (76,5) 176
(76,5) (75,5) 132
(76,5) (77,5) 164
(77,5) (76,5) 105
(77,5) (78,5) 138
(78,5) (77,5) 185
(78,5) (79,5) 152
(79,5) (78,5) 186
(79,5) (80,5) 183
(80,5) (79,5) 101
(80,5) (81,5) 178
(81,5) (80,5) 169
(81,5) (82,5) 130
(82,5) (81,5) 126
(82,5) (83,5) 163
(83,5) (82,5) 174
(83,5) (84,5) 128
(84,5) (83,5) 126
(84,5) (85,5) 108
(85,5) (84,5) 121
(85,5) (86,5) 96
(86,5) (85,5) 119
(86,5) (87,5) 123
(87,5) (86,5) 176
(87,5) (88,5) 158
(88,5) (87,5) 148
(88,5) (89,5) 138
(89,5) (88,5) 114
(89,5) (90,5) 135
(90,5) (89,5) 147
(90,5) (91,5) 96
(91,5) (90,5) 137
(91,5) (92,5) 127
(92,5) (91,5) 147
(92,5) (93,5) 112
(93,5) (92,5) 174
(93,5) (94,5) 183
(94,5) (93,5) 102
(94,5) (95,5) 127
(95,5) (94,5) 117
(95,5) (96,5) 157
(96,5) (95,5) 112
(96,5) (97,5) 100
(97,5) (96,5) 131
(97,5) (98,5) 143
(98,5) (97,5) 152
(98,5) (99,5) 110
(99,5) (98,5) 152
(99,5) (100,5) 145
(100,5) (99,5) 191
(1,6) (2,6) 186
(2,6) (1,6) 130
(2,6) (3,6) 104
(3,6) (2,6) 186
(3,6) (4,6) 192
(4,6) (3,6) 169
(4,6) (5,6) 121
(5,6) (4,6) 134
(5,6) (6,6) 177
(6,6) (5,6) 165
(6,6) (7,6) 149
(7,6) (6,6) 120
(7,6) (8,6) 131
(8,6) (7,6) 142
(8,6) (9,6) 135
(9,6) (8,6) 96
(9,6) (10,6) 141
(10,6) (9,6) 139
(10,6) (11,6) 103
(11,6) (10,6) 157
(11,6) (12,6) 149
(12,6) (11,6) 141
(12,6) (13,6) 138
(13,6) (12,6) 150
(13,6) (14,6) 96
(14,6) (13,6) 148
(14,6) (15,6) 160
(15,6) (14,6) 137
(15,6) (16,6) 166
(16,6) (15,6) 124
(16,6) (17,6) 174
(17,6) (16,6) 137
(17,6) (18,6) 191
(18,6) (17,6) 110
(18,6) (19,6) 182
(19,6) (18,6) 147
(19,6) (20,6) 134
(20,6) (19,6) 121
(20,6) (21,6) 120
(21,6) (20,6) 105
(21,6) (22,6) 104
(22,6) (21,6) 181
(22,6) (23,6) 191
(23,6) (22,6) 110
(23,6) (24,6) 97
(24,6) (23,6) 111
(24,6) (25,6) 128
(25,6) (24,6) 131
(25,6) (26,6) 180
(26,6) (25,6) 146
(26,6) (27,6) 123
(27,6) (26,6) 172
(27,6) (28,6) 132
(28,6) (27,6) 143
(28,6) (29,6) 157
(29,6) (28,6) 175
(29,6) (30,6) 123
(30,6) (29,6) 95
(30,6) (31,6) 139
(31,6) (30,6) 133
(31,6) (32,6) 150
(32,6) (31,6) 175
(32,6) (33,6) 181
(33,6) (32,6) 98
(33,6) (34,6) 172
(34,6) (33,6) 193
(34,6) (35,6) 170
(35,6) (34,6) 100
(35,6) (36,6) 162
(36,6) (35,6) 130
(36,6) (37,6) 183
(37,6) (36,6) 145
(37,6) (38,6) 124
(38,6) (37,6) 120
(38,6) (39,6) 183
(39,6) (38,6) 114
(39,6) (40,6) 133
(40,6) (39,6) 113
(40,6) (41,6) 111
(41,6) (40,6) 180
(41,6) (42,6) 184
(42,6) (41,6) 139
(42,6) (43,6) 151
(43,6) (42,6) 156
(43,6) (44,6) 182
(44,6) (43,6) 123
(44,6) (45,6) 114
(45,6) (44,6) 115
(45,6) (46,6) 129
(46,6) (45,6) 100
(46,6) (47,6) 174
(47,6) (46,6) 173
(47,6) (48,6) 120
(48,6) (47,6) 97
(48,6) (49,6) 144
(49,6) (48,6) 160
(49,6) (50,6) 128
(50,6) (49,6) 160
(50,6) (51,6) 183
(51,6) (50,6) 157
(51,6) (52,6) 180
(52,6) (51,6) 154
(52,6) (53,6) 147
(53,6) (52,6) 122
(53,6) (54,6) 164
(54,6) (53,6) 164
(54,6) (55,6) 146
(55,6) (54,6) 139
(55,6) (56,6) 189
(56,6) (55,6) 188
(56,6) (57,6) 187
(57,6) (56,6) 167
(57,6) (58,6) 121
(58,6) (57,6) 132
(58,6) (59,6) 127
(59,6) (58,6) 124
(59,6) (60,6) 185
(60,6) (59,6) 152
(60,6) (61,6) 109
(61,6) (60,6) 179
(61,6) (62,6) 193
(62,6) (61,6) 172
(62,6) (63,6) 153
(63,6) (62,6) 141
(63,6) (64,6) 119
(64,6) (63,6) 161
(64,6) (65,6) 98
(65,6) (64,6) 125
(65,6) (66,6) 180
(66,6) (65,6) 129
(66,6) (67,6) 126
(67,6) (66,6) 159
(67,6) (68,6) 128
(68,6) (67,6) 178
(68,6) (69,6) 115
(69,6) (68,6) 117
(69,6) (70,6) 121
(70,6) (69,6) 164
(70,6) (71,6) 127
(71,6) (70,6) 150
(71,6) (72,6) 127
(72,6) (71,6) 147
(72,6) (73,6) 164
(73,6) (72,6) 104
(73,6) (74,6) 128
(74,6) (73,6) 147
(74,6) (75,6) 162
(75,6) (74,6) 189
(75,6) (76,6) 175
(76,6) (75,6) 136
(76,6) (77,6) 174
(77,6) (76,6) 157
(77,6) (78,6) 139
(78,6) (77,6) 190
(78,6) (79,6) 145
(79,6) (78,6) 180
(79,6) (80,6) 194
(80,6) (79,6) 157
(80,6) (81,6) 179
(81,6) (80,6) 111
(81,6) (82,6) 171
(82,6) (81,6) 122
(82,6) (83,6) 174
(83,6) (82,6) 110
(83,6) (84,6) 149
(84,6) (83,6) 170
(84,6) (85,6) 134
(85,6) (84,6) 168
(85,6) (86,6) 134
(86,6) (85,6) 109
(86,6) (87,6) 99
(87,6) (86,6) 138
(87,6) (88,6) 145
(88,6) (87,6) 183
(88,6) (89,6) 110
(89,6) (88,6) 95
(89,6) (90,6) 100
(90,6) (89,6) 179
(90,6) (91,6) 161
(91,6) (90,6) 178
(91,6) (92,6) 165
(92,6) (91,6) 177
(92,6) (93,6) 174
(93,6) (92,6) 182
(93,6) (94,6) 112
(94,6) (93,6) 186
(94,6) (95,6) 174
(95,6) (94,6) 118
(95,6) (96,6) 182
(96,6) (95,6) 171
(96,6) (97,6) 175
(97,6) (96,6) 140
(97,6) (98,6) 157
(98,6) (97,6) 123
(98,6) (99,6) 184
(99,6) (98,6) 109
(99,6) (100,6) 129
(100,6) (99,6) 101
(1,7) (2,7) 179
(2,7) (1,7) 180
(2,7) (3,7) 171
(3,7) (2,7) 102
(3,7) (4,7) 126
(4,7) (3,7) 104
(4,7) (5,7) 105
(5,7) (4,7) 100
(5,7) (6,7) 185
(6,7) (5,7) 104
(6,7) (7,7) 117
(7,7) (6,7) 133
(7,7) (8,7) 179
(8,7) (7,7) 97
(8,7) (9,7) 107
(9,7) (8,7) 136
(9,7) (10,7) 187
(10,7) (9,7) 130
(10,7) (11,7) 155
(11,7) (10,7) 136
(11,7) (12,7) 136
(12,7) (11,7) 121
(12,7) (13,7) 136
(13,7) (12,7) 132
(13,7) (14,7) 118
(14,7) (13,7) 174
(14,7) (15,7) 155
(15,7) (14,7) 194
(15,7) (16,7) 152
(16,7) (15,7) 137
(16,7) (17,7) 179
(17,7) (16,7) 105
(17,7) (18,7) 191
(18,7) (17,7) 133
(18,7) (19,7) 145
(19,7) (18,7) 159
(19,7) (20,7) 119
(20,7) (19,7) 100
(20,7) (21,7) 140
(21,7) (20,7) 162
(21,7) (22,7) 177
(22,7) (21,7) 135
(22,7) (23,7) 140
(23,7) (22,7) 124
(23,7) (24,7) 193
(24,7) (23,7) 138
(24,7) (25,7) 110
(25,7) (24,7) 136
(25,7) (26,7) 115
(26,7) (25,7) 145
(26,7) (27,7) 144
(27,7) (26,7) 113
(27,7) (28,7) 194
(28,7) (27,7) 162
(28,7) (29,7) 110
(29,7) (28,7) 116
(29,7) (30,7) 148
(30,7) (29,7) 164
(30,7) (31,7) 108
(31,7) (30,7) 177
(31,7) (32,7) 114
(32,7) (31,7) 105
(32,7) (33,7) 150
(33,7) (32,7) 104
(33,7) (34,7) 127
(34,7) (33,7) 147
(34,7) (35,7) 155
(35,7) (34,7) 116
(35,7) (36,7) 103
(36,7) (35,7) 117
(36,7) (37,7) 162
(37,7) (36,7) 113
(37,7) (38,7) 119
(38,7) (37,7) 140
(38,7) (39,7) 133
(39,7) (38,7) 112
(39,7) (40,7) 175
(40,7) (39,7) 130
(40,7) (41,7) 183
(41,7) (40,7) 139
(41,7) (42,7) 185
(42,7) (41,7) 100
(42,7) (43,7) 152
(43,7) (42,7) 168
(43,7) (44,7) 121
(44,7) (43,7) 127
(44,7) (45,7) 97
(45,7) (44,7) 142
(45,7) (46,7) 106
(46,7) (45,7) 141
(46,7) (47,7) 173
(47,7) (46,7) 167
(47,7) (48,7) 137
(48,7) (47,7) 146
(48,7) (49,7) 176
(49,7) (48,7) 142
(49,7) (50,7) 132
(50,7) (49,7) 123
(50,7) (51,7) 133
(51,7) (50,7) 166
(51,7) (52,7) 162
(52,7) (51,7) 123
(52,7) (53,7) 131
(53,7) (52,7) 164
(53,7) (54,7) 189
(54,7) (53,7) 163
(54,7) (55,7) 126
(55,7) (54,7) 101
(55,7) (56,7) 177
(56,7) (55,7) 124
(56,7) (57,7) 157
(57,7) (56,7) 135
(57,7) (58,7) 153
(58,7) (57,7) 165
(58,7) (59,7) 102
(59,7) (58,7) 153
(59,7) (60,7) 164
(60,7) (59,7) 176
(60,7) (61,7) 109
(61,7) (60,7) 148
(61,7) (62,7) 147
(62,7) (61,7) 167
(62,7) (63,7) 165
(63,7) (62,7) 181
(63,7) (64,7) 158
(64,7) (63,7) 127
(64,7) (65,7) 191
(65,7) (64,7) 113
(65,7) (66,7) 184
(66,7) (65,7) 103
(66,7) (67,7) 100
(67,7) (66,7) 188
(67,7) (68,7) 111
(68,7) (67,7) 111
(68,7) (69,7) 151
(69,7) (68,7) 101
(69,7) (70,7) 129
(70,7) (69,7) 133
(70,7) (71,7) 102
(71,7) (70,7) 108
(71,7) (72,7) 166
(72,7) (71,7) 189
(72,7) (73,7) 151
(73,7) (72,7) 129
(73,7) (74,7) 167
(74,7) (73,7) 97
(74,7) (75,7) 139
(75,7) (74,7) 101
(75,7) (76,7) 117
(76,7) (75,7) 96
(76,7) (77,7) 162
(77,7) (76,7) 144
(77,7) (78,7) 151
(78,7) (77,7) 177
(78,7) (79,7) 172
(79,7) (78,7) 158
(79,7) (80,7) 120
(80,7) (79,7) 97
(80,7) (81,7) 104
(81,7) (80,7) 184
(81,7) (82,7) 97
(82,7) (81,7) 144
(82,7) (83,7) 192
(83,7) (82,7) 118
(83,7) (84,7) 143
(84,7) (83,7) 157
(84,7) (85,7) 166
(85,7) (84,7) 150
(85,7) (86,7) 114
(86,7) (85,7) 136
(86,7) (87,7) 106
(87,7) (86,7) 115
(87,7) (88,7) 107
(88,7) (87,7) 121
(88,7) (89,7) 97
(89,7) (88,7) 185
(89,7) (90,7) 152
(90,7) (89,7) 113
(90,7) (91,7) 118
(91,7) (90,7) 155
(91,7) (92,7) 109
(92,7) (91,7) 168
(92,7) (93,7) 111
(93,7) (92,7) 151
(93,7) (94,7) 186
(94,7) (93,7) 130
(94,7) (95,7) 147
(95,7) (94,7) 186
(95,7) (96,7) 132
(96,7) (95,7) 107
(96,7) (97,7) 127
(97,7) (96,7) 166
(97,7) (98,7) 186
(98,7) (97,7) 143
(98,7) (99,7) 112
(99,7) (98,7) 120
(99,7) (100,7) 194
(100,7) (99,7) 192
(1,8) (2,8) 128
(2,8) (1,8) 191
(2,8) (3,8) 96
(3,8) (2,8) 193
(3,8) (4,8) 96
(4,8) (3,8) 133
(4,8) (5,8) 131
(5,8) (4,8) 179
(5,8) (6,8) 138
(6,8) (5,8) 143
(6,8) (7,8) 106
(7,8) (6,8) 155
(7,8) (8,8) 143
(8,8) (7,8) 163
(8,8) (9,8) 143
(9,8) (8,8) 111
(9,8) (10,8) 194
(10,8) (9,8) 172
(10,8) (11,8) 164
(11,8) (10,8) 172
(11,8) (12,8) 149
(12,8) (11,8) 185
(12,8) (13,8) 98
(13,8) (12,8) 174
(13,8) (14,8) 96
(14,8) (13,8) 168
(14,8) (15,8) 175
(15,8) (14,8) 114
(15,8) (16,8) 168
(16,8) (15,8) 175
(16,8) (17,8) 183
(17,8) (16,8) 136
(17,8) (18,8) 120
(18,8) (17,8) 106
(18,8) (19,8) 164
(19,8) (18,8) 96
(19,8) (20,8) 112
(20,8) (19,8) 135
(20,8) (21,8) 119
(21,8) (20,8) 184
(21,8) (22,8) 144
(22,8) (21,8) 186
(22,8) (23,8) 143
(23,8) (22,8) 113
(23,8) (24,8) 171
(24,8) (23,8) 153
(24,8) (25,8) 113
(25,8) (24,8) 190
(25,8) (26,8) 114
(26,8) (25,8) 145
(26,8) (27,8) 173
(27,8) (26,8) 122
(27,8) (28,8) 163
(28,8) (27,8) 96
(28,8) (29,8) 165
(29,8) (28,8) 105
(29,8) (30,8) 191
(30,8) (29,8) 134
(30,8) (31,8) 140
(31,8) (30,8) 95
(31,8) (32,8) 108
(32,8) (31,8) 186
(32,8) (33,8) 147
(33,8) (32,8) 138
(33,8) (34,8) 164
(34,8) (33,8) 109
(34,8) (35,8) 108
(35,8) (34,8) 178
(35,8) (36,8) 180
(36,8) (35,8) 183
(36,8) (37,8) 171
(37,8) (36,8) 175
(37,8) (38,8) 153
(38,8) (37,8) 147
(38,8) (39,8) 178
(39,8) (38,8) 137
(39,8) (40,8) 177
(40,8) (39,8) 146
(40,8) (41,8) 124
(41,8) (40,8) 169
(41,8) (42,8) 182
(42,8) (41,8) 120
(42,8) (43,8) 138
(43,8) (42,8) 140
(43,8) (44,8) 128
(44,8) (43,8) 125
(44,8) (45,8) 142
(45,8) (44,8) 129
(45,8) (46,8) 156
(46,8) (45,8) 171
(46,8) (47,8) 182
(47,8) (46,8) 180
(47,8) (48,8) 105
(48,8) (47,8) 157
(48,8) (49,8) 162
(49,8) (48,8) 186
(49,8) (50,8) 98
(50,8) (49,8) 109
(50,8) (51,8) 122
(51,8) (50,8) 121
(51,8) (52,8) 143
(52,8) (51,8) 144
(52,8) (53,8) 118
(53,8) (52,8) 156
(53,8) (54,8) 114
(54,8) (53,8) 126
(54,8) (55,8) 151
(55,8) (54,8) 189
(55,8) (56,8) 126
(56,8) (55,8) 173
(56,8) (57,8) 163
(57,8) (56,8) 159
(57,8) (58,8) 156
(58,8) (57,8) 170
(58,8) (59,8) 194
(59,8) (58,8) 178
(59,8) (60,8) 192
(60,8) (59,8) 123
(60,8) (61,8) 121
(61,8) (60,8) 121
(61,8) (62,8) 127
(62,8) (61,8) 120
(62,8) (63,8) 139
(63,8) (62,8) 143
(63,8) (64,8) 187
(64,8) (63,8) 129
(64,8) (65,8) 119
(65,8) (64,8) 119
(65,8) (66,8) 180
(66,8) (65,8) 174
(66,8) (67,8) 132
(67,8) (66,8) 155
(67,8) (68,8) 170
(68,8) (67,8) 102
(68,8) (69,8) 97
(69,8) (68,8) 141
(69,8) (70,8) 140
(70,8) (69,8) 99
(70,8) (71,8) 122
(71,8) (70,8) 103
(71,8) (72,8) 157
(72,8) (71,8) 158
(72,8) (73,8) 115
(73,8) (72,8) 120
(73,8) (74,8) 130
(74,8) (73,8) 103
(74,8) (75,8) 160
(75,8) (74,8) 144
(75,8) (76,8) 124
(76,8) (75,8) 123
(76,8) (77,8) 97
(77,8) (76,8) 146
(77,8) (78,8) 136
(78,8) (77,8) 110
(78,8) (79,8) 169
(79,8) (78,8) 142
(79,8) (80,8) 168
(80,8) (79,8) 125
(80,8) (81,8) 171
(81,8) (80,8) 102
(81,8) (82,8) 136
(82,8) (81,8) 116
(82,8) (83,8) 140
(83,8) (82,8) 98
(83,8) (84,8) 103
(84,8) (83,8) 142
(84,8) (85,8) 168
(85,8) (84,8) 115
(85,8) (86,8) 117
(86,8) (85,8) 185
(86,8) (87,8) 179
(87,8) (86,8) 177
(87,8) (88,8) 131
(88,8) (87,8) 190
(88,8) (89,8) 100
(89,8) (88,8) 109
(89,8) (90,8) 181
(90,8) (89,8) 162
(90,8) (91,8) 126
(91,8) (90,8) 154
(91,8) (92,8) 103
(92,8) (91,8) 103
(92,8) (93,8) 120
(93,8) (92,8) 148
(93,8) (94,8) 190
(94,8) (93,8) 182
(94,8) (95,8) 191
(95,8) (94,8) 111
(95,8) (96,8) 183
(96,8) (95,8) 185
(96,8) (97,8) 189
(97,8) (96,8) 170
(97,8) (98,8) 183
(98,8) (97,8) 158
(98,8) (99,8) 133
(99,8) (98,8) 127
(99,8) (100,8) 170
(100,8) (99,8) 138
(1,9) (2,9) 106
(2,9) (1,9) 132
(2,9) (3,9) 158
(3,9) (2,9) 106
(3,9) (4,9) 171
(4,9) (3,9) 121
(4,9) (5,9) 183
(5,9) (4,9) 151
(5,9) (6,9) 149
(6,9) (5,9) 174
(6,9) (7,9) 109
(7,9) (6,9) 161
(7,9) (8,9) 172
(8,9) (7,9) 108
(8,9) (9,9) 154
(9,9) (8,9) 102
(9,9) (10,9) 191
(10,9) (9,9) 98
(10,9) (11,9) 135
(11,9) (10,9) 103
(11,9) (12,9) 129
(12,9) (11,9) 164
(12,9) (13,9) 149
(13,9) (12,9) 137
(13,9) (14,9) 111
(14,9) (13,9) 120
(14,9) (15,9) 125
(15,9) (14,9) 102
(15,9) (16,9) 96
(16,9) (15,9) 155
(16,9) (17,9) 174
(17,9) (16,9) 137
(17,9) (18,9) 180
(18,9) (17,9) 104
(18,9) (19,9) 107
(19,9) (18,9) 152
(19,9) (20,9) 164
(20,9) (19,9) 193
(20,9) (21,9) 189
(21,9) (20,9) 163
(21,9) (22,9) 187
(22,9) (21,9) 154
(22,9) (23,9) 182
(23,9) (22,9) 150
(23,9) (24,9) 156
(24,9) (23,9) 138
(24,9) (25,9) 176
(25,9) (24,9) 176
(25,9) (26,9) 173
(26,9) (25,9) 148
(26,9) (27,9) 117
(27,9) (26,9) 192
(27,9) (28,9) 115
(28,9) (27,9) 167
(28,9) (29,9) 156
(29,9) (28,9) 162
(29,9) (30,9) 143
(30,9) (29,9) 131
(30,9) (31,9) 126
(31,9) (30,9) 130
(31,9) (32,9) 111
(32,9) (31,9) 124
(32,9) (33,9) 143
(33,9) (32,9) 136
(33,9) (34,9) 106
(34,9) (33,9) 187
(34,9) (35,9) 168
(35,9) (34,9) 147
(35,9) (36,9) 168
(36,9) (35,9) 139
(36,9) (37,9) 142
(37,9) (36,9) 106
(37,9) (38,9) 122
(38,9) (37,9) 165
(38,9) (39,9) 180
(39,9) (38,9) 154
(39,9) (40,9) 99
(40,9) (39,9) 136
(40,9) (41,9) 169
(41,9) (40,9) 109
(41,9) (42,9) 104
(42,9) (41,9) 135
(42,9) (43,9) 193
(43,9) (42,9) 160
(43,9) (44,9) 114
(44,9) (43,9) 159
(44,9) (45,9) 172
(45,9) (44,9) 95
(45,9) (46,9) 113
(46,9) (45,9) 172
(46,9) (47,9) 150
(47,9) (46,9) 115
(47,9) (48,9) 103
(48,9) (47,9) 112
(48,9) (49,9) 165
(49,9) (48,9) 169
(49,9) (50,9) 183
(50,9) (49,9) 151
(50,9) (51,9) 108
(51,9) (50,9) 113
(51,9) (52,9) 138
(52,9) (51,9) 121
(52,9) (53,9) 133
(53,9) (52,9) 122
(53,9) (54,9) 98
(54,9) (53,9) 156
(54,9) (55,9) 95
(55,9) (54,9) 112
(55,9) (56,9) 178
(56,9) (55,9) 166
(56,9) (57,9) 186
(57,9) (56,9) 174
(57,9) (58,9) 96
(58,9) (57,9) 143
(58,9) (59,9) 163
(59,9) (58,9) 176
(59,9) (60,9) 188
(60,9) (59,9) 183
(60,9) (61,9) 128
(61,9) (60,9) 128
(61,9) (62,9) 126
(62,9) (61,9) 146
(62,9) (63,9) 113
(63,9) (62,9) 160
(63,9) (64,9) 109
(64,9) (63,9) 102
(64,9) (65,9) 134
(65,9) (64,9) 127
(65,9) (66,9) 160
(66,9) (65,9) 99
(66,9) (67,9) 173
(67,9) (66,9) 128
(67,9) (68,9) 182
(68,9) (67,9) 138
(68,9) (69,9) 110
(69,9) (68,9) 161
(69,9) (70,9) 114
(70,9) (69,9) 187
(70,9) (71,9) 123
(71,9) (70,9) 126
(71,9) (72,9) 100
(72,9) (71,9) 188
(72,9) (73,9) 190
(73,9) (72,9) 162
(73,9) (74,9) 99
(74,9) (73,9) 123
(74,9) (75,9) 103
(75,9) (74,9) 164
(75,9) (76,9) 187
(76,9) (75,9) 125
(76,9) (77,9) 172
(77,9) (76,9) 190
(77,9) (78,9) 154
(78,9) (77,9) 182
(78,9) (79,9) 135
(79,9) (78,9) 142
(79,9) (80,9) 108
(80,9) (79,9) 125
(80,9) (81,9) 107
(81,9) (80,9) 174
(81,9) (82,9) 137
(82,9) (81,9) 181
(82,9) (83,9) 133
(83,9) (82,9) 98
(83,9) (84,9) 161
(84,9) (83,9) 154
(84,9) (85,9) 166
(85,9) (84,9) 119
(85,9) (86,9) 150
(86,9) (85,9) 121
(86,9) (87,9) 167
(87,9) (86,9) 158
(87,9) (88,9) 117
(88,9) (87,9) 122
(88,9) (89,9) 98
(89,9) (88,9) 126
(89,9) (90,9) 115
(90,9) (89,9) 160
(90,9) (91,9) 149
(91,9) (90,9) 163
(91,9) (92,9) 126
(92,9) (91,9) 112
(92,9) (93,9) 144
(93,9) (92,9) 172
(93,9) (94,9) 97
(94,9) (93,9) 184
(94,9) (95,9) 131
(95,9) (94,9) 102
(95,9) (96,9) 168
(96,9) (95,9) 107
(96,9) (97,9) 110
(97,9) (96,9) 182
(97,9) (98,9) 137
(98,9) (97,9) 189
(98,9) (99,9) 134
(99,9) (98,9) 113
(99,9) (100,9) 145
(100,9) (99,9) 168
(1,10) (2,10) 177
(2,10) (1,10) 142
(2,10) (3,10) 160
(3,10) (2,10) 171
(3,10) (4,10) 133
(4,10) (3,10) 141
(4,10) (5,10) 105
(5,10) (4,10) 176
(5,10) (6,10) 169
(6,10) (5,10) 108
(6,10) (7,10) 112
(7,10) (6,10) 101
(7,10) (8,10) 97
(8,10) (7,10) 183
(8,10) (9,10) 105
(9,10) (8,10) 120
(9,10) (10,10) 181
(10,10) (9,10) 158
(10,10) (11,10) 166
(11,10) (10,10) 99
(11,10) (12,10) 95
(12,10) (11,10) 154
(12,10) (13,10) 165
(13,10) (12,10) 179
(13,10) (14,10) 194
(14,10) (13,10) 132
(14,10) (15,10) 125
(15,10) (14,10) 160
(15,10) (16,10) 186
(16,10) (15,10) 173
(16,10) (17,10) 100
(17,10) (16,10) 114
(17,10) (18,10) 161
(18,10) (17,10) 140
(18,10) (19,10) 118
(19,10) (18,10) 180
(19,10) (20,10) 131
(20,10) (19,10) 151
(20,10) (21,10) 120
(21,10) (20,10) 170
(21,10) (22,10) 132
(22,10) (21,10) 122
(22,10) (23,10) 183
(23,10) (22,10) 191
(23,10) (24,10) 159
(24,10) (23,10) 98
(24,10) (25,10) 148
(25,10) (24,10) 177
(25,10) (26,10) 135
(26,10) (25,10) 168
(26,10) (27,10) 106
(27,10) (26,10) 99
(27,10) (28,10) 149
(28,10) (27,10) 178
(28,10) (29,10) 155
(29,10) (28,10) 156
(29,10) (30,10) 104
(30,10) (29,10) 139
(30,10) (31,10) 185
(31,10) (30,10) 102
(31,10) (32,10) 99
(32,10) (31,10) 148
(32,10) (33,10) 188
(33,10) (32,10) 183
(33,10) (34,10) 129
(34,10) (33,10) 124
(34,10) (35,10) 188
(35,10) (34,10) 157
(35,10) (36,10) 175
(36,10) (35,10) 116
(36,10) (37,10) 142
(37,10) (36,10) 165
(37,10) (38,10) 97
(38,10) (37,10) 192
(38,10) (39,10) 176
(39,10) (38,10) 149
(39,10) (40,10) 123
(40,10) (39,10) 181
(40,10) (41,10) 139
(41,10) (40,10) 102
(41,10) (42,10) 125
(42,10) (41,10) 119
(42,10) (43,10) 116
(43,10) (42,10) 165
(43,10) (44,10) 166
(44,10) (43,10) 128
(44,10) (45,10) 115
(45,10) (44,10) 140
(45,10) (46,10) 191
(46,10) (45,10) 104
(46,10) (47,10) 152
(47,10) (46,10) 134
(47,10) (48,10) 111
(48,10) (47,10) 136
(48,10) (49,10) 143
(49,10) (48,10) 115
(49,10) (50,10) 174
(50,10) (49,10) 138
(50,10) (51,10) 96
(51,10) (50,10) 161
(51,10) (52,10) 187
(52,10) (51,10) 159
(52,10) (53,10) 140
(53,10) (52,10) 179
(53,10) (54,10) 131
(54,10) (53,10) 96
(54,10) (55,10) 143
(55,10) (54,10) 172
(55,10) (56,10) 169
(56,10) (55,10) 111
(56,10) (57,10) 183
(57,10) (56,10) 165
(57,10) (58,10) 99
(58,10) (57,10) 158
(58,10) (59,10) 117
(59,10) (58,10) 185
(59,10) (60,10) 155
(60,10) (59,10) 134
(60,10) (61,10) 152
(61,10) (60,10) 118
(61,10) (62,10) 191
(62,10) (61,10) 129
(62,10) (63,10) 151
(63,10) (62,10) 148
(63,10) (64,10) 123
(64,10) (63,10) 138
(64,10) (65,10) 168
(65,10) (64,10) 106
(65,10) (66,10) 190
(66,10) (65,10) 107
(66,10) (67,10) 120
(67,10) (66,10) 193
(67,10) (68,10) 148
(68,10) (67,10) 173
(68,10) (69,10) 113
(69,10) (68,10) 137
(69,10) (70,10) 95
(70,10) (69,10) 192
(70,10) (71,10) 167
(71,10) (70,10) 119
(71,10) (72,10) 100
(72,10) (71,10) 98
(72,10) (73,10) 146
(73,10) (72,10) 141
(73,10) (74,10) 186
(74,10) (73,10) 149
(74,10) (75,10) 189
(75,10) (74,10) 118
(75,10) (76,10) 138
(76,10) (75,10) 121
(76,10) (77,10) 181
(77,10) (76,10) 134
(77,10) (78,10) 149
(78,10) (77,10) 164
(78,10) (79,10) 146
(79,10) (78,10) 185
(79,10) (80,10) 107
(80,10) (79,10) 122
(80,10) (81,10) 155
(81,10) (80,10) 148
(81,10) (82,10) 180
(82,10) (81,10) 118
(82,10) (83,10) 184
(83,10) (82,10) 160
(83,10) (84,10) 106
(84,10) (83,10) 118
(84,10) (85,10) 160
(85,10) (84,10) 187
(85,10) (86,10) 100
(86,10) (85,10) 115
(86,10) (87,10) 149
(87,10) (86,10) 171
(87,10) (88,10) 125
(88,10) (87,10) 156
(88,10) (89,10) 110
(89,10) (88,10) 142
(89,10) (90,10) 97
(90,10) (89,10) 141
(90,10) (91,10) 124
(91,10) (90,10) 164
(91,10) (92,10) 184
(92,10) (91,10) 141
(92,10) (93,10) 104
(93,10) (92,10) 175
(93,10) (94,10) 97
(94,10) (93,10) 173
(94,10) (95,10) 132
(95,10) (94,10) 181
(95,10) (96,10) 183
(96,10) (95,10) 184
(96,10) (97,10) 165
(97,10) (96,10) 173
(97,10) (98,10) 141
(98,10) (97,10) 175
(98,10) (99,10) 130
(99,10) (98,10) 175
(99,10) (100,10) 125
(100,10) (99,10) 162
(1,10) t 135
(2,10) t 186
(3,10) t 135
(4,10) t 173
(5,10) t 109
(6,10) t 179
(7,10) t 193
(8,10) t 150
(9,10) t 106
(10,10) t 136
(11,10) t 128
(12,10) t 184
(13,10) t 157
(14,10) t 149
(15,10) t 101
(16,10) t 130
(17,10) t 116
(18,10) t 127
(19,10) t 193
(20,10) t 106
(21,10) t 194
(22,10) t 167
(23,10) t 166
(24,10) t 167
(25,10) t 104
(26,10) t 181
(27,10) t 152
(28,10) t 190
(29,10) t 179
(30,10) t 173
(31,10) t 145
(32,10) t 144
(33,10) t 110
(34,10) t 140
(35,10) t 102
(36,10) t 127
(37,10) t 158
(38,10) t 132
(39,10) t 146
(40,10) t 156
(41,10) t 142
(42,10) t 187
(43,10) t 156
(44,10) t 129
(45,10) t 180
(46,10) t 110
(47,10) t 193
(48,10) t 127
(49,10) t 182
(50,10) t 181
(51,10) t 155
(52,10) t 181
(53,10) t 119
(54,10) t 116
(55,10) t 182
(56,10) t 181
(57,10) t 138
(58,10) t 136
(59,10) t 130
(60,10) t 96
(61,10) t 174
(62,10) t 139
(63,10) t 138
(64,10) t 130
(65,10) t 191
(66,10) t 191
(67,10) t 172
(68,10) t 144
(69,10) t 149
(70,10) t 114
(71,10) t 173
(72,10) t 174
(73,10) t 114
(74,10) t 95
(75,10) t 184
(76,10) t 181
(77,10) t 171
(78,10) t 165
(79,10) t 147
(80,10) t 121
(81,10) t 96
(82,10) t 165
(83,10) t 163
(84,10) t 193
(85,10) t 165
(86,10) t 119
(87,10) t 158
(88,10) t 160
(89,10) t 158
(90,10) t 122
(91,10) t 122
(92,10) t 136
(93,10) t 125
(94,10) t 145
(95,10) t 168
(96,10) t 130
(97,10) t 191
(98,10) t 97
(99,10) t 114
(100,10) t 140
