s (1,1) 46
s (2,1) 72
s (3,1) 40
s (4,1) 53
s (5,1) 81
s (6,1) 49
s (7,1) 98
s (8,1) 52
s (9,1) 38
s (10,1) 58
s (11,1) 65
s (12,1) 79
s (13,1) 71
s (14,1) 18
s (15,1) 96
s (16,1) 77
s (17,1) 83
s (18,1) 51
s (19,1) 82
s (20,1) 34
s (21,1) 113
s (22,1) 22
s (23,1) 88
s (24,1) 91
s (25,1) 61
s (26,1) 71
s (27,1) 17
s (28,1) 87
s (29,1) 21
s (30,1) 48
s (31,1) 40
s (32,1) 101
s (33,1) 41
s (34,1) 66
s (35,1) 41
s (36,1) 111
s (37,1) 99
s (38,1) 18
s (39,1) 46
s (40,1) 88
s (41,1) 78
s (42,1) 91
s (43,1) 96
s (44,1) 37
s (45,1) 106
s (46,1) 69
s (47,1) 107
s (48,1) 65
s (49,1) 114
s (50,1) 60
s (51,1) 107
s (52,1) 79
s (53,1) 30
s (54,1) 87
s (55,1) 85
s (56,1) 94
s (57,1) 92
s (58,1) 111
s (59,1) 94
s (60,1) 29
s (61,1) 113
s (62,1) 40
s (63,1) 34
s (64,1) 102
s (65,1) 28
s (66,1) 74
s (67,1) 21
s (68,1) 104
s (69,1) 72
s (70,1) 82
s (71,1) 24
s (72,1) 96
s (73,1) 84
s (74,1) 96
s (75,1) 68
s (76,1) 44
s (77,1) 89
s (78,1) 85
s (79,1) 32
s (80,1) 23
s (81,1) 43
s (82,1) 17
s (83,1) 104
s (84,1) 86
s (85,1) 80
s (86,1) 46
s (87,1) 53
s (88,1) 29
s (89,1) 34
s (90,1) 89
s (91,1) 112
s (92,1) 83
s (93,1) 68
s (94,1) 99
s (95,1) 20
s (96,1) 102
s (97,1) 105
s (98,1) 113
s (99,1) 89
s (100,1) 65
(1,1) (1,2) 97
(2,1) (2,2) 105
(3,1) (3,2) 59
(4,1) (4,2) 69
(5,1) (5,2) 72
(6,1) (6,2) 112
(7,1) (7,2) 95
(8,1) (8,2) 68
(9,1) (9,2) 101
(10,1) (10,2) 28
(11,1) (11,2) 92
(12,1) (12,2) 31
(13,1) (13,2) 80
(14,1) (14,2) 39
(15,1) (15,2) 35
(16,1) (16,2) 107
(17,1) (17,2) 96
(18,1) (18,2) 35
(19,1) (19,2) 89
(20,1) (20,2) 25
(21,1) (21,2) 49
(22,1) (22,2) 61
(23,1) (23,2) 89
(24,1) (24,2) 95
(25,1) (25,2) 34
(26,1) (26,2) 85
(27,1) (27,2) 59
(28,1) (28,2) 58
(29,1) (29,2) 63
(30,1) (30,2) 111
(31,1) (31,2) 20
(32,1) (32,2) 103
(33,1) (33,2) 93
(34,1) (34,2) 48
(35,1) (35,2) 80
(36,1) (36,2) 47
(37,1) (37,2) 30
(38,1) (38,2) 108
(39,1) (39,2) 79
(40,1) (40,2) 58
(41,1) (41,2) 69
(42,1) (42,2) 20
(43,1) (43,2) 95
(44,1) (44,2) 92
(45,1) (45,2) 36
(46,1) (46,2) 62
(47,1) (47,2) 114
(48,1) (48,2) 58
(49,1) (49,2) 74
(50,1) (50,2) 16
(51,1) (51,2) 80
(52,1) (52,2) 113
(53,1) (53,2) 51
(54,1) (54,2) 82
(55,1) (55,2) 17
(56,1) (56,2) 90
(57,1) (57,2) 73
(58,1) (58,2) 76
(59,1) (59,2) 31
(60,1) (60,2) 42
(61,1) (61,2) 69
(62,1) (62,2) 16
(63,1) (63,2) 49
(64,1) (64,2) 64
(65,1) (65,2) 53
(66,1) (66,2) 70
(67,1) (67,2) 59
(68,1) (68,2) 93
(69,1) (69,2) 106
(70,1) (70,2) 48
(71,1) (71,2) 62
(72,1) (72,2) 72
(73,1) (73,2) 37
(74,1) (74,2) 33
(75,1) (75,2) 25
(76,1) (76,2) 75
(77,1) (77,2) 86
(78,1) (78,2) 81
(79,1) (79,2) 71
(80,1) (80,2) 79
(81,1) (81,2) 40
(82,1) (82,2) 19
(83,1) (83,2) 16
(84,1) (84,2) 111
(85,1) (85,2) 30
(86,1) (86,2) 114
(87,1) (87,2) 42
(88,1) (88,2) 84
(89,1) (89,2) 40
(90,1) (90,2) 46
(91,1) (91,2) 47
(92,1) (92,2) 101
(93,1) (93,2) 97
(94,1) (94,2) 87
(95,1) (95,2) 70
(96,1) (96,2) 42
(97,1) (97,2) 51
(98,1) (98,2) 39
(99,1) (99,2) 20
(100,1) (100,2) 71
(1,2) (1,3) 64
(2,2) (2,3) 96
(3,2) (3,3) 66
(4,2) (4,3) 39
(5,2) (5,3) 22
(6,2) (6,3) 53
(7,2) (7,3) 73
(8,2) (8,3) 48
(9,2) (9,3) 39
(10,2) (10,3) 73
(11,2) (11,3) 37
(12,2) (12,3) 66
(13,2) (13,3) 48
(14,2) (14,3) 52
(15,2) (15,3) 30
(16,2) (16,3) 79
(17,2) (17,3) 24
(18,2) (18,3) 75
(19,2) (19,3) 81
(20,2) (20,3) 81
(21,2) (21,3) 32
(22,2) (22,3) 62
(23,2) (23,3) 112
(24,2) (24,3) 80
(25,2) (25,3) 101
(26,2) (26,3) 29
(27,2) (27,3) 78
(28,2) (28,3) 56
(29,2) (29,3) 94
(30,2) (30,3) 43
(31,2) (31,3) 22
(32,2) (32,3) 74
(33,2) (33,3) 44
(34,2) (34,3) 95
(35,2) (35,3) 66
(36,2) (36,3) 91
(37,2) (37,3) 104
(38,2) (38,3) 22
(39,2) (39,3) 19
(40,2) (40,3) 89
(41,2) (41,3) 72
(42,2) (42,3) 71
(43,2) (43,3) 48
(44,2) (44,3) 15
(45,2) (45,3) 86
(46,2) (46,3) 89
(47,2) (47,3) 37
(48,2) (48,3) 62
(49,2) (49,3) 34
(50,2) (50,3) 18
(51,2) (51,3) 91
(52,2) (52,3) 73
(53,2) (53,3) 35
(54,2) (54,3) 61
(55,2) (55,3) 93
(56,2) (56,3) 70
(57,2) (57,3) 58
(58,2) (58,3) 34
(59,2) (59,3) 70
(60,2) (60,3) 45
(61,2) (61,3) 48
(62,2) (62,3) 106
(63,2) (63,3) 86
(64,2) (64,3) 22
(65,2) (65,3) 77
(66,2) (66,3) 63
(67,2) (67,3) 30
(68,2) (68,3) 48
(69,2) (69,3) 93
(70,2) (70,3) 71
(71,2) (71,3) 29
(72,2) (72,3) 105
(73,2) (73,3) 67
(74,2) (74,3) 52
(75,2) (75,3) 73
(76,2) (76,3) 78
(77,2) (77,3) 37
(78,2) (78,3) 72
(79,2) (79,3) 79
(80,2) (80,3) 59
(81,2) (81,3) 88
(82,2) (82,3) 26
(83,2) (83,3) 27
(84,2) (84,3) 81
(85,2) (85,3) 57
(86,2) (86,3) 57
(87,2) (87,3) 20
(88,2) (88,3) 39
(89,2) (89,3) 40
(90,2) (90,3) 82
(91,2) (91,3) 48
(92,2) (92,3) 59
(93,2) (93,3) 77
(94,2) (94,3) 37
(95,2) (95,3) 83
(96,2) (96,3) 98
(97,2) (97,3) 61
(98,2) (98,3) 82
(99,2) (99,3) 79
(100,2) (100,3) 15
(1,3) (1,4) 72
(2,3) (2,4) 84
(3,3) (3,4) 25
(4,3) (4,4) 94
(5,3) (5,4) 41
(6,3) (6,4) 83
(7,3) (7,4) 66
(8,3) (8,4) 31
(9,3) (9,4) 97
(10,3) (10,4) 96
(11,3) (11,4) 17
(12,3) (12,4) 59
(13,3) (13,4) 94
(14,3) (14,4) 41
(15,3) (15,4) 101
(16,3) (16,4) 99
(17,3) (17,4) 32
(18,3) (18,4) 84
(19,3) (19,4) 18
(20,3) (20,4) 77
(21,3) (21,4) 55
(22,3) (22,4) 40
(23,3) (23,4) 78
(24,3) (24,4) 56
(25,3) (25,4) 105
(26,3) (26,4) 108
(27,3) (27,4) 94
(28,3) (28,4) 47
(29,3) (29,4) 94
(30,3) (30,4) 73
(31,3) (31,4) 39
(32,3) (32,4) 70
(33,3) (33,4) 42
(34,3) (34,4) 30
(35,3) (35,4) 31
(36,3) (36,4) 52
(37,3) (37,4) 58
(38,3) (38,4) 79
(39,3) (39,4) 101
(40,3) (40,4) 71
(41,3) (41,4) 91
(42,3) (42,4) 53
(43,3) (43,4) 50
(44,3) (44,4) 58
(45,3) (45,4) 92
(46,3) (46,4) 53
(47,3) (47,4) 85
(48,3) (48,4) 24
(49,3) (49,4) 79
(50,3) (50,4) 45
(51,3) (51,4) 34
(52,3) (52,4) 61
(53,3) (53,4) 27
(54,3) (54,4) 94
(55,3) (55,4) 90
(56,3) (56,4) 102
(57,3) (57,4) 37
(58,3) (58,4) 17
(59,3) (59,4) 75
(60,3) (60,4) 84
(61,3) (61,4) 58
(62,3) (62,4) 23
(63,3) (63,4) 60
(64,3) (64,4) 54
(65,3) (65,4) 25
(66,3) (66,4) 108
(67,3) (67,4) 93
(68,3) (68,4) 56
(69,3) (69,4) 18
(70,3) (70,4) 83
(71,3) (71,4) 53
(72,3) (72,4) 56
(73,3) (73,4) 54
(74,3) (74,4) 64
(75,3) (75,4) 15
(76,3) (76,4) 103
(77,3) (77,4) 98
(78,3) (78,4) 83
(79,3) (79,4) 71
(80,3) (80,4) 36
(81,3) (81,4) 27
(82,3) (82,4) 21
(83,3) (83,4) 98
(84,3) (84,4) 114
(85,3) (85,4) 80
(86,3) (86,4) 38
(87,3) (87,4) 38
(88,3) (88,4) 108
(89,3) (89,4) 109
(90,3) (90,4) 42
(91,3) (91,4) 110
(92,3) (92,4) 98
(93,3) (93,4) 67
(94,3) (94,4) 70
(95,3) (95,4) 97
(96,3) (96,4) 104
(97,3) (97,4) 96
(98,3) (98,4) 90
(99,3) (99,4) 21
(100,3) (100,4) 86
(1,4) (1,5) 65
(2,4) (2,5) 72
(3,4) (3,5) 42
(4,4) (4,5) 75
(5,4) (5,5) 43
(6,4) (6,5) 112
(7,4) (7,5) 16
(8,4) (8,5) 110
(9,4) (9,5) 51
(10,4) (10,5) 35
(11,4) (11,5) 55
(12,4) (12,5) 24
(13,4) (13,5) 102
(14,4) (14,5) 71
(15,4) (15,5) 67
(16,4) (16,5) 109
(17,4) (17,5) 30
(18,4) (18,5) 33
(19,4) (19,5) 77
(20,4) (20,5) 90
(21,4) (21,5) 75
(22,4) (22,5) 18
(23,4) (23,5) 110
(24,4) (24,5) 16
(25,4) (25,5) 70
(26,4) (26,5) 108
(27,4) (27,5) 90
(28,4) (28,5) 110
(29,4) (29,5) 32
(30,4) (30,5) 72
(31,4) (31,5) 15
(32,4) (32,5) 85
(33,4) (33,5) 90
(34,4) (34,5) 18
(35,4) (35,5) 16
(36,4) (36,5) 24
(37,4) (37,5) 89
(38,4) (38,5) 73
(39,4) (39,5) 33
(40,4) (40,5) 100
(41,4) (41,5) 81
(42,4) (42,5) 57
(43,4) (43,5) 86
(44,4) (44,5) 62
(45,4) (45,5) 112
(46,4) (46,5) 103
(47,4) (47,5) 68
(48,4) (48,5) 25
(49,4) (49,5) 21
(50,4) (50,5) 58
(51,4) (51,5) 104
(52,4) (52,5) 67
(53,4) (53,5) 62
(54,4) (54,5) 69
(55,4) (55,5) 55
(56,4) (56,5) 19
(57,4) (57,5) 67
(58,4) (58,5) 50
(59,4) (59,5) 15
(60,4) (60,5) 21
(61,4) (61,5) 52
(62,4) (62,5) 87
(63,4) (63,5) 105
(64,4) (64,5) 101
(65,4) (65,5) 27
(66,4) (66,5) 88
(67,4) (67,5) 15
(68,4) (68,5) 108
(69,4) (69,5) 64
(70,4) (70,5) 87
(71,4) (71,5) 61
(72,4) (72,5) 85
(73,4) (73,5) 62
(74,4) (74,5) 108
(75,4) (75,5) 59
(76,4) (76,5) 64
(77,4) (77,5) 48
(78,4) (78,5) 29
(79,4) (79,5) 111
(80,4) (80,5) 99
(81,4) (81,5) 60
(82,4) (82,5) 71
(83,4) (83,5) 45
(84,4) (84,5) 69
(85,4) (85,5) 27
(86,4) (86,5) 96
(87,4) (87,5) 27
(88,4) (88,5) 22
(89,4) (89,5) 62
(90,4) (90,5) 64
(91,4) (91,5) 32
(92,4) (92,5) 18
(93,4) (93,5) 97
(94,4) (94,5) 38
(95,4) (95,5) 65
(96,4) (96,5) 75
(97,4) (97,5) 79
(98,4) (98,5) 31
(99,4) (99,5) 84
(100,4) (100,5) 33
(1,5) (1,6) 41
(2,5) (2,6) 95
(3,5) (3,6) 88
(4,5) (4,6) 96
(5,5) (5,6) 64
(6,5) (6,6) 69
(7,5) (7,6) 93
(8,5) (8,6) 108
(9,5) (9,6) 114
(10,5) (10,6) 38
(11,5) (11,6) 93
(12,5) (12,6) 26
(13,5) (13,6) 57
(14,5) (14,6) 42
(15,5) (15,6) 21
(16,5) (16,6) 87
(17,5) (17,6) 48
(18,5) (18,6) 73
(19,5) (19,6) 40
(20,5) (20,6) 90
(21,5) (21,6) 55
(22,5) (22,6) 105
(23,5) (23,6) 53
(24,5) (24,6) 83
(25,5) (25,6) 66
(26,5) (26,6) 93
(27,5) (27,6) 59
(28,5) (28,6) 99
(29,5) (29,6) 29
(30,5) (30,6) 36
(31,5) (31,6) 25
(32,5) (32,6) 44
(33,5) (33,6) 63
(34,5) (34,6) 92
(35,5) (35,6) 96
(36,5) (36,6) 53
(37,5) (37,6) 41
(38,5) (38,6) 56
(39,5) (39,6) 74
(40,5) (40,6) 36
(41,5) (41,6) 31
(42,5) (42,6) 17
(43,5) (43,6) 109
(44,5) (44,6) 20
(45,5) (45,6) 18
(46,5) (46,6) 108
(47,5) (47,6) 65
(48,5) (48,6) 29
(49,5) (49,6) 73
(50,5) (50,6) 71
(51,5) (51,6) 111
(52,5) (52,6) 82
(53,5) (53,6) 61
(54,5) (54,6) 75
(55,5) (55,6) 51
(56,5) (56,6) 34
(57,5) (57,6) 55
(58,5) (58,6) 49
(59,5) (59,6) 112
(60,5) (60,6) 28
(61,5) (61,6) 62
(62,5) (62,6) 88
(63,5) (63,6) 28
(64,5) (64,6) 50
(65,5) (65,6) 67
(66,5) (66,6) 110
(67,5) (67,6) 35
(68,5) (68,6) 86
(69,5) (69,6) 74
(70,5) (70,6) 81
(71,5) (71,6) 22
(72,5) (72,6) 62
(73,5) (73,6) 86
(74,5) (74,6) 66
(75,5) (75,6) 73
(76,5) (76,6) 101
(77,5) (77,6) 36
(78,5) (78,6) 77
(79,5) (79,6) 48
(80,5) (80,6) 35
(81,5) (81,6) 21
(82,5) (82,6) 59
(83,5) (83,6) 19
(84,5) (84,6) 75
(85,5) (85,6) 58
(86,5) (86,6) 32
(87,5) (87,6) 109
(88,5) (88,6) 73
(89,5) (89,6) 77
(90,5) (90,6) 69
(91,5) (91,6) 92
(92,5) (92,6) 59
(93,5) (93,6) 95
(94,5) (94,6) 66
(95,5) (95,6) 60
(96,5) (96,6) 77
(97,5) (97,6) 16
(98,5) (98,6) 26
(99,5) (99,6) 102
(100,5) (100,6) 28
(1,6) (1,7) 55
(2,6) (2,7) 15
(3,6) (3,7) 71
(4,6) (4,7) 60
(5,6) (5,7) 15
(6,6) (6,7) 42
(7,6) (7,7) 34
(8,6) (8,7) 102
(9,6) (9,7) 32
(10,6) (10,7) 100
(11,6) (11,7) 66
(12,6) (12,7) 81
(13,6) (13,7) 40
(14,6) (14,7) 103
(15,6) (15,7) 17
(16,6) (16,7) 77
(17,6) (17,7) 77
(18,6) (18,7) 81
(19,6) (19,7) 39
(20,6) (20,7) 22
(21,6) (21,7) 47
(22,6) (22,7) 105
(23,6) (23,7) 35
(24,6) (24,7) 71
(25,6) (25,7) 22
(26,6) (26,7) 57
(27,6) (27,7) 25
(28,6) (28,7) 87
(29,6) (29,7) 18
(30,6) (30,7) 23
(31,6) (31,7) 20
(32,6) (32,7) 70
(33,6) (33,7) 112
(34,6) (34,7) 60
(35,6) (35,7) 46
(36,6) (36,7) 76
(37,6) (37,7) 23
(38,6) (38,7) 27
(39,6) (39,7) 95
(40,6) (40,7) 107
(41,6) (41,7) 96
(42,6) (42,7) 79
(43,6) (43,7) 107
(44,6) (44,7) 99
(45,6) (45,7) 78
(46,6) (46,7) 86
(47,6) (47,7) 81
(48,6) (48,7) 47
(49,6) (49,7) 105
(50,6) (50,7) 97
(51,6) (51,7) 41
(52,6) (52,7) 91
(53,6) (53,7) 110
(54,6) (54,7) 41
(55,6) (55,7) 24
(56,6) (56,7) 69
(57,6) (57,7) 20
(58,6) (58,7) 112
(59,6) (59,7) 39
(60,6) (60,7) 54
(61,6) (61,7) 78
(62,6) (62,7) 53
(63,6) (63,7) 74
(64,6) (64,7) 53
(65,6) (65,7) 85
(66,6) (66,7) 50
(67,6) (67,7) 68
(68,6) (68,7) 96
(69,6) (69,7) 82
(70,6) (70,7) 16
(71,6) (71,7) 41
(72,6) (72,7) 107
(73,6) (73,7) 85
(74,6) (74,7) 60
(75,6) (75,7) 47
(76,6) (76,7) 85
(77,6) (77,7) 28
(78,6) (78,7) 20
(79,6) (79,7) 106
(80,6) (80,7) 73
(81,6) (81,7) 108
(82,6) (82,7) 102
(83,6) (83,7) 55
(84,6) (84,7) 94
(85,6) (85,7) 53
(86,6) (86,7) 38
(87,6) (87,7) 68
(88,6) (88,7) 52
(89,6) (89,7) 37
(90,6) (90,7) 68
(91,6) (91,7) 111
(92,6) (92,7) 52
(93,6) (93,7) 75
(94,6) (94,7) 88
(95,6) (95,7) 64
(96,6) (96,7) 44
(97,6) (97,7) 90
(98,6) (98,7) 22
(99,6) (99,7) 76
(100,6) (100,7) 103
(1,7) (1,8) 70
(2,7) (2,8) 50
(3,7) (3,8) 28
(4,7) (4,8) 86
(5,7) (5,8) 19
(6,7) (6,8) 100
(7,7) (7,8) 71
(8,7) (8,8) 63
(9,7) (9,8) 82
(10,7) (10,8) 94
(11,7) (11,8) 37
(12,7) (12,8) 113
(13,7) (13,8) 32
(14,7) (14,8) 110
(15,7) (15,8) 81
(16,7) (16,8) 62
(17,7) (17,8) 88
(18,7) (18,8) 47
(19,7) (19,8) 27
(20,7) (20,8) 21
(21,7) (21,8) 57
(22,7) (22,8) 41
(23,7) (23,8) 43
(24,7) (24,8) 71
(25,7) (25,8) 110
(26,7) (26,8) 33
(27,7) (27,8) 85
(28,7) (28,8) 69
(29,7) (29,8) 87
(30,7) (30,8) 79
(31,7) (31,8) 38
(32,7) (32,8) 84
(33,7) (33,8) 101
(34,7) (34,8) 71
(35,7) (35,8) 51
(36,7) (36,8) 65
(37,7) (37,8) 22
(38,7) (38,8) 19
(39,7) (39,8) 26
(40,7) (40,8) 61
(41,7) (41,8) 51
(42,7) (42,8) 50
(43,7) (43,8) 54
(44,7) (44,8) 60
(45,7) (45,8) 38
(46,7) (46,8) 78
(47,7) (47,8) 40
(48,7) (48,8) 35
(49,7) (49,8) 72
(50,7) (50,8) 52
(51,7) (51,8) 32
(52,7) (52,8) 79
(53,7) (53,8) 64
(54,7) (54,8) 70
(55,7) (55,8) 61
(56,7) (56,8) 85
(57,7) (57,8) 102
(58,7) (58,8) 63
(59,7) (59,8) 54
(60,7) (60,8) 20
(61,7) (61,8) 80
(62,7) (62,8) 103
(63,7) (63,8) 50
(64,7) (64,8) 33
(65,7) (65,8) 75
(66,7) (66,8) 97
(67,7) (67,8) 87
(68,7) (68,8) 48
(69,7) (69,8) 25
(70,7) (70,8) 40
(71,7) (71,8) 47
(72,7) (72,8) 75
(73,7) (73,8) 63
(74,7) (74,8) 102
(75,7) (75,8) 40
(76,7) (76,8) 112
(77,7) (77,8) 86
(78,7) (78,8) 26
(79,7) (79,8) 27
(80,7) (80,8) 96
(81,7) (81,8) 60
(82,7) (82,8) 66
(83,7) (83,8) 72
(84,7) (84,8) 63
(85,7) (85,8) 49
(86,7) (86,8) 73
(87,7) (87,8) 32
(88,7) (88,8) 84
(89,7) (89,8) 96
(90,7) (90,8) 34
(91,7) (91,8) 103
(92,7) (92,8) 26
(93,7) (93,8) 24
(94,7) (94,8) 72
(95,7) (95,8) 44
(96,7) (96,8) 93
(97,7) (97,8) 79
(98,7) (98,8) 35
(99,7) (99,8) 48
(100,7) (100,8) 106
(1,8) (1,9) 58
(2,8) (2,9) 92
(3,8) (3,9) 16
(4,8) (4,9) 89
(5,8) (5,9) 67
(6,8) (6,9) 34
(7,8) (7,9) 56
(8,8) (8,9) 93
(9,8) (9,9) 72
(10,8) (10,9) 113
(11,8) (11,9) 25
(12,8) (12,9) 71
(13,8) (13,9) 41
(14,8) (14,9) 40
(15,8) (15,9) 58
(16,8) (16,9) 101
(17,8) (17,9) 46
(18,8) (18,9) 108
(19,8) (19,9) 72
(20,8) (20,9) 82
(21,8) (21,9) 58
(22,8) (22,9) 63
(23,8) (23,9) 51
(24,8) (24,9) 50
(25,8) (25,9) 21
(26,8) (26,9) 23
(27,8) (27,9) 89
(28,8) (28,9) 48
(29,8) (29,9) 109
(30,8) (30,9) 70
(31,8) (31,9) 101
(32,8) (32,9) 16
(33,8) (33,9) 55
(34,8) (34,9) 75
(35,8) (35,9) 88
(36,8) (36,9) 99
(37,8) (37,9) 58
(38,8) (38,9) 77
(39,8) (39,9) 86
(40,8) (40,9) 70
(41,8) (41,9) 72
(42,8) (42,9) 41
(43,8) (43,9) 36
(44,8) (44,9) 31
(45,8) (45,9) 30
(46,8) (46,9) 98
(47,8) (47,9) 55
(48,8) (48,9) 28
(49,8) (49,9) 109
(50,8) (50,9) 20
(51,8) (51,9) 101
(52,8) (52,9) 78
(53,8) (53,9) 99
(54,8) (54,9) 32
(55,8) (55,9) 79
(56,8) (56,9) 81
(57,8) (57,9) 109
(58,8) (58,9) 64
(59,8) (59,9) 75
(60,8) (60,9) 69
(61,8) (61,9) 98
(62,8) (62,9) 80
(63,8) (63,9) 35
(64,8) (64,9) 101
(65,8) (65,9) 54
(66,8) (66,9) 17
(67,8) (67,9) 112
(68,8) (68,9) 93
(69,8) (69,9) 108
(70,8) (70,9) 35
(71,8) (71,9) 105
(72,8) (72,9) 104
(73,8) (73,9) 98
(74,8) (74,9) 40
(75,8) (75,9) 16
(76,8) (76,9) 108
(77,8) (77,9) 48
(78,8) (78,9) 84
(79,8) (79,9) 47
(80,8) (80,9) 68
(81,8) (81,9) 24
(82,8) (82,9) 100
(83,8) (83,9) 27
(84,8) (84,9) 75
(85,8) (85,9) 24
(86,8) (86,9) 71
(87,8) (87,9) 51
(88,8) (88,9) 23
(89,8) (89,9) 101
(90,8) (90,9) 94
(91,8) (91,9) 20
(92,8) (92,9) 38
(93,8) (93,9) 53
(94,8) (94,9) 80
(95,8) (95,9) 110
(96,8) (96,9) 66
(97,8) (97,9) 37
(98,8) (98,9) 54
(99,8) (99,9) 106
(100,8) (100,9) 68
(1,9) (1,10) 42
(2,9) (2,10) 88
(3,9) (3,10) 114
(4,9) (4,10) 114
(5,9) (5,10) 66
(6,9) (6,10) 111
(7,9) (7,10) 51
(8,9) (8,10) 17
(9,9) (9,10) 61
(10,9) (10,10) 75
(11,9) (11,10) 18
(12,9) (12,10) 110
(13,9) (13,10) 73
(14,9) (14,10) 18
(15,9) (15,10) 83
(16,9) (16,10) 91
(17,9) (17,10) 16
(18,9) (18,10) 48
(19,9) (19,10) 98
(20,9) (20,10) 27
(21,9) (21,10) 61
(22,9) (22,10) 66
(23,9) (23,10) 95
(24,9) (24,10) 78
(25,9) (25,10) 99
(26,9) (26,10) 102
(27,9) (27,10) 45
(28,9) (28,10) 30
(29,9) (29,10) 54
(30,9) (30,10) 49
(31,9) (31,10) 32
(32,9) (32,10) 62
(33,9) (33,10) 39
(34,9) (34,10) 72
(35,9) (35,10) 85
(36,9) (36,10) 85
(37,9) (37,10) 55
(38,9) (38,10) 85
(39,9) (39,10) 82
(40,9) (40,10) 32
(41,9) (41,10) 56
(42,9) (42,10) 54
(43,9) (43,10) 15
(44,9) (44,10) 74
(45,9) (45,10) 69
(46,9) (46,10) 108
(47,9) (47,10) 87
(48,9) (48,10) 105
(49,9) (49,10) 40
(50,9) (50,10) 90
(51,9) (51,10) 65
(52,9) (52,10) 57
(53,9) (53,10) 33
(54,9) (54,10) 48
(55,9) (55,10) 112
(56,9) (56,10) 25
(57,9) (57,10) 95
(58,9) (58,10) 35
(59,9) (59,10) 101
(60,9) (60,10) 110
(61,9) (61,10) 99
(62,9) (62,10) 39
(63,9) (63,10) 40
(64,9) (64,10) 92
(65,9) (65,10) 44
(66,9) (66,10) 112
(67,9) (67,10) 37
(68,9) (68,10) 52
(69,9) (69,10) 39
(70,9) (70,10) 88
(71,9) (71,10) 46
(72,9) (72,10) 80
(73,9) (73,10) 82
(74,9) (74,10) 57
(75,9) (75,10) 31
(76,9) (76,10) 107
(77,9) (77,10) 96
(78,9) (78,10) 95
(79,9) (79,10) 113
(80,9) (80,10) 29
(81,9) (81,10) 42
(82,9) (82,10) 24
(83,9) (83,10) 87
(84,9) (84,10) 62
(85,9) (85,10) 113
(86,9) (86,10) 100
(87,9) (87,10) 59
(88,9) (88,10) 63
(89,9) (89,10) 41
(90,9) (90,10) 18
(91,9) (91,10) 82
(92,9) (92,10) 105
(93,9) (93,10) 85
(94,9) (94,10) 68
(95,9) (95,10) 84
(96,9) (96,10) 19
(97,9) (97,10) 52
(98,9) (98,10) 63
(99,9) (99,10) 67
(100,9) (100,10) 16
(1,1) (2,1) 68
(2,1) (1,1) 66
(2,1) (3,1) 114
(3,1) (2,1) 25
(3,1) (4,1) 109
(4,1) (3,1) 85
(4,1) (5,1) 69
(5,1) (4,1) 65
(5,1) (6,1) 66
(6,1) (5,1) 27
(6,1) (7,1) 84
(7,1) (6,1) 94
(7,1) (8,1) 105
(8,1) (7,1) 57
(8,1) (9,1) 62
(9,1) (8,1) 74
(9,1) (10,1) 61
(10,1) (9,1) 74
(10,1) (11,1) 68
(11,1) (10,1) 112
(11,1) (12,1) 78
(12,1) (11,1) 83
(12,1) (13,1) 87
(13,1) (12,1) 16
(13,1) (14,1) 44
(14,1) (13,1) 36
(14,1) (15,1) 19
(15,1) (14,1) 101
(15,1) (16,1) 52
(16,1) (15,1) 18
(16,1) (17,1) 114
(17,1) (16,1) 28
(17,1) (18,1) 107
(18,1) (17,1) 48
(18,1) (19,1) 46
(19,1) (18,1) 83
(19,1) (20,1) 21
(20,1) (19,1) 73
(20,1) (21,1) 114
(21,1) (20,1) 86
(21,1) (22,1) 43
(22,1) (21,1) 28
(22,1) (23,1) 16
(23,1) (22,1) 102
(23,1) (24,1) 58
(24,1) (23,1) 86
(24,1) (25,1) 88
(25,1) (24,1) 112
(25,1) (26,1) 105
(26,1) (25,1) 97
(26,1) (27,1) 44
(27,1) (26,1) 68
(27,1) (28,1) 101
(28,1) (27,1) 58
(28,1) (29,1) 53
(29,1) (28,1) 95
(29,1) (30,1) 76
(30,1) (29,1) 55
(30,1) (31,1) 29
(31,1) (30,1) 59
(31,1) (32,1) 51
(32,1) (31,1) 67
(32,1) (33,1) 24
(33,1) (32,1) 21
(33,1) (34,1) 89
(34,1) (33,1) 30
(34,1) (35,1) 94
(35,1) (34,1) 30
(35,1) (36,1) 25
(36,1) (35,1) 41
(36,1) (37,1) 50
(37,1) (36,1) 91
(37,1) (38,1) 79
(38,1) (37,1) 25
(38,1) (39,1) 45
(39,1) (38,1) 92
(39,1) (40,1) 92
(40,1) (39,1) 29
(40,1) (41,1) 29
(41,1) (40,1) 69
(41,1) (42,1) 113
(42,1) (41,1) 23
(42,1) (43,1) 82
(43,1) (42,1) 79
(43,1) (44,1) 35
(44,1) (43,1) 20
(44,1) (45,1) 68
(45,1) (44,1) 100
(45,1) (46,1) 109
(46,1) (45,1) 108
(46,1) (47,1) 91
(47,1) (46,1) 30
(47,1) (48,1) 97
(48,1) (47,1) 76
(48,1) (49,1) 103
(49,1) (48,1) 111
(49,1) (50,1) 112
(50,1) (49,1) 60
(50,1) (51,1) 94
(51,1) (50,1) 66
(51,1) (52,1) 33
(52,1) (51,1) 37
(52,1) (53,1) 84
(53,1) (52,1) 39
(53,1) (54,1) 102
(54,1) (53,1) 31
(54,1) (55,1) 100
(55,1) (54,1) 60
(55,1) (56,1) 72
(56,1) (55,1) 45
(56,1) (57,1) 86
(57,1) (56,1) 56
(57,1) (58,1) 16
(58,1) (57,1) 106
(58,1) (59,1) 81
(59,1) (58,1) 77
(59,1) (60,1) 23
(60,1) (59,1) 40
(60,1) (61,1) 35
(61,1) (60,1) 90
(61,1) (62,1) 114
(62,1) (61,1) 68
(62,1) (63,1) 79
(63,1) (62,1) 44
(63,1) (64,1) 79
(64,1) (63,1) 64
(64,1) (65,1) 59
(65,1) (64,1) 25
(65,1) (66,1) 109
(66,1) (65,1) 65
(66,1) (67,1) 18
(67,1) (66,1) 51
(67,1) (68,1) 70
(68,1) (67,1) 30
(68,1) (69,1) 114
(69,1) (68,1) 39
(69,1) (70,1) 96
(70,1) (69,1) 70
(70,1) (71,1) 59
(71,1) (70,1) 62
(71,1) (72,1) 21
(72,1) (71,1) 38
(72,1) (73,1) 23
(73,1) (72,1) 110
(73,1) (74,1) 80
(74,1) (73,1) 62
(74,1) (75,1) 63
(75,1) (74,1) 46
(75,1) (76,1) 65
(76,1) (75,1) 110
(76,1) (77,1) 19
(77,1) (76,1) 83
(77,1) (78,1) 57
(78,1) (77,1) 23
(78,1) (79,1) 55
(79,1) (78,1) 75
(79,1) (80,1) 92
(80,1) (79,1) 92
(80,1) (81,1) 57
(81,1) (80,1) 71
(81,1) (82,1) 112
(82,1) (81,1) 94
(82,1) (83,1) 87
(83,1) (82,1) 33
(83,1) (84,1) 51
(84,1) (83,1) 23
(84,1) (85,1) 93
(85,1) (84,1) 82
(85,1) (86,1) 52
(86,1) (85,1) 46
(86,1) (87,1) 56
(87,1) (86,1) 18
(87,1) (88,1) 79
(88,1) (87,1) 33
(88,1) (89,1) 28
(89,1) (88,1) 78
(89,1) (90,1) 71
(90,1) (89,1) 101
(90,1) (91,1) 16
(91,1) (90,1) 46
(91,1) (92,1) 34
(92,1) (91,1) 35
(92,1) (93,1) 31
(93,1) (92,1) 43
(93,1) (94,1) 108
(94,1) (93,1) 48
(94,1) (95,1) 30
(95,1) (94,1) 69
(95,1) (96,1) 24
(96,1) (95,1) 23
(96,1) (97,1) 89
(97,1) (96,1) 26
(97,1) (98,1) 29
(98,1) (97,1) 31
(98,1) (99,1) 96
(99,1) (98,1) 97
(99,1) (100,1) 84
(100,1) (99,1) 32
(1,2) (2,2) 104
(2,2) (1,2) 21
(2,2) (3,2) 32
(3,2) (2,2) 43
(3,2) (4,2) 18
(4,2) (3,2) 72
(4,2) (5,2) 51
(5,2) (4,2) 73
(5,2) (6,2) 16
(6,2) (5,2) 73
(6,2) (7,2) 103
(7,2) (6,2) 69
(7,2) (8,2) 66
(8,2) (7,2) 65
(8,2) (9,2) 29
(9,2) (8,2) 22
(9,2) (10,2) 49
(10,2) (9,2) 100
(10,2) (11,2) 105
(11,2) (10,2) 57
(11,2) (12,2) 88
(12,2) (11,2) 108
(12,2) (13,2) 92
(13,2) (12,2) 77
(13,2) (14,2) 59
(14,2) (13,2) 62
(14,2) (15,2) 80
(15,2) (14,2) 104
(15,2) (16,2) 37
(16,2) (15,2) 61
(16,2) (17,2) 98
(17,2) (16,2) 41
(17,2) (18,2) 65
(18,2) (17,2) 35
(18,2) (19,2) 50
(19,2) (18,2) 48
(19,2) (20,2) 89
(20,2) (19,2) 52
(20,2) (21,2) 24
(21,2) (20,2) 34
(21,2) (22,2) 56
(22,2) (21,2) 78
(22,2) (23,2) 110
(23,2) (22,2) 36
(23,2) (24,2) 114
(24,2) (23,2) 88
(24,2) (25,2) 71
(25,2) (24,2) 19
(25,2) (26,2) 66
(26,2) (25,2) 63
(26,2) (27,2) 66
(27,2) (26,2) 76
(27,2) (28,2) 25
(28,2) (27,2) 34
(28,2) (29,2) 68
(29,2) (28,2) 50
(29,2) (30,2) 102
(30,2) (29,2) 42
(30,2) (31,2) 36
(31,2) (30,2) 85
(31,2) (32,2) 50
(32,2) (31,2) 42
(32,2) (33,2) 85
(33,2) (32,2) 99
(33,2) (34,2) 108
(34,2) (33,2) 74
(34,2) (35,2) 47
(35,2) (34,2) 82
(35,2) (36,2) 113
(36,2) (35,2) 90
(36,2) (37,2) 26
(37,2) (36,2) 25
(37,2) (38,2) 75
(38,2) (37,2) 82
(38,2) (39,2) 69
(39,2) (38,2) 47
(39,2) (40,2) 89
(40,2) (39,2) 45
(40,2) (41,2) 63
(41,2) (40,2) 70
(41,2) (42,2) 53
(42,2) (41,2) 42
(42,2) (43,2) 96
(43,2) (42,2) 58
(43,2) (44,2) 73
(44,2) (43,2) 113
(44,2) (45,2) 50
(45,2) (44,2) 51
(45,2) (46,2) 43
(46,2) (45,2) 111
(46,2) (47,2) 19
(47,2) (46,2) 69
(47,2) (48,2) 107
(48,2) (47,2) 68
(48,2) (49,2) 67
(49,2) (48,2) 105
(49,2) (50,2) 43
(50,2) (49,2) 38
(50,2) (51,2) 24
(51,2) (50,2) 65
(51,2) (52,2) 86
(52,2) (51,2) 110
(52,2) (53,2) 42
(53,2) (52,2) 36
(53,2) (54,2) 102
(54,2) (53,2) 32
(54,2) (55,2) 16
(55,2) (54,2) 113
(55,2) (56,2) 90
(56,2) (55,2) 113
(56,2) (57,2) 17
(57,2) (56,2) 112
(57,2) (58,2) 68
(58,2) (57,2) 77
(58,2) (59,2) 16
(59,2) (58,2) 35
(59,2) (60,2) 36
(60,2) (59,2) 23
(60,2) (61,2) 73
(61,2) (60,2) 38
(61,2) (62,2) 113
(62,2) (61,2) 100
(62,2) (63,2) 55
(63,2) (62,2) 89
(63,2) (64,2) 36
(64,2) (63,2) 55
(64,2) (65,2) 55
(65,2) (64,2) 99
(65,2) (66,2) 112
(66,2) (65,2) 16
(66,2) (67,2) 71
(67,2) (66,2) 24
(67,2) (68,2) 109
(68,2) (67,2) 97
(68,2) (69,2) 92
(69,2) (68,2) 93
(69,2) (70,2) 77
(70,2) (69,2) 109
(70,2) (71,2) 15
(71,2) (70,2) 101
(71,2) (72,2) 29
(72,2) (71,2) 112
(72,2) (73,2) 38
(73,2) (72,2) 28
(73,2) (74,2) 40
(74,2) (73,2) 87
(74,2) (75,2) 56
(75,2) (74,2) 74
(75,2) (76,2) 23
(76,2) (75,2) 18
(76,2) (77,2) 106
(77,2) (76,2) 62
(77,2) (78,2) 89
(78,2) (77,2) 26
(78,2) (79,2) 42
(79,2) (78,2) 93
(79,2) (80,2) 66
(80,2) (79,2) 44
(80,2) (81,2) 46
(81,2) (80,2) 26
(81,2) (82,2) 67
(82,2) (81,2) 67
(82,2) (83,2) 37
(83,2) (82,2) 109
(83,2) (84,2) 73
(84,2) (83,2) 85
(84,2) (85,2) 46
(85,2) (84,2) 48
(85,2) (86,2) 112
(86,2) (85,2) 45
(86,2) (87,2) 58
(87,2) (86,2) 18
(87,2) (88,2) 106
(88,2) (87,2) 95
(88,2) (89,2) 109
(89,2) (88,2) 106
(89,2) (90,2) 73
(90,2) (89,2) 49
(90,2) (91,2) 37
(91,2) (90,2) 105
(91,2) (92,2) 89
(92,2) (91,2) 17
(92,2) (93,2) 51
(93,2) (92,2) 84
(93,2) (94,2) 47
(94,2) (93,2) 52
(94,2) (95,2) 106
(95,2) (94,2) 64
(95,2) (96,2) 23
(96,2) (95,2) 85
(96,2) (97,2) 78
(97,2) (96,2) 97
(97,2) (98,2) 74
(98,2) (97,2) 88
(98,2) (99,2) 42
(99,2) (98,2) 34
(99,2) (100,2) 49
(100,2) (99,2) 23
(1,3) (2,3) 19
(2,3) (1,3) 111
(2,3) (3,3) 62
(3,3) (2,3) 39
(3,3) (4,3) 17
(4,3) (3,3) 25
(4,3) (5,3) 53
(5,3) (4,3) 32
(5,3) (6,3) 107
(6,3) (5,3) 47
(6,3) (7,3) 74
(7,3) (6,3) 54
(7,3) (8,3) 30
(8,3) (7,3) 90
(8,3) (9,3) 26
(9,3) (8,3) 64
(9,3) (10,3) 71
(10,3) (9,3) 38
(10,3) (11,3) 38
(11,3) (10,3) 107
(11,3) (12,3) 100
(12,3) (11,3) 28
(12,3) (13,3) 45
(13,3) (12,3) 47
(13,3) (14,3) 78
(14,3) (13,3) 96
(14,3) (15,3) 39
(15,3) (14,3) 67
(15,3) (16,3) 57
(16,3) (15,3) 20
(16,3) (17,3) 107
(17,3) (16,3) 87
(17,3) (18,3) 40
(18,3) (17,3) 64
(18,3) (19,3) 96
(19,3) (18,3) 71
(19,3) (20,3) 91
(20,3) (19,3) 114
(20,3) (21,3) 106
(21,3) (20,3) 88
(21,3) (22,3) 103
(22,3) (21,3) 82
(22,3) (23,3) 100
(23,3) (22,3) 75
(23,3) (24,3) 33
(24,3) (23,3) 58
(24,3) (25,3) 110
(25,3) (24,3) 38
(25,3) (26,3) 27
(26,3) (25,3) 67
(26,3) (27,3) 76
(27,3) (26,3) 98
(27,3) (28,3) 16
(28,3) (27,3) 63
(28,3) (29,3) 87
(29,3) (28,3) 63
(29,3) (30,3) 107
(30,3) (29,3) 20
(30,3) (31,3) 102
(31,3) (30,3) 27
(31,3) (32,3) 112
(32,3) (31,3) 99
(32,3) (33,3) 15
(33,3) (32,3) 25
(33,3) (34,3) 95
(34,3) (33,3) 18
(34,3) (35,3) 25
(35,3) (34,3) 50
(35,3) (36,3) 58
(36,3) (35,3) 104
(36,3) (37,3) 34
(37,3) (36,3) 20
(37,3) (38,3) 45
(38,3) (37,3) 35
(38,3) (39,3) 114
(39,3) (38,3) 75
(39,3) (40,3) 73
(40,3) (39,3) 36
(40,3) (41,3) 89
(41,3) (40,3) 57
(41,3) (42,3) 34
(42,3) (41,3) 43
(42,3) (43,3) 54
(43,3) (42,3) 38
(43,3) (44,3) 46
(44,3) (43,3) 106
(44,3) (45,3) 61
(45,3) (44,3) 59
(45,3) (46,3) 112
(46,3) (45,3) 67
(46,3) (47,3) 69
(47,3) (46,3) 96
(47,3) (48,3) 42
(48,3) (47,3) 70
(48,3) (49,3) 59
(49,3) (48,3) 98
(49,3) (50,3) 28
(50,3) (49,3) 18
(50,3) (51,3) 38
(51,3) (50,3) 100
(51,3) (52,3) 36
(52,3) (51,3) 93
(52,3) (53,3) 100
(53,3) (52,3) 66
(53,3) (54,3) 90
(54,3) (53,3) 50
(54,3) (55,3) 85
(55,3) (54,3) 67
(55,3) (56,3) 45
(56,3) (55,3) 58
(56,3) (57,3) 43
(57,3) (56,3) 88
(57,3) (58,3) 81
(58,3) (57,3) 39
(58,3) (59,3) 67
(59,3) (58,3) 74
(59,3) (60,3) 66
(60,3) (59,3) 109
(60,3) (61,3) 111
(61,3) (60,3) 113
(61,3) (62,3) 62
(62,3) (61,3) 59
(62,3) (63,3) 110
(63,3) (62,3) 24
(63,3) (64,3) 18
(64,3) (63,3) 55
(64,3) (65,3) 112
(65,3) (64,3) 48
(65,3) (66,3) 21
(66,3) (65,3) 58
(66,3) (67,3) 47
(67,3) (66,3) 96
(67,3) (68,3) 91
(68,3) (67,3) 39
(68,3) (69,3) 91
(69,3) (68,3) 100
(69,3) (70,3) 54
(70,3) (69,3) 60
(70,3) (71,3) 85
(71,3) (70,3) 22
(71,3) (72,3) 67
(72,3) (71,3) 50
(72,3) (73,3) 21
(73,3) (72,3) 59
(73,3) (74,3) 27
(74,3) (73,3) 62
(74,3) (75,3) 113
(75,3) (74,3) 23
(75,3) (76,3) 48
(76,3) (75,3) 19
(76,3) (77,3) 110
(77,3) (76,3) 51
(77,3) (78,3) 40
(78,3) (77,3) 112
(78,3) (79,3) 29
(79,3) (78,3) 32
(79,3) (80,3) 34
(80,3) (79,3) 84
(80,3) (81,3) 87
(81,3) (80,3) 28
(81,3) (82,3) 61
(82,3) (81,3) 20
(82,3) (83,3) 75
(83,3) (82,3) 103
(83,3) (84,3) 41
(84,3) (83,3) 111
(84,3) (85,3) 73
(85,3) (84,3) 64
(85,3) (86,3) 55
(86,3) (85,3) 112
(86,3) (87,3) 61
(87,3) (86,3) 29
(87,3) (88,3) 109
(88,3) (87,3) 49
(88,3) (89,3) 113
(89,3) (88,3) 74
(89,3) (90,3) 92
(90,3) (89,3) 32
(90,3) (91,3) 49
(91,3) (90,3) 104
(91,3) (92,3) 72
(92,3) (91,3) 98
(92,3) (93,3) 109
(93,3) (92,3) 23
(93,3) (94,3) 34
(94,3) (93,3) 80
(94,3) (95,3) 16
(95,3) (94,3) 38
(95,3) (96,3) 100
(96,3) (95,3) 94
(96,3) (97,3) 39
(97,3) (96,3) 35
(97,3) (98,3) 25
(98,3) (97,3) 88
(98,3) (99,3) 111
(99,3) (98,3) 76
(99,3) (100,3) 91
(100,3) (99,3) 41
(1,4) (2,4) 54
(2,4) (1,4) 100
(2,4) (3,4) 39
(3,4) (2,4) 102
(3,4) (4,4) 50
(4,4) (3,4) 96
(4,4) (5,4) 65
(5,4) (4,4) 55
(5,4) (6,4) 37
(6,4) (5,4) 25
(6,4) (7,4) 53
(7,4) (6,4) 57
(7,4) (8,4) 86
(8,4) (7,4) 90
(8,4) (9,4) 50
(9,4) (8,4) 84
(9,4) (10,4) 103
(10,4) (9,4) 67
(10,4) (11,4) 21
(11,4) (10,4) 21
(11,4) (12,4) 113
(12,4) (11,4) 42
(12,4) (13,4) 17
(13,4) (12,4) 112
(13,4) (14,4) 36
(14,4) (13,4) 79
(14,4) (15,4) 15
(15,4) (14,4) 76
(15,4) (16,4) 23
(16,4) (15,4) 88
(16,4) (17,4) 37
(17,4) (16,4) 100
(17,4) (18,4) 88
(18,4) (17,4) 90
(18,4) (19,4) 106
(19,4) (18,4) 58
(19,4) (20,4) 76
(20,4) (19,4) 110
(20,4) (21,4) 77
(21,4) (20,4) 19
(21,4) (22,4) 68
(22,4) (21,4) 60
(22,4) (23,4) 102
(23,4) (22,4) 70
(23,4) (24,4) 33
(24,4) (23,4) 53
(24,4) (25,4) 49
(25,4) (24,4) 94
(25,4) (26,4) 98
(26,4) (25,4) 93
(26,4) (27,4) 104
(27,4) (26,4) 22
(27,4) (28,4) 72
(28,4) (27,4) 67
(28,4) (29,4) 98
(29,4) (28,4) 20
(29,4) (30,4) 106
(30,4) (29,4) 50
(30,4) (31,4) 91
(31,4) (30,4) 94
(31,4) (32,4) 58
(32,4) (31,4) 74
(32,4) (33,4) 83
(33,4) (32,4) 65
(33,4) (34,4) 28
(34,4) (33,4) 68
(34,4) (35,4) 91
(35,4) (34,4) 77
(35,4) (36,4) 95
(36,4) (35,4) 35
(36,4) (37,4) 106
(37,4) (36,4) 51
(37,4) (38,4) 78
(38,4) (37,4) 106
(38,4) (39,4) 81
(39,4) (38,4) 58
(39,4) (40,4) 114
(40,4) (39,4) 16
(40,4) (41,4) 83
(41,4) (40,4) 55
(41,4) (42,4) 89
(42,4) (41,4) 19
(42,4) (43,4) 40
(43,4) (42,4) 40
(43,4) (44,4) 18
(44,4) (43,4) 18
(44,4) (45,4) 49
(45,4) (44,4) 88
(45,4) (46,4) 85
(46,4) (45,4) 42
(46,4) (47,4) 111
(47,4) (46,4) 61
(47,4) (48,4) 29
(48,4) (47,4) 31
(48,4) (49,4) 37
(49,4) (48,4) 88
(49,4) (50,4) 79
(50,4) (49,4) 100
(50,4) (51,4) 62
(51,4) (50,4) 62
(51,4) (52,4) 54
(52,4) (51,4) 64
(52,4) (53,4) 60
(53,4) (52,4) 17
(53,4) (54,4) 72
(54,4) (53,4) 81
(54,4) (55,4) 32
(55,4) (54,4) 45
(55,4) (56,4) 60
(56,4) (55,4) 111
(56,4) (57,4) 38
(57,4) (56,4) 73
(57,4) (58,4) 48
(58,4) (57,4) 75
(58,4) (59,4) 72
(59,4) (58,4) 101
(59,4) (60,4) 95
(60,4) (59,4) 42
(60,4) (61,4) 47
(61,4) (60,4) 33
(61,4) (62,4) 85
(62,4) (61,4) 21
(62,4) (63,4) 42
(63,4) (62,4) 74
(63,4) (64,4) 72
(64,4) (63,4) 58
(64,4) (65,4) 71
(65,4) (64,4) 69
(65,4) (66,4) 32
(66,4) (65,4) 48
(66,4) (67,4) 80
(67,4) (66,4) 22
(67,4) (68,4) 73
(68,4) (67,4) 25
(68,4) (69,4) 23
(69,4) (68,4) 66
(69,4) (70,4) 84
(70,4) (69,4) 25
(70,4) (71,4) 99
(71,4) (70,4) 28
(71,4) (72,4) 64
(72,4) (71,4) 47
(72,4) (73,4) 95
(73,4) (72,4) 54
(73,4) (74,4) 72
(74,4) (73,4) 44
(74,4) (75,4) 60
(75,4) (74,4) 91
(75,4) (76,4) 87
(76,4) (75,4) 64
(76,4) (77,4) 31
(77,4) (76,4) 75
(77,4) (78,4) 27
(78,4) (77,4) 25
(78,4) (79,4) 81
(79,4) (78,4) 59
(79,4) (80,4) 34
(80,4) (79,4) 88
(80,4) (81,4) 105
(81,4) (80,4) 76
(81,4) (82,4) 67
(82,4) (81,4) 79
(82,4) (83,4) 60
(83,4) (82,4) 59
(83,4) (84,4) 78
(84,4) (83,4) 21
(84,4) (85,4) 27
(85,4) (84,4) 41
(85,4) (86,4) 64
(86,4) (85,4) 112
(86,4) (87,4) 72
(87,4) (86,4) 17
(87,4) (88,4) 46
(88,4) (87,4) 24
(88,4) (89,4) 70
(89,4) (88,4) 43
(89,4) (90,4) 35
(90,4) (89,4) 89
(90,4) (91,4) 49
(91,4) (90,4) 34
(91,4) (92,4) 65
(92,4) (91,4) 24
(92,4) (93,4) 55
(93,4) (92,4) 98
(93,4) (94,4) 45
(94,4) (93,4) 96
(94,4) (95,4) 42
(95,4) (94,4) 34
(95,4) (96,4) 16
(96,4) (95,4) 56
(96,4) (97,4) 98
(97,4) (96,4) 60
(97,4) (98,4) 88
(98,4) (97,4) 24
(98,4) (99,4) 63
(99,4) (98,4) 83
(99,4) (100,4) 87
(100,4) (99,4) 33
(1,5) (2,5) 31
(2,5) (1,5) 72
(2,5) (3,5) 39
(3,5) (2,5) 95
(3,5) (4,5) 74
(4,5) (3,5) 67
(4,5) (5,5) 113
(5,5) (4,5) 105
(5,5) (6,5) 36
(6,5) (5,5) 64
(6,5) (7,5) 103
(7,5) (6,5) 64
(7,5) (8,5) 106
(8,5) (7,5) 92
(8,5) (9,5) 102
(9,5) (8,5) 64
(9,5) (10,5) 66
(10,5) (9,5) 85
(10,5) (11,5) 93
(11,5) (10,5) 25
(11,5) (12,5) 41
(12,5) (11,5) 63
(12,5) (13,5) 46
(13,5) (12,5) 23
(13,5) (14,5) 32
(14,5) (13,5) 86
(14,5) (15,5) 95
(15,5) (14,5) 37
(15,5) (16,5) 111
(16,5) (15,5) 101
(16,5) (17,5) 85
(17,5) (16,5) 20
(17,5) (18,5) 61
(18,5) (17,5) 33
(18,5) (19,5) 36
(19,5) (18,5) 58
(19,5) (20,5) 78
(20,5) (19,5) 111
(20,5) (21,5) 46
(21,5) (20,5) 47
(21,5) (22,5) 35
(22,5) (21,5) 92
(22,5) (23,5) 55
(23,5) (22,5) 100
(23,5) (24,5) 20
(24,5) (23,5) 51
(24,5) (25,5) 21
(25,5) (24,5) 63
(25,5) (26,5) 72
(26,5) (25,5) 17
(26,5) (27,5) 78
(27,5) (26,5) 99
(27,5) (28,5) 69
(28,5) (27,5) 44
(28,5) (29,5) 95
(29,5) (28,5) 73
(29,5) (30,5) 93
(30,5) (29,5) 94
(30,5) (31,5) 33
(31,5) (30,5) 25
(31,5) (32,5) 111
(32,5) (31,5) 34
(32,5) (33,5) 35
(33,5) (32,5) 50
(33,5) (34,5) 72
(34,5) (33,5) 61
(34,5) (35,5) 70
(35,5) (34,5) 21
(35,5) (36,5) 86
(36,5) (35,5) 27
(36,5) (37,5) 49
(37,5) (36,5) 29
(37,5) (38,5) 15
(38,5) (37,5) 77
(38,5) (39,5) 19
(39,5) (38,5) 33
(39,5) (40,5) 94
(40,5) (39,5) 46
(40,5) (41,5) 108
(41,5) (40,5) 39
(41,5) (42,5) 60
(42,5) (41,5) 110
(42,5) (43,5) 101
(43,5) (42,5) 88
(43,5) (44,5) 50
(44,5) (43,5) 31
(44,5) (45,5) 16
(45,5) (44,5) 81
(45,5) (46,5) 35
(46,5) (45,5) 28
(46,5) (47,5) 52
(47,5) (46,5) 20
(47,5) (48,5) 41
(48,5) (47,5) 21
(48,5) (49,5) 18
(49,5) (48,5) 113
(49,5) (50,5) 95
(50,5) (49,5) 88
(50,5) (51,5) 110
(51,5) (50,5) 48
(51,5) (52,5) 30
(52,5) (51,5) 34
(52,5) (53,5) 29
(53,5) (52,5) 48
(53,5) (54,5) 66
(54,5) (53,5) 65
(54,5) (55,5) 55
(55,5) (54,5) 107
(55,5) (56,5) 45
(56,5) (55,5) 18
(56,5) (57,5) 108
(57,5) (56,5) 40
(57,5) (58,5) 83
(58,5) (57,5) 76
(58,5) (59,5) 16
(59,5) (58,5) 63
(59,5) (60,5) 73
(60,5) (59,5) 51
(60,5) (61,5) 65
(61,5) (60,5) 35
(61,5) (62,5) 56
(62,5) (61,5) 44
(62,5) (63,5) 42
(63,5) (62,5) 86
(63,5) (64,5) 85
(64,5) (63,5) 38
(64,5) (65,5) 70
(65,5) (64,5) 90
(65,5) (66,5) 59
(66,5) (65,5) 94
(66,5) (67,5) 17
(67,5) (66,5) 47
(67,5) (68,5) 25
(68,5) (67,5) 28
(68,5) (69,5) 71
(69,5) (68,5) 103
(69,5) (70,5) 55
(70,5) (69,5) 69
(70,5) (71,5) 63
(71,5) (70,5) 65
(71,5) (72,5) 83
(72,5) (71,5) 29
(72,5) (73,5) 40
(73,5) (72,5) 39
(73,5) (74,5) 106
(74,5) (73,5) 66
(74,5) (75,5) 104
(75,5) (74,5) 51
(75,5) (76,5) 105
(76,5) (75,5) 72
(76,5) (77,5) 101
(77,5) (76,5) 92
(77,5) (78,5) 105
(78,5) (77,5) 49
(78,5) (79,5) 90
(79,5) (78,5) 82
(79,5) (80,5) 107
(80,5) (79,5) 61
(80,5) (81,5) 98
(81,5) (80,5) 20
(81,5) (82,5) 37
(82,5) (81,5) 70
(82,5) (83,5) 36
(83,5) (82,5) 47
(83,5) (84,5) 107
(84,5) (83,5) 53
(84,5) (85,5) 19
(85,5) (84,5) 95
(85,5) (86,5) 82
(86,5) (85,5) 17
(86,5) (87,5) 32
(87,5) (86,5) 29
(87,5) (88,5) 59
(88,5) (87,5) 53
(88,5) (89,5) 86
(89,5) (88,5) 88
(89,5) (90,5) 63
(90,5) (89,5) 74
(90,5) (91,5) 18
(91,5) (90,5) 58
(91,5) (92,5) 78
(92,5) (91,5) 71
(92,5) (93,5) 65
(93,5) (92,5) 92
(93,5) (94,5) 38
(94,5) (93,5) 60
(94,5) (95,5) 56
(95,5) (94,5) 26
(95,5) (96,5) 40
(96,5) (95,5) 39
(96,5) (97,5) 91
(97,5) (96,5) 112
(97,5) (98,5) 63
(98,5) (97,5) 89
(98,5) (99,5) 113
(99,5) (98,5) 34
(99,5) (100,5) 77
(100,5) (99,5) 94
(1,6) (2,6) 68
(2,6) (1,6) 83
(2,6) (3,6) 82
(3,6) (2,6) 28
(3,6) (4,6) 108
(4,6) (3,6) 50
(4,6) (5,6) 90
(5,6) (4,6) 22
(5,6) (6,6) 59
(6,6) (5,6) 34
(6,6) (7,6) 47
(7,6) (6,6) 102
(7,6) (8,6) 73
(8,6) (7,6) 31
(8,6) (9,6) 65
(9,6) (8,6) 83
(9,6) (10,6) 109
(10,6) (9,6) 30
(10,6) (11,6) 23
(11,6) (10,6) 85
(11,6) (12,6) 76
(12,6) (11,6) 25
(12,6) (13,6) 36
(13,6) (12,6) 62
(13,6) (14,6) 52
(14,6) (13,6) 105
(14,6) (15,6) 30
(15,6) (14,6) 15
(15,6) (16,6) 58
(16,6) (15,6) 37
(16,6) (17,6) 18
(17,6) (16,6) 86
(17,6) (18,6) 95
(18,6) (17,6) 84
(18,6) (19,6) 49
(19,6) (18,6) 59
(19,6) (20,6) 25
(20,6) (19,6) 44
(20,6) (21,6) 102
(21,6) (20,6) 38
(21,6) (22,6) 42
(22,6) (21,6) 50
(22,6) (23,6) 86
(23,6) (22,6) 58
(23,6) (24,6) 29
(24,6) (23,6) 110
(24,6) (25,6) 26
(25,6) (24,6) 24
(25,6) (26,6) 60
(26,6) (25,6) 78
(26,6) (27,6) 36
(27,6) (26,6) 84
(27,6) (28,6) 78
(28,6) (27,6) 43
(28,6) (29,6) 77
(29,6) (28,6) 49
(29,6) (30,6) 51
(30,6) (29,6) 89
(30,6) (31,6) 26
(31,6) (30,6) 48
(31,6) (32,6) 70
(32,6) (31,6) 25
(32,6) (33,6) 114
(33,6) (32,6) 58
(33,6) (34,6) 87
(34,6) (33,6) 89
(34,6) (35,6) 97
(35,6) (34,6) 90
(35,6) (36,6) 86
(36,6) (35,6) 19
(36,6) (37,6) 55
(37,6) (36,6) 59
(37,6) (38,6) 104
(38,6) (37,6) 67
(38,6) (39,6) 96
(39,6) (38,6) 64
(39,6) (40,6) 66
(40,6) (39,6) 83
(40,6) (41,6) 35
(41,6) (40,6) 39
(41,6) (42,6) 31
(42,6) (41,6) 77
(42,6) (43,6) 49
(43,6) (42,6) 100
(43,6) (44,6) 79
(44,6) (43,6) 80
(44,6) (45,6) 46
(45,6) (44,6) 113
(45,6) (46,6) 110
(46,6) (45,6) 56
(46,6) (47,6) 63
(47,6) (46,6) 95
(47,6) (48,6) 86
(48,6) (47,6) 88
(48,6) (49,6) 106
(49,6) (48,6) 112
(49,6) (50,6) 105
(50,6) (49,6) 83
(50,6) (51,6) 91
(51,6) (50,6) 105
(51,6) (52,6) 47
(52,6) (51,6) 35
(52,6) (53,6) 76
(53,6) (52,6) 104
(53,6) (54,6) 85
(54,6) (53,6) 89
(54,6) (55,6) 57
(55,6) (54,6) 35
(55,6) (56,6) 36
(56,6) (55,6) 101
(56,6) (57,6) 94
(57,6) (56,6) 50
(57,6) (58,6) 93
(58,6) (57,6) 95
(58,6) (59,6) 66
(59,6) (58,6) 78
(59,6) (60,6) 38
(60,6) (59,6) 16
(60,6) (61,6) 60
(61,6) (60,6) 112
(61,6) (62,6) 89
(62,6) (61,6) 15
(62,6) (63,6) 69
(63,6) (62,6) 82
(63,6) (64,6) 80
(64,6) (63,6) 47
(64,6) (65,6) 102
(65,6) (64,6) 54
(65,6) (66,6) 45
(66,6) (65,6) 62
(66,6) (67,6) 95
(67,6) (66,6) 100
(67,6) (68,6) 41
(68,6) (67,6) 80
(68,6) (69,6) 85
(69,6) (68,6) 45
(69,6) (70,6) 113
(70,6) (69,6) 34
(70,6) (71,6) 81
(71,6) (70,6) 26
(71,6) (72,6) 75
(72,6) (71,6) 74
(72,6) (73,6) 59
(73,6) (72,6) 64
(73,6) (74,6) 80
(74,6) (73,6) 63
(74,6) (75,6) 54
(75,6) (74,6) 38
(75,6) (76,6) 102
(76,6) (75,6) 35
(76,6) (77,6) 61
(77,6) (76,6) 69
(77,6) (78,6) 54
(78,6) (77,6) 42
(78,6) (79,6) 35
(79,6) (78,6) 19
(79,6) (80,6) 65
(80,6) (79,6) 75
(80,6) (81,6) 104
(81,6) (80,6) 27
(81,6) (82,6) 43
(82,6) (81,6) 113
(82,6) (83,6) 93
(83,6) (82,6) 34
(83,6) (84,6) 106
(84,6) (83,6) 102
(84,6) (85,6) 19
(85,6) (84,6) 63
(85,6) (86,6) 39
(86,6) (85,6) 23
(86,6) (87,6) 59
(87,6) (86,6) 106
(87,6) (88,6) 88
(88,6) (87,6) 105
(88,6) (89,6) 65
(89,6) (88,6) 18
(89,6) (90,6) 98
(90,6) (89,6) 102
(90,6) (91,6) 71
(91,6) (90,6) 100
(91,6) (92,6) 53
(92,6) (91,6) 65
(92,6) (93,6) 17
(93,6) (92,6) 72
(93,6) (94,6) 114
(94,6) (93,6) 96
(94,6) (95,6) 91
(95,6) (94,6) 47
(95,6) (96,6) 42
(96,6) (95,6) 66
(96,6) (97,6) 55
(97,6) (96,6) 60
(97,6) (98,6) 22
(98,6) (97,6) 36
(98,6) (99,6) 113
(99,6) (98,6) 72
(99,6) (100,6) 39
(100,6) (99,6) 53
(1,7) (2,7) 105
(2,7) (1,7) 21
(2,7) (3,7) 95
(3,7) (2,7) 55
(3,7) (4,7) 69
(4,7) (3,7) 86
(4,7) (5,7) 38
(5,7) (4,7) 66
(5,7) (6,7) 20
(6,7) (5,7) 61
(6,7) (7,7) 27
(7,7) (6,7) 59
(7,7) (8,7) 27
(8,7) (7,7) 100
(8,7) (9,7) 39
(9,7) (8,7) 95
(9,7) (10,7) 26
(10,7) (9,7) 22
(10,7) (11,7) 40
(11,7) (10,7) 61
(11,7) (12,7) 108
(12,7) (11,7) 57
(12,7) (13,7) 98
(13,7) (12,7) 70
(13,7) (14,7) 52
(14,7) (13,7) 80
(14,7) (15,7) 83
(15,7) (14,7) 96
(15,7) (16,7) 67
(16,7) (15,7) 58
(16,7) (17,7) 97
(17,7) (16,7) 42
(17,7) (18,7) 79
(18,7) (17,7) 35
(18,7) (19,7) 95
(19,7) (18,7) 51
(19,7) (20,7) 93
(20,7) (19,7) 28
(20,7) (21,7) 101
(21,7) (20,7) 17
(21,7) (22,7) 73
(22,7) (21,7) 114
(22,7) (23,7) 40
(23,7) (22,7) 111
(23,7) (24,7) 16
(24,7) (23,7) 73
(24,7) (25,7) 18
(25,7) (24,7) 43
(25,7) (26,7) 111
(26,7) (25,7) 114
(26,7) (27,7) 106
(27,7) (26,7) 18
(27,7) (28,7) 85
(28,7) (27,7) 51
(28,7) (29,7) 77
(29,7) (28,7) 101
(29,7) (30,7) 29
(30,7) (29,7) 19
(30,7) (31,7) 89
(31,7) (30,7) 57
(31,7) (32,7) 27
(32,7) (31,7) 76
(32,7) (33,7) 47
(33,7) (32,7) 83
(33,7) (34,7) 110
(34,7) (33,7) 102
(34,7) (35,7) 25
(35,7) (34,7) 22
(35,7) (36,7) 53
(36,7) (35,7) 70
(36,7) (37,7) 49
(37,7) (36,7) 54
(37,7) (38,7) 71
(38,7) (37,7) 37
(38,7) (39,7) 73
(39,7) (38,7) 38
(39,7) (40,7) 48
(40,7) (39,7) 20
(40,7) (41,7) 83
(41,7) (40,7) 22
(41,7) (42,7) 25
(42,7) (41,7) 52
(42,7) (43,7) 33
(43,7) (42,7) 75
(43,7) (44,7) 95
(44,7) (43,7) 23
(44,7) (45,7) 79
(45,7) (44,7) 33
(45,7) (46,7) 93
(46,7) (45,7) 105
(46,7) (47,7) 86
(47,7) (46,7) 70
(47,7) (48,7) 41
(48,7) (47,7) 62
(48,7) (49,7) 109
(49,7) (48,7) 73
(49,7) (50,7) 110
(50,7) (49,7) 84
(50,7) (51,7) 46
(51,7) (50,7) 66
(51,7) (52,7) 103
(52,7) (51,7) 69
(52,7) (53,7) 86
(53,7) (52,7) 113
(53,7) (54,7) 95
(54,7) (53,7) 84
(54,7) (55,7) 98
(55,7) (54,7) 110
(55,7) (56,7) 36
(56,7) (55,7) 33
(56,7) (57,7) 99
(57,7) (56,7) 104
(57,7) (58,7) 70
(58,7) (57,7) 92
(58,7) (59,7) 69
(59,7) (58,7) 35
(59,7) (60,7) 27
(60,7) (59,7) 22
(60,7) (61,7) 80
(61,7) (60,7) 57
(61,7) (62,7) 49
(62,7) (61,7) 39
(62,7) (63,7) 35
(63,7) (62,7) 88
(63,7) (64,7) 112
(64,7) (63,7) 27
(64,7) (65,7) 111
(65,7) (64,7) 108
(65,7) (66,7) 97
(66,7) (65,7) 79
(66,7) (67,7) 41
(67,7) (66,7) 111
(67,7) (68,7) 96
(68,7) (67,7) 105
(68,7) (69,7) 100
(69,7) (68,7) 87
(69,7) (70,7) 60
(70,7) (69,7) 65
(70,7) (71,7) 62
(71,7) (70,7) 94
(71,7) (72,7) 60
(72,7) (71,7) 68
(72,7) (73,7) 113
(73,7) (72,7) 25
(73,7) (74,7) 82
(74,7) (73,7) 15
(74,7) (75,7) 93
(75,7) (74,7) 34
(75,7) (76,7) 31
(76,7) (75,7) 24
(76,7) (77,7) 37
(77,7) (76,7) 32
(77,7) (78,7) 68
(78,7) (77,7) 91
(78,7) (79,7) 59
(79,7) (78,7) 114
(79,7) (80,7) 46
(80,7) (79,7) 48
(80,7) (81,7) 98
(81,7) (80,7) 64
(81,7) (82,7) 22
(82,7) (81,7) 83
(82,7) (83,7) 107
(83,7) (82,7) 54
(83,7) (84,7) 52
(84,7) (83,7) 78
(84,7) (85,7) 84
(85,7) (84,7) 62
(85,7) (86,7) 70
(86,7) (85,7) 43
(86,7) (87,7) 18
(87,7) (86,7) 84
(87,7) (88,7) 44
(88,7) (87,7) 20
(88,7) (89,7) 41
(89,7) (88,7) 34
(89,7) (90,7) 52
(90,7) (89,7) 112
(90,7) (91,7) 70
(91,7) (90,7) 102
(91,7) (92,7) 64
(92,7) (91,7) 80
(92,7) (93,7) 16
(93,7) (92,7) 108
(93,7) (94,7) 83
(94,7) (93,7) 60
(94,7) (95,7) 16
(95,7) (94,7) 108
(95,7) (96,7) 77
(96,7) (95,7) 33
(96,7) (97,7) 108
(97,7) (96,7) 42
(97,7) (98,7) 54
(98,7) (97,7) 34
(98,7) (99,7) 112
(99,7) (98,7) 50
(99,7) (100,7) 95
(100,7) (99,7) 91
(1,8) (2,8) 16
(2,8) (1,8) 71
(2,8) (3,8) 26
(3,8) (2,8) 42
(3,8) (4,8) 73
(4,8) (3,8) 28
(4,8) (5,8) 16
(5,8) (4,8) 50
(5,8) (6,8) 19
(6,8) (5,8) 85
(6,8) (7,8) 100
(7,8) (6,8) 19
(7,8) (8,8) 31
(8,8) (7,8) 36
(8,8) (9,8) 90
(9,8) (8,8) 60
(9,8) (10,8) 107
(10,8) (9,8) 108
(10,8) (11,8) 65
(11,8) (10,8) 83
(11,8) (12,8) 83
(12,8) (11,8) 72
(12,8) (13,8) 34
(13,8) (12,8) 106
(13,8) (14,8) 55
(14,8) (13,8) 108
(14,8) (15,8) 59
(15,8) (14,8) 22
(15,8) (16,8) 71
(16,8) (15,8) 84
(16,8) (17,8) 109
(17,8) (16,8) 33
(17,8) (18,8) 18
(18,8) (17,8) 50
(18,8) (19,8) 27
(19,8) (18,8) 39
(19,8) (20,8) 36
(20,8) (19,8) 107
(20,8) (21,8) 108
(21,8) (20,8) 51
(21,8) (22,8) 35
(22,8) (21,8) 39
(22,8) (23,8) 66
(23,8) (22,8) 25
(23,8) (24,8) 61
(24,8) (23,8) 27
(24,8) (25,8) 21
(25,8) (24,8) 26
(25,8) (26,8) 41
(26,8) (25,8) 15
(26,8) (27,8) 30
(27,8) (26,8) 66
(27,8) (28,8) 63
(28,8) (27,8) 87
(28,8) (29,8) 42
(29,8) (28,8) 22
(29,8) (30,8) 62
(30,8) (29,8) 59
(30,8) (31,8) 44
(31,8) (30,8) 102
(31,8) (32,8) 65
(32,8) (31,8) 92
(32,8) (33,8) 46
(33,8) (32,8) 52
(33,8) (34,8) 65
(34,8) (33,8) 19
(34,8) (35,8) 53
(35,8) (34,8) 113
(35,8) (36,8) 19
(36,8) (35,8) 93
(36,8) (37,8) 75
(37,8) (36,8) 32
(37,8) (38,8) 17
(38,8) (37,8) 53
(38,8) (39,8) 92
(39,8) (38,8) 44
(39,8) (40,8) 40
(40,8) (39,8) 24
(40,8) (41,8) 76
(41,8) (40,8) 19
(41,8) (42,8) 30
(42,8) (41,8) 67
(42,8) (43,8) 55
(43,8) (42,8) 112
(43,8) (44,8) 101
(44,8) (43,8) 76
(44,8) (45,8) 91
(45,8) (44,8) 22
(45,8) (46,8) 61
(46,8) (45,8) 28
(46,8) (47,8) 70
(47,8) (46,8) 95
(47,8) (48,8) 62
(48,8) (47,8) 89
(48,8) (49,8) 58
(49,8) (48,8) 80
(49,8) (50,8) 57
(50,8) (49,8) 71
(50,8) (51,8) 65
(51,8) (50,8) 84
(51,8) (52,8) 105
(52,8) (51,8) 49
(52,8) (53,8) 79
(53,8) (52,8) 36
(53,8) (54,8) 110
(54,8) (53,8) 49
(54,8) (55,8) 87
(55,8) (54,8) 86
(55,8) (56,8) 48
(56,8) (55,8) 98
(56,8) (57,8) 21
(57,8) (56,8) 102
(57,8) (58,8) 26
(58,8) (57,8) 35
(58,8) (59,8) 75
(59,8) (58,8) 73
(59,8) (60,8) 93
(60,8) (59,8) 104
(60,8) (61,8) 54
(61,8) (60,8) 114
(61,8) (62,8) 56
(62,8) (61,8) 113
(62,8) (63,8) 40
(63,8) (62,8) 24
(63,8) (64,8) 77
(64,8) (63,8) 19
(64,8) (65,8) 84
(65,8) (64,8) 89
(65,8) (66,8) 27
(66,8) (65,8) 84
(66,8) (67,8) 95
(67,8) (66,8) 60
(67,8) (68,8) 51
(68,8) (67,8) 47
(68,8) (69,8) 34
(69,8) (68,8) 21
(69,8) (70,8) 109
(70,8) (69,8) 57
(70,8) (71,8) 41
(71,8) (70,8) 35
(71,8) (72,8) 104
(72,8) (71,8) 67
(72,8) (73,8) 27
(73,8) (72,8) 73
(73,8) (74,8) 17
(74,8) (73,8) 23
(74,8) (75,8) 71
(75,8) (74,8) 46
(75,8) (76,8) 23
(76,8) (75,8) 34
(76,8) (77,8) 23
(77,8) (76,8) 22
(77,8) (78,8) 83
(78,8) (77,8) 100
(78,8) (79,8) 59
(79,8) (78,8) 93
(79,8) (80,8) 107
(80,8) (79,8) 16
(80,8) (81,8) 58
(81,8) (80,8) 102
(81,8) (82,8) 41
(82,8) (81,8) 83
(82,8) (83,8) 110
(83,8) (82,8) 110
(83,8) (84,8) 81
(84,8) (83,8) 84
(84,8) (85,8) 98
(85,8) (84,8) 28
(85,8) (86,8) 21
(86,8) (85,8) 87
(86,8) (87,8) 53
(87,8) (86,8) 82
(87,8) (88,8) 29
(88,8) (87,8) 51
(88,8) (89,8) 65
(89,8) (88,8) 54
(89,8) (90,8) 100
(90,8) (89,8) 102
(90,8) (91,8) 110
(91,8) (90,8) 86
(91,8) (92,8) 106
(92,8) (91,8) 100
(92,8) (93,8) 90
(93,8) (92,8) 21
(93,8) (94,8) 82
(94,8) (93,8) 51
(94,8) (95,8) 74
(95,8) (94,8) 74
(95,8) (96,8) 27
(96,8) (95,8) 53
(96,8) (97,8) 22
(97,8) (96,8) 96
(97,8) (98,8) 77
(98,8) (97,8) 77
(98,8) (99,8) 102
(99,8) (98,8) 109
(99,8) (100,8) 39
(100,8) (99,8) 36
(1,9) (2,9) 97
(2,9) (1,9) 113
(2,9) (3,9) 52
(3,9) (2,9) 89
(3,9) (4,9) 56
(4,9) (3,9) 54
(4,9) (5,9) 58
(5,9) (4,9) 43
(5,9) (6,9) 68
(6,9) (5,9) 18
(6,9) (7,9) 70
(7,9) (6,9) 18
(7,9) (8,9) 108
(8,9) (7,9) 33
(8,9) (9,9) 78
(9,9) (8,9) 22
(9,9) (10,9) 94
(10,9) (9,9) 73
(10,9) (11,9) 42
(11,9) (10,9) 108
(11,9) (12,9) 29
(12,9) (11,9) 52
(12,9) (13,9) 27
(13,9) (12,9) 92
(13,9) (14,9) 22
(14,9) (13,9) 43
(14,9) (15,9) 61
(15,9) (14,9) 112
(15,9) (16,9) 23
(16,9) (15,9) 61
(16,9) (17,9) 88
(17,9) (16,9) 70
(17,9) (18,9) 104
(18,9) (17,9) 16
(18,9) (19,9) 58
(19,9) (18,9) 33
(19,9) (20,9) 85
(20,9) (19,9) 50
(20,9) (21,9) 36
(21,9) (20,9) 66
(21,9) (22,9) 25
(22,9) (21,9) 53
(22,9) (23,9) 54
(23,9) (22,9) 22
(23,9) (24,9) 58
(24,9) (23,9) 91
(24,9) (25,9) 65
(25,9) (24,9) 85
(25,9) (26,9) 33
(26,9) (25,9) 40
(26,9) (27,9) 82
(27,9) (26,9) 37
(27,9) (28,9) 93
(28,9) (27,9) 41
(28,9) (29,9) 109
(29,9) (28,9) 109
(29,9) (30,9) 24
(30,9) (29,9) 99
(30,9) (31,9) 75
(31,9) (30,9) 77
(31,9) (32,9) 71
(32,9) (31,9) 83
(32,9) (33,9) 44
(33,9) (32,9) 71
(33,9) (34,9) 67
(34,9) (33,9) 93
(34,9) (35,9) 65
(35,9) (34,9) 109
(35,9) (36,9) 112
(36,9) (35,9) 39
(36,9) (37,9) 91
(37,9) (36,9) 89
(37,9) (38,9) 94
(38,9) (37,9) 42
(38,9) (39,9) 58
(39,9) (38,9) 82
(39,9) (40,9) 27
(40,9) (39,9) 73
(40,9) (41,9) 105
(41,9) (40,9) 57
(41,9) (42,9) 102
(42,9) (41,9) 87
(42,9) (43,9) 102
(43,9) (42,9) 100
(43,9) (44,9) 65
(44,9) (43,9) 76
(44,9) (45,9) 73
(45,9) (44,9) 51
(45,9) (46,9) 109
(46,9) (45,9) 91
(46,9) (47,9) 74
(47,9) (46,9) 37
(47,9) (48,9) 35
(48,9) (47,9) 22
(48,9) (49,9) 73
(49,9) (48,9) 90
(49,9) (50,9) 106
(50,9) (49,9) 39
(50,9) (51,9) 18
(51,9) (50,9) 91
(51,9) (52,9) 78
(52,9) (51,9) 43
(52,9) (53,9) 66
(53,9) (52,9) 76
(53,9) (54,9) 100
(54,9) (53,9) 95
(54,9) (55,9) 54
(55,9) (54,9) 74
(55,9) (56,9) 16
(56,9) (55,9) 94
(56,9) (57,9) 111
(57,9) (56,9) 45
(57,9) (58,9) 24
(58,9) (57,9) 77
(58,9) (59,9) 106
(59,9) (58,9) 59
(59,9) (60,9) 50
(60,9) (59,9) 46
(60,9) (61,9) 60
(61,9) (60,9) 95
(61,9) (62,9) 61
(62,9) (61,9) 41
(62,9) (63,9) 27
(63,9) (62,9) 70
(63,9) (64,9) 45
(64,9) (63,9) 82
(64,9) (65,9) 33
(65,9) (64,9) 68
(65,9) (66,9) 101
(66,9) (65,9) 15
(66,9) (67,9) 58
(67,9) (66,9) 81
(67,9) (68,9) 67
(68,9) (67,9) 41
(68,9) (69,9) 58
(69,9) (68,9) 58
(69,9) (70,9) 103
(70,9) (69,9) 86
(70,9) (71,9) 28
(71,9) (70,9) 38
(71,9) (72,9) 36
(72,9) (71,9) 42
(72,9) (73,9) 30
(73,9) (72,9) 109
(73,9) (74,9) 20
(74,9) (73,9) 96
(74,9) (75,9) 50
(75,9) (74,9) 76
(75,9) (76,9) 103
(76,9) (75,9) 21
(76,9) (77,9) 90
(77,9) (76,9) 20
(77,9) (78,9) 80
(78,9) (77,9) 35
(78,9) (79,9) 52
(79,9) (78,9) 78
(79,9) (80,9) 24
(80,9) (79,9) 91
(80,9) (81,9) 92
(81,9) (80,9) 56
(81,9) (82,9) 68
(82,9) (81,9) 21
(82,9) (83,9) 92
(83,9) (82,9) 113
(83,9) (84,9) 93
(84,9) (83,9) 113
(84,9) (85,9) 79
(85,9) (84,9) 23
(85,9) (86,9) 91
(86,9) (85,9) 48
(86,9) (87,9) 25
(87,9) (86,9) 78
(87,9) (88,9) 107
(88,9) (87,9) 94
(88,9) (89,9) 35
(89,9) (88,9) 34
(89,9) (90,9) 95
(90,9) (89,9) 26
(90,9) (91,9) 42
(91,9) (90,9) 78
(91,9) (92,9) 112
(92,9) (91,9) 72
(92,9) (93,9) 51
(93,9) (92,9) 95
(93,9) (94,9) 106
(94,9) (93,9) 41
(94,9) (95,9) 51
(95,9) (94,9) 47
(95,9) (96,9) 41
(96,9) (95,9) 22
(96,9) (97,9) 28
(97,9) (96,9) 19
(97,9) (98,9) 35
(98,9) (97,9) 28
(98,9) (99,9) 68
(99,9) (98,9) 93
(99,9) (100,9) 47
(100,9) (99,9) 52
(1,10) (2,10) 16
(2,10) (1,10) 40
(2,10) (3,10) 100
(3,10) (2,10) 84
(3,10) (4,10) 102
(4,10) (3,10) 74
(4,10) (5,10) 18
(5,10) (4,10) 40
(5,10) (6,10) 26
(6,10) (5,10) 100
(6,10) (7,10) 59
(7,10) (6,10) 92
(7,10) (8,10) 111
(8,10) (7,10) 112
(8,10) (9,10) 78
(9,10) (8,10) 27
(9,10) (10,10) 38
(10,10) (9,10) 20
(10,10) (11,10) 55
(11,10) (10,10) 65
(11,10) (12,10) 70
(12,10) (11,10) 43
(12,10) (13,10) 71
(13,10) (12,10) 38
(13,10) (14,10) 55
(14,10) (13,10) 65
(14,10) (15,10) 61
(15,10) (14,10) 98
(15,10) (16,10) 50
(16,10) (15,10) 40
(16,10) (17,10) 110
(17,10) (16,10) 109
(17,10) (18,10) 114
(18,10) (17,10) 45
(18,10) (19,10) 70
(19,10) (18,10) 68
(19,10) (20,10) 34
(20,10) (19,10) 26
(20,10) (21,10) 53
(21,10) (20,10) 87
(21,10) (22,10) 54
(22,10) (21,10) 62
(22,10) (23,10) 97
(23,10) (22,10) 110
(23,10) (24,10) 56
(24,10) (23,10) 44
(24,10) (25,10) 92
(25,10) (24,10) 71
(25,10) (26,10) 92
(26,10) (25,10) 82
(26,10) (27,10) 27
(27,10) (26,10) 61
(27,10) (28,10) 107
(28,10) (27,10) 53
(28,10) (29,10) 70
(29,10) (28,10) 79
(29,10) (30,10) 33
(30,10) (29,10) 56
(30,10) (31,10) 100
(31,10) (30,10) 69
(31,10) (32,10) 22
(32,10) (31,10) 114
(32,10) (33,10) 24
(33,10) (32,10) 16
(33,10) (34,10) 17
(34,10) (33,10) 105
(34,10) (35,10) 104
(35,10) (34,10) 58
(35,10) (36,10) 61
(36,10) (35,10) 83
(36,10) (37,10) 34
(37,10) (36,10) 40
(37,10) (38,10) 16
(38,10) (37,10) 41
(38,10) (39,10) 93
(39,10) (38,10) 68
(39,10) (40,10) 56
(40,10) (39,10) 21
(40,10) (41,10) 75
(41,10) (40,10) 82
(41,10) (42,10) 28
(42,10) (41,10) 29
(42,10) (43,10) 101
(43,10) (42,10) 15
(43,10) (44,10) 21
(44,10) (43,10) 96
(44,10) (45,10) 75
(45,10) (44,10) 98
(45,10) (46,10) 68
(46,10) (45,10) 87
(46,10) (47,10) 18
(47,10) (46,10) 74
(47,10) (48,10) 109
(48,10) (47,10) 54
(48,10) (49,10) 112
(49,10) (48,10) 38
(49,10) (50,10) 112
(50,10) (49,10) 113
(50,10) (51,10) 32
(51,10) (50,10) 27
(51,10) (52,10) 51
(52,10) (51,10) 27
(52,10) (53,10) 39
(53,10) (52,10) 25
(53,10) (54,10) 108
(54,10) (53,10) 100
(54,10) (55,10) 19
(55,10) (54,10) 37
(55,10) (56,10) 77
(56,10) (55,10) 83
(56,10) (57,10) 86
(57,10) (56,10) 18
(57,10) (58,10) 40
(58,10) (57,10) 34
(58,10) (59,10) 43
(59,10) (58,10) 44
(59,10) (60,10) 100
(60,10) (59,10) 62
(60,10) (61,10) 45
(61,10) (60,10) 17
(61,10) (62,10) 18
(62,10) (61,10) 84
(62,10) (63,10) 29
(63,10) (62,10) 77
(63,10) (64,10) 29
(64,10) (63,10) 98
(64,10) (65,10) 79
(65,10) (64,10) 93
(65,10) (66,10) 108
(66,10) (65,10) 44
(66,10) (67,10) 24
(67,10) (66,10) 83
(67,10) (68,10) 64
(68,10) (67,10) 111
(68,10) (69,10) 28
(69,10) (68,10) 53
(69,10) (70,10) 109
(70,10) (69,10) 104
(70,10) (71,10) 75
(71,10) (70,10) 82
(71,10) (72,10) 43
(72,10) (71,10) 50
(72,10) (73,10) 106
(73,10) (72,10) 87
(73,10) (74,10) 65
(74,10) (73,10) 56
(74,10) (75,10) 63
(75,10) (74,10) 79
(75,10) (76,10) 105
(76,10) (75,10) 38
(76,10) (77,10) 25
(77,10) (76,10) 42
(77,10) (78,10) 111
(78,10) (77,10) 51
(78,10) (79,10) 63
(79,10) (78,10) 89
(79,10) (80,10) 100
(80,10) (79,10) 53
(80,10) (81,10) 104
(81,10) (80,10) 27
(81,10) (82,10) 49
(82,10) (81,10) 91
(82,10) (83,10) 102
(83,10) (82,10) 106
(83,10) (84,10) 108
(84,10) (83,10) 103
(84,10) (85,10) 76
(85,10) (84,10) 88
(85,10) (86,10) 20
(86,10) (85,10) 100
(86,10) (87,10) 32
(87,10) (86,10) 59
(87,10) (88,10) 68
(88,10) (87,10) 89
(88,10) (89,10) 57
(89,10) (88,10) 100
(89,10) (90,10) 86
(90,10) (89,10) 20
(90,10) (91,10) 102
(91,10) (90,10) 95
(91,10) (92,10) 22
(92,10) (91,10) 67
(92,10) (93,10) 82
(93,10) (92,10) 97
(93,10) (94,10) 17
(94,10) (93,10) 77
(94,10) (95,10) 97
(95,10) (94,10) 60
(95,10) (96,10) 37
(96,10) (95,10) 59
(96,10) (97,10) 108
(97,10) (96,10) 80
(97,10) (98,10) 110
(98,10) (97,10) 77
(98,10) (99,10) 104
(99,10) (98,10) 43
(99,10) (100,10) 64
(100,10) (99,10) 67
(1,10) t 51
(2,10) t 102
(3,10) t 32
(4,10) t 41
(5,10) t 104
(6,10) t 84
(7,10) t 97
(8,10) t 26
(9,10) t 26
(10,10) t 85
(11,10) t 105
(12,10) t 90
(13,10) t 25
(14,10) t 27
(15,10) t 93
(16,10) t 31
(17,10) t 89
(18,10) t 21
(19,10) t 114
(20,10) t 50
(21,10) t 47
(22,10) t 40
(23,10) t 100
(24,10) t 112
(25,10) t 18
(26,10) t 66
(27,10) t 92
(28,10) t 91
(29,10) t 99
(30,10) t 95
(31,10) t 87
(32,10) t 68
(33,10) t 82
(34,10) t 112
(35,10) t 63
(36,10) t 26
(37,10) t 37
(38,10) t 64
(39,10) t 51
(40,10) t 32
(41,10) t 18
(42,10) t 26
(43,10) t 87
(44,10) t 37
(45,10) t 66
(46,10) t 96
(47,10) t 84
(48,10) t 65
(49,10) t 65
(50,10) t 69
(51,10) t 38
(52,10) t 45
(53,10) t 97
(54,10) t 74
(55,10) t 89
(56,10) t 56
(57,10) t 54
(58,10) t 103
(59,10) t 39
(60,10) t 36
(61,10) t 59
(62,10) t 34
(63,10) t 101
(64,10) t 48
(65,10) t 52
(66,10) t 33
(67,10) t 39
(68,10) t 24
(69,10) t 109
(70,10) t 92
(71,10) t 81
(72,10) t 79
(73,10) t 88
(74,10) t 51
(75,10) t 83
(76,10) t 34
(77,10) t 66
(78,10) t 110
(79,10) t 101
(80,10) t 17
(81,10) t 66
(82,10) t 44
(83,10) t 46
(84,10) t 43
(85,10) t 87
(86,10) t 69
(87,10) t 28
(88,10) t 43
(89,10) t 21
(90,10) t 46
(91,10) t 106
(92,10) t 65
(93,10) t 68
(94,10) t 56
(95,10) t 98
(96,10) t 44
(97,10) t 61
(98,10) t 102
(99,10) t 40
(100,10) t 38
