s (1,1) 78
s (2,1) 164
s (3,1) 130
s (4,1) 167
s (5,1) 84
s (6,1) 77
s (7,1) 106
s (8,1) 154
s (9,1) 172
s (10,1) 172
s (11,1) 101
s (12,1) 142
s (13,1) 75
s (14,1) 156
s (15,1) 130
s (16,1) 165
s (17,1) 141
s (18,1) 125
s (19,1) 122
s (20,1) 90
s (21,1) 116
s (22,1) 102
s (23,1) 165
s (24,1) 80
s (25,1) 160
s (26,1) 82
s (27,1) 136
s (28,1) 98
s (29,1) 99
s (30,1) 77
s (31,1) 115
s (32,1) 129
s (33,1) 141
s (34,1) 130
s (35,1) 147
s (36,1) 95
s (37,1) 120
s (38,1) 125
s (39,1) 165
s (40,1) 87
s (41,1) 139
s (42,1) 166
s (43,1) 83
s (44,1) 155
s (45,1) 81
s (46,1) 167
s (47,1) 153
s (48,1) 137
s (49,1) 101
s (50,1) 105
s (51,1) 158
s (52,1) 155
s (53,1) 125
s (54,1) 166
s (55,1) 141
s (56,1) 93
s (57,1) 164
s (58,1) 75
s (59,1) 119
s (60,1) 112
s (61,1) 136
s (62,1) 151
s (63,1) 96
s (64,1) 106
s (65,1) 156
s (66,1) 116
s (67,1) 131
s (68,1) 81
s (69,1) 151
s (70,1) 138
s (71,1) 118
s (72,1) 95
s (73,1) 112
s (74,1) 170
s (75,1) 139
s (76,1) 130
s (77,1) 87
s (78,1) 158
s (79,1) 101
s (80,1) 104
s (81,1) 76
s (82,1) 159
s (83,1) 115
s (84,1) 114
s (85,1) 102
s (86,1) 125
s (87,1) 132
s (88,1) 143
s (89,1) 126
s (90,1) 91
s (91,1) 119
s (92,1) 114
s (93,1) 167
s (94,1) 141
s (95,1) 161
s (96,1) 116
s (97,1) 112
s (98,1) 142
s (99,1) 150
s (100,1) 148
(1,1) (1,2) 165
(2,1) (2,2) 168
(3,1) (3,2) 121
(4,1) (4,2) 124
(5,1) (5,2) 90
(6,1) (6,2) 112
(7,1) (7,2) 128
(8,1) (8,2) 100
(9,1) (9,2) 108
(10,1) (10,2) 80
(11,1) (11,2) 76
(12,1) (12,2) 99
(13,1) (13,2) 86
(14,1) (14,2) 127
(15,1) (15,2) 81
(16,1) (16,2) 114
(17,1) (17,2) 161
(18,1) (18,2) 171
(19,1) (19,2) 142
(20,1) (20,2) 129
(21,1) (21,2) 137
(22,1) (22,2) 90
(23,1) (23,2) 161
(24,1) (24,2) 137
(25,1) (25,2) 148
(26,1) (26,2) 127
(27,1) (27,2) 150
(28,1) (28,2) 156
(29,1) (29,2) 108
(30,1) (30,2) 97
(31,1) (31,2) 127
(32,1) (32,2) 108
(33,1) (33,2) 126
(34,1) (34,2) 82
(35,1) (35,2) 144
(36,1) (36,2) 143
(37,1) (37,2) 85
(38,1) (38,2) 106
(39,1) (39,2) 136
(40,1) (40,2) 129
(41,1) (41,2) 134
(42,1) (42,2) 119
(43,1) (43,2) 76
(44,1) (44,2) 120
(45,1) (45,2) 122
(46,1) (46,2) 137
(47,1) (47,2) 79
(48,1) (48,2) 152
(49,1) (49,2) 145
(50,1) (50,2) 103
(51,1) (51,2) 92
(52,1) (52,2) 79
(53,1) (53,2) 142
(54,1) (54,2) 136
(55,1) (55,2) 92
(56,1) (56,2) 152
(57,1) (57,2) 87
(58,1) (58,2) 117
(59,1) (59,2) 156
(60,1) (60,2) 80
(61,1) (61,2) 89
(62,1) (62,2) 112
(63,1) (63,2) 99
(64,1) (64,2) 174
(65,1) (65,2) 149
(66,1) (66,2) 170
(67,1) (67,2) 112
(68,1) (68,2) 104
(69,1) (69,2) 138
(70,1) (70,2) 154
(71,1) (71,2) 128
(72,1) (72,2) 108
(73,1) (73,2) 95
(74,1) (74,2) 76
(75,1) (75,2) 163
(76,1) (76,2) 121
(77,1) (77,2) 160
(78,1) (78,2) 90
(79,1) (79,2) 93
(80,1) (80,2) 167
(81,1) (81,2) 81
(82,1) (82,2) 134
(83,1) (83,2) 96
(84,1) (84,2) 89
(85,1) (85,2) 159
(86,1) (86,2) 134
(87,1) (87,2) 101
(88,1) (88,2) 156
(89,1) (89,2) 96
(90,1) (90,2) 174
(91,1) (91,2) 161
(92,1) (92,2) 102
(93,1) (93,2) 78
(94,1) (94,2) 107
(95,1) (95,2) 121
(96,1) (96,2) 142
(97,1) (97,2) 79
(98,1) (98,2) 122
(99,1) (99,2) 82
(100,1) (100,2) 116
(1,2) (1,3) 84
(2,2) (2,3) 95
(3,2) (3,3) 127
(4,2) (4,3) 118
(5,2) (5,3) 149
(6,2) (6,3) 111
(7,2) (7,3) 108
(8,2) (8,3) 132
(9,2) (9,3) 137
(10,2) (10,3) 157
(11,2) (11,3) 149
(12,2) (12,3) 145
(13,2) (13,3) 159
(14,2) (14,3) 124
(15,2) (15,3) 128
(16,2) (16,3) 138
(17,2) (17,3) 100
(18,2) (18,3) 99
(19,2) (19,3) 152
(20,2) (20,3) 137
(21,2) (21,3) 99
(22,2) (22,3) 140
(23,2) (23,3) 135
(24,2) (24,3) 148
(25,2) (25,3) 155
(26,2) (26,3) 159
(27,2) (27,3) 167
(28,2) (28,3) 127
(29,2) (29,3) 81
(30,2) (30,3) 123
(31,2) (31,3) 97
(32,2) (32,3) 81
(33,2) (33,3) 136
(34,2) (34,3) 133
(35,2) (35,3) 126
(36,2) (36,3) 150
(37,2) (37,3) 170
(38,2) (38,3) 80
(39,2) (39,3) 159
(40,2) (40,3) 103
(41,2) (41,3) 124
(42,2) (42,3) 82
(43,2) (43,3) 109
(44,2) (44,3) 110
(45,2) (45,3) 81
(46,2) (46,3) 109
(47,2) (47,3) 163
(48,2) (48,3) 144
(49,2) (49,3) 103
(50,2) (50,3) 172
(51,2) (51,3) 124
(52,2) (52,3) 85
(53,2) (53,3) 100
(54,2) (54,3) 121
(55,2) (55,3) 92
(56,2) (56,3) 136
(57,2) (57,3) 157
(58,2) (58,3) 83
(59,2) (59,3) 139
(60,2) (60,3) 126
(61,2) (61,3) 97
(62,2) (62,3) 112
(63,2) (63,3) 153
(64,2) (64,3) 137
(65,2) (65,3) 141
(66,2) (66,3) 149
(67,2) (67,3) 113
(68,2) (68,3) 148
(69,2) (69,3) 135
(70,2) (70,3) 119
(71,2) (71,3) 129
(72,2) (72,3) 164
(73,2) (73,3) 141
(74,2) (74,3) 81
(75,2) (75,3) 174
(76,2) (76,3) 91
(77,2) (77,3) 144
(78,2) (78,3) 141
(79,2) (79,3) 133
(80,2) (80,3) 130
(81,2) (81,3) 107
(82,2) (82,3) 152
(83,2) (83,3) 102
(84,2) (84,3) 167
(85,2) (85,3) 90
(86,2) (86,3) 106
(87,2) (87,3) 150
(88,2) (88,3) 80
(89,2) (89,3) 171
(90,2) (90,3) 115
(91,2) (91,3) 117
(92,2) (92,3) 166
(93,2) (93,3) 128
(94,2) (94,3) 79
(95,2) (95,3) 82
(96,2) (96,3) 134
(97,2) (97,3) 139
(98,2) (98,3) 113
(99,2) (99,3) 107
(100,2) (100,3) 126
(1,3) (1,4) 152
(2,3) (2,4) 83
(3,3) (3,4) 100
(4,3) (4,4) 97
(5,3) (5,4) 93
(6,3) (6,4) 103
(7,3) (7,4) 163
(8,3) (8,4) 88
(9,3) (9,4) 100
(10,3) (10,4) 83
(11,3) (11,4) 174
(12,3) (12,4) 172
(13,3) (13,4) 157
(14,3) (14,4) 123
(15,3) (15,4) 94
(16,3) (16,4) 85
(17,3) (17,4) 95
(18,3) (18,4) 115
(19,3) (19,4) 108
(20,3) (20,4) 146
(21,3) (21,4) 146
(22,3) (22,4) 135
(23,3) (23,4) 110
(24,3) (24,4) 92
(25,3) (25,4) 102
(26,3) (26,4) 94
(27,3) (27,4) 100
(28,3) (28,4) 154
(29,3) (29,4) 75
(30,3) (30,4) 144
(31,3) (31,4) 145
(32,3) (32,4) 81
(33,3) (33,4) 173
(34,3) (34,4) 145
(35,3) (35,4) 162
(36,3) (36,4) 108
(37,3) (37,4) 148
(38,3) (38,4) 79
(39,3) (39,4) 125
(40,3) (40,4) 156
(41,3) (41,4) 77
(42,3) (42,4) 164
(43,3) (43,4) 146
(44,3) (44,4) 86
(45,3) (45,4) 163
(46,3) (46,4) 129
(47,3) (47,4) 99
(48,3) (48,4) 164
(49,3) (49,4) 101
(50,3) (50,4) 95
(51,3) (51,4) 119
(52,3) (52,4) 169
(53,3) (53,4) 89
(54,3) (54,4) 140
(55,3) (55,4) 162
(56,3) (56,4) 143
(57,3) (57,4) 83
(58,3) (58,4) 102
(59,3) (59,4) 119
(60,3) (60,4) 111
(61,3) (61,4) 156
(62,3) (62,4) 115
(63,3) (63,4) 171
(64,3) (64,4) 112
(65,3) (65,4) 134
(66,3) (66,4) 121
(67,3) (67,4) 150
(68,3) (68,4) 75
(69,3) (69,4) 96
(70,3) (70,4) 142
(71,3) (71,4) 160
(72,3) (72,4) 159
(73,3) (73,4) 147
(74,3) (74,4) 80
(75,3) (75,4) 90
(76,3) (76,4) 168
(77,3) (77,4) 137
(78,3) (78,4) 94
(79,3) (79,4) 130
(80,3) (80,4) 127
(81,3) (81,4) 145
(82,3) (82,4) 151
(83,3) (83,4) 89
(84,3) (84,4) 120
(85,3) (85,4) 104
(86,3) (86,4) 81
(87,3) (87,4) 153
(88,3) (88,4) 104
(89,3) (89,4) 79
(90,3) (90,4) 95
(91,3) (91,4) 172
(92,3) (92,4) 99
(93,3) (93,4) 79
(94,3) (94,4) 108
(95,3) (95,4) 92
(96,3) (96,4) 105
(97,3) (97,4) 138
(98,3) (98,4) 114
(99,3) (99,4) 128
(100,3) (100,4) 165
(1,4) (1,5) 111
(2,4) (2,5) 94
(3,4) (3,5) 87
(4,4) (4,5) 98
(5,4) (5,5) 106
(6,4) (6,5) 171
(7,4) (7,5) 80
(8,4) (8,5) 134
(9,4) (9,5) 138
(10,4) (10,5) 131
(11,4) (11,5) 151
(12,4) (12,5) 138
(13,4) (13,5) 171
(14,4) (14,5) 159
(15,4) (15,5) 120
(16,4) (16,5) 153
(17,4) (17,5) 156
(18,4) (18,5) 130
(19,4) (19,5) 94
(20,4) (20,5) 111
(21,4) (21,5) 118
(22,4) (22,5) 81
(23,4) (23,5) 153
(24,4) (24,5) 76
(25,4) (25,5) 143
(26,4) (26,5) 166
(27,4) (27,5) 173
(28,4) (28,5) 132
(29,4) (29,5) 91
(30,4) (30,5) 106
(31,4) (31,5) 132
(32,4) (32,5) 78
(33,4) (33,5) 125
(34,4) (34,5) 169
(35,4) (35,5) 95
(36,4) (36,5) 77
(37,4) (37,5) 130
(38,4) (38,5) 128
(39,4) (39,5) 154
(40,4) (40,5) 121
(41,4) (41,5) 94
(42,4) (42,5) 75
(43,4) (43,5) 89
(44,4) (44,5) 138
(45,4) (45,5) 139
(46,4) (46,5) 75
(47,4) (47,5) 122
(48,4) (48,5) 119
(49,4) (49,5) 84
(50,4) (50,5) 96
(51,4) (51,5) 82
(52,4) (52,5) 114
(53,4) (53,5) 136
(54,4) (54,5) 103
(55,4) (55,5) 132
(56,4) (56,5) 136
(57,4) (57,5) 89
(58,4) (58,5) 129
(59,4) (59,5) 162
(60,4) (60,5) 142
(61,4) (61,5) 124
(62,4) (62,5) 147
(63,4) (63,5) 126
(64,4) (64,5) 93
(65,4) (65,5) 149
(66,4) (66,5) 114
(67,4) (67,5) 92
(68,4) (68,5) 107
(69,4) (69,5) 118
(70,4) (70,5) 133
(71,4) (71,5) 123
(72,4) (72,5) 127
(73,4) (73,5) 122
(74,4) (74,5) 167
(75,4) (75,5) 173
(76,4) (76,5) 151
(77,4) (77,5) 81
(78,4) (78,5) 171
(79,4) (79,5) 121
(80,4) (80,5) 90
(81,4) (81,5) 169
(82,4) (82,5) 114
(83,4) (83,5) 152
(84,4) (84,5) 76
(85,4) (85,5) 172
(86,4) (86,5) 98
(87,4) (87,5) 76
(88,4) (88,5) 125
(89,4) (89,5) 163
(90,4) (90,5) 97
(91,4) (91,5) 82
(92,4) (92,5) 174
(93,4) (93,5) 76
(94,4) (94,5) 90
(95,4) (95,5) 98
(96,4) (96,5) 164
(97,4) (97,5) 171
(98,4) (98,5) 106
(99,4) (99,5) 169
(100,4) (100,5) 81
(1,5) (1,6) 96
(2,5) (2,6) 132
(3,5) (3,6) 143
(4,5) (4,6) 113
(5,5) (5,6) 97
(6,5) (6,6) 149
(7,5) (7,6) 163
(8,5) (8,6) 116
(9,5) (9,6) 85
(10,5) (10,6) 174
(11,5) (11,6) 96
(12,5) (12,6) 145
(13,5) (13,6) 154
(14,5) (14,6) 112
(15,5) (15,6) 122
(16,5) (16,6) 135
(17,5) (17,6) 148
(18,5) (18,6) 146
(19,5) (19,6) 77
(20,5) (20,6) 137
(21,5) (21,6) 128
(22,5) (22,6) 155
(23,5) (23,6) 134
(24,5) (24,6) 145
(25,5) (25,6) 92
(26,5) (26,6) 135
(27,5) (27,6) 169
(28,5) (28,6) 158
(29,5) (29,6) 164
(30,5) (30,6) 132
(31,5) (31,6) 131
(32,5) (32,6) 138
(33,5) (33,6) 110
(34,5) (34,6) 90
(35,5) (35,6) 90
(36,5) (36,6) 151
(37,5) (37,6) 87
(38,5) (38,6) 123
(39,5) (39,6) 78
(40,5) (40,6) 118
(41,5) (41,6) 159
(42,5) (42,6) 77
(43,5) (43,6) 151
(44,5) (44,6) 150
(45,5) (45,6) 91
(46,5) (46,6) 170
(47,5) (47,6) 137
(48,5) (48,6) 131
(49,5) (49,6) 82
(50,5) (50,6) 171
(51,5) (51,6) 116
(52,5) (52,6) 163
(53,5) (53,6) 121
(54,5) (54,6) 122
(55,5) (55,6) 142
(56,5) (56,6) 143
(57,5) (57,6) 157
(58,5) (58,6) 113
(59,5) (59,6) 154
(60,5) (60,6) 131
(61,5) (61,6) 143
(62,5) (62,6) 128
(63,5) (63,6) 78
(64,5) (64,6) 107
(65,5) (65,6) 142
(66,5) (66,6) 122
(67,5) (67,6) 81
(68,5) (68,6) 173
(69,5) (69,6) 173
(70,5) (70,6) 169
(71,5) (71,6) 123
(72,5) (72,6) 132
(73,5) (73,6) 135
(74,5) (74,6) 100
(75,5) (75,6) 167
(76,5) (76,6) 108
(77,5) (77,6) 165
(78,5) (78,6) 161
(79,5) (79,6) 80
(80,5) (80,6) 161
(81,5) (81,6) 91
(82,5) (82,6) 132
(83,5) (83,6) 171
(84,5) (84,6) 163
(85,5) (85,6) 124
(86,5) (86,6) 131
(87,5) (87,6) 113
(88,5) (88,6) 143
(89,5) (89,6) 125
(90,5) (90,6) 94
(91,5) (91,6) 89
(92,5) (92,6) 115
(93,5) (93,6) 85
(94,5) (94,6) 162
(95,5) (95,6) 169
(96,5) (96,6) 135
(97,5) (97,6) 134
(98,5) (98,6) 157
(99,5) (99,6) 110
(100,5) (100,6) 79
(1,6) (1,7) 110
(2,6) (2,7) 149
(3,6) (3,7) 102
(4,6) (4,7) 95
(5,6) (5,7) 149
(6,6) (6,7) 79
(7,6) (7,7) 146
(8,6) (8,7) 159
(9,6) (9,7) 132
(10,6) (10,7) 108
(11,6) (11,7) 157
(12,6) (12,7) 149
(13,6) (13,7) 144
(14,6) (14,7) 102
(15,6) (15,7) 112
(16,6) (16,7) 92
(17,6) (17,7) 93
(18,6) (18,7) 164
(19,6) (19,7) 104
(20,6) (20,7) 149
(21,6) (21,7) 93
(22,6) (22,7) 96
(23,6) (23,7) 78
(24,6) (24,7) 85
(25,6) (25,7) 121
(26,6) (26,7) 167
(27,6) (27,7) 169
(28,6) (28,7) 87
(29,6) (29,7) 127
(30,6) (30,7) 148
(31,6) (31,7) 119
(32,6) (32,7) 90
(33,6) (33,7) 119
(34,6) (34,7) 81
(35,6) (35,7) 110
(36,6) (36,7) 174
(37,6) (37,7) 96
(38,6) (38,7) 101
(39,6) (39,7) 78
(40,6) (40,7) 155
(41,6) (41,7) 94
(42,6) (42,7) 147
(43,6) (43,7) 97
(44,6) (44,7) 82
(45,6) (45,7) 75
(46,6) (46,7) 110
(47,6) (47,7) 82
(48,6) (48,7) 108
(49,6) (49,7) 119
(50,6) (50,7) 79
(51,6) (51,7) 87
(52,6) (52,7) 90
(53,6) (53,7) 85
(54,6) (54,7) 160
(55,6) (55,7) 101
(56,6) (56,7) 135
(57,6) (57,7) 123
(58,6) (58,7) 142
(59,6) (59,7) 82
(60,6) (60,7) 154
(61,6) (61,7) 81
(62,6) (62,7) 81
(63,6) (63,7) 139
(64,6) (64,7) 148
(65,6) (65,7) 151
(66,6) (66,7) 88
(67,6) (67,7) 160
(68,6) (68,7) 150
(69,6) (69,7) 142
(70,6) (70,7) 120
(71,6) (71,7) 101
(72,6) (72,7) 112
(73,6) (73,7) 85
(74,6) (74,7) 167
(75,6) (75,7) 103
(76,6) (76,7) 117
(77,6) (77,7) 125
(78,6) (78,7) 93
(79,6) (79,7) 125
(80,6) (80,7) 114
(81,6) (81,7) 130
(82,6) (82,7) 147
(83,6) (83,7) 173
(84,6) (84,7) 138
(85,6) (85,7) 89
(86,6) (86,7) 165
(87,6) (87,7) 174
(88,6) (88,7) 88
(89,6) (89,7) 164
(90,6) (90,7) 143
(91,6) (91,7) 87
(92,6) (92,7) 149
(93,6) (93,7) 112
(94,6) (94,7) 152
(95,6) (95,7) 122
(96,6) (96,7) 142
(97,6) (97,7) 155
(98,6) (98,7) 138
(99,6) (99,7) 148
(100,6) (100,7) 87
(1,7) (1,8) 85
(2,7) (2,8) 110
(3,7) (3,8) 145
(4,7) (4,8) 110
(5,7) (5,8) 85
(6,7) (6,8) 150
(7,7) (7,8) 140
(8,7) (8,8) 173
(9,7) (9,8) 130
(10,7) (10,8) 86
(11,7) (11,8) 101
(12,7) (12,8) 158
(13,7) (13,8) 103
(14,7) (14,8) 157
(15,7) (15,8) 95
(16,7) (16,8) 144
(17,7) (17,8) 152
(18,7) (18,8) 133
(19,7) (19,8) 130
(20,7) (20,8) 160
(21,7) (21,8) 127
(22,7) (22,8) 82
(23,7) (23,8) 89
(24,7) (24,8) 84
(25,7) (25,8) 164
(26,7) (26,8) 151
(27,7) (27,8) 84
(28,7) (28,8) 149
(29,7) (29,8) 161
(30,7) (30,8) 132
(31,7) (31,8) 161
(32,7) (32,8) 123
(33,7) (33,8) 130
(34,7) (34,8) 171
(35,7) (35,8) 145
(36,7) (36,8) 105
(37,7) (37,8) 149
(38,7) (38,8) 158
(39,7) (39,8) 84
(40,7) (40,8) 114
(41,7) (41,8) 138
(42,7) (42,8) 111
(43,7) (43,8) 142
(44,7) (44,8) 144
(45,7) (45,8) 125
(46,7) (46,8) 160
(47,7) (47,8) 148
(48,7) (48,8) 153
(49,7) (49,8) 104
(50,7) (50,8) 110
(51,7) (51,8) 83
(52,7) (52,8) 163
(53,7) (53,8) 133
(54,7) (54,8) 132
(55,7) (55,8) 120
(56,7) (56,8) 94
(57,7) (57,8) 149
(58,7) (58,8) 140
(59,7) (59,8) 133
(60,7) (60,8) 151
(61,7) (61,8) 156
(62,7) (62,8) 97
(63,7) (63,8) 148
(64,7) (64,8) 169
(65,7) (65,8) 165
(66,7) (66,8) 149
(67,7) (67,8) 162
(68,7) (68,8) 145
(69,7) (69,8) 173
(70,7) (70,8) 91
(71,7) (71,8) 119
(72,7) (72,8) 174
(73,7) (73,8) 124
(74,7) (74,8) 154
(75,7) (75,8) 144
(76,7) (76,8) 160
(77,7) (77,8) 112
(78,7) (78,8) 112
(79,7) (79,8) 121
(80,7) (80,8) 152
(81,7) (81,8) 172
(82,7) (82,8) 121
(83,7) (83,8) 99
(84,7) (84,8) 157
(85,7) (85,8) 125
(86,7) (86,8) 128
(87,7) (87,8) 119
(88,7) (88,8) 111
(89,7) (89,8) 75
(90,7) (90,8) 100
(91,7) (91,8) 134
(92,7) (92,8) 110
(93,7) (93,8) 134
(94,7) (94,8) 149
(95,7) (95,8) 136
(96,7) (96,8) 87
(97,7) (97,8) 106
(98,7) (98,8) 106
(99,7) (99,8) 162
(100,7) (100,8) 162
(1,8) (1,9) 122
(2,8) (2,9) 99
(3,8) (3,9) 172
(4,8) (4,9) 138
(5,8) (5,9) 90
(6,8) (6,9) 137
(7,8) (7,9) 108
(8,8) (8,9) 134
(9,8) (9,9) 81
(10,8) (10,9) 117
(11,8) (11,9) 154
(12,8) (12,9) 86
(13,8) (13,9) 171
(14,8) (14,9) 98
(15,8) (15,9) 97
(16,8) (16,9) 151
(17,8) (17,9) 115
(18,8) (18,9) 78
(19,8) (19,9) 115
(20,8) (20,9) 152
(21,8) (21,9) 133
(22,8) (22,9) 127
(23,8) (23,9) 77
(24,8) (24,9) 120
(25,8) (25,9) 103
(26,8) (26,9) 149
(27,8) (27,9) 162
(28,8) (28,9) 153
(29,8) (29,9) 129
(30,8) (30,9) 144
(31,8) (31,9) 155
(32,8) (32,9) 80
(33,8) (33,9) 87
(34,8) (34,9) 144
(35,8) (35,9) 167
(36,8) (36,9) 113
(37,8) (37,9) 91
(38,8) (38,9) 136
(39,8) (39,9) 109
(40,8) (40,9) 114
(41,8) (41,9) 132
(42,8) (42,9) 112
(43,8) (43,9) 87
(44,8) (44,9) 138
(45,8) (45,9) 143
(46,8) (46,9) 128
(47,8) (47,9) 77
(48,8) (48,9) 139
(49,8) (49,9) 92
(50,8) (50,9) 131
(51,8) (51,9) 124
(52,8) (52,9) 169
(53,8) (53,9) 81
(54,8) (54,9) 89
(55,8) (55,9) 156
(56,8) (56,9) 79
(57,8) (57,9) 131
(58,8) (58,9) 95
(59,8) (59,9) 170
(60,8) (60,9) 112
(61,8) (61,9) 86
(62,8) (62,9) 121
(63,8) (63,9) 87
(64,8) (64,9) 143
(65,8) (65,9) 104
(66,8) (66,9) 78
(67,8) (67,9) 110
(68,8) (68,9) 128
(69,8) (69,9) 126
(70,8) (70,9) 153
(71,8) (71,9) 111
(72,8) (72,9) 168
(73,8) (73,9) 160
(74,8) (74,9) 100
(75,8) (75,9) 115
(76,8) (76,9) 125
(77,8) (77,9) 138
(78,8) (78,9) 97
(79,8) (79,9) 100
(80,8) (80,9) 146
(81,8) (81,9) 83
(82,8) (82,9) 134
(83,8) (83,9) 145
(84,8) (84,9) 153
(85,8) (85,9) 77
(86,8) (86,9) 85
(87,8) (87,9) 146
(88,8) (88,9) 109
(89,8) (89,9) 75
(90,8) (90,9) 145
(91,8) (91,9) 164
(92,8) (92,9) 132
(93,8) (93,9) 101
(94,8) (94,9) 109
(95,8) (95,9) 104
(96,8) (96,9) 131
(97,8) (97,9) 114
(98,8) (98,9) 135
(99,8) (99,9) 135
(100,8) (100,9) 114
(1,9) (1,10) 149
(2,9) (2,10) 150
(3,9) (3,10) 82
(4,9) (4,10) 100
(5,9) (5,10) 165
(6,9) (6,10) 133
(7,9) (7,10) 111
(8,9) (8,10) 170
(9,9) (9,10) 97
(10,9) (10,10) 127
(11,9) (11,10) 104
(12,9) (12,10) 152
(13,9) (13,10) 81
(14,9) (14,10) 155
(15,9) (15,10) 155
(16,9) (16,10) 116
(17,9) (17,10) 75
(18,9) (18,10) 120
(19,9) (19,10) 115
(20,9) (20,10) 76
(21,9) (21,10) 171
(22,9) (22,10) 119
(23,9) (23,10) 107
(24,9) (24,10) 120
(25,9) (25,10) 142
(26,9) (26,10) 106
(27,9) (27,10) 113
(28,9) (28,10) 105
(29,9) (29,10) 129
(30,9) (30,10) 153
(31,9) (31,10) 87
(32,9) (32,10) 85
(33,9) (33,10) 106
(34,9) (34,10) 168
(35,9) (35,10) 78
(36,9) (36,10) 162
(37,9) (37,10) 119
(38,9) (38,10) 91
(39,9) (39,10) 90
(40,9) (40,10) 174
(41,9) (41,10) 164
(42,9) (42,10) 119
(43,9) (43,10) 151
(44,9) (44,10) 133
(45,9) (45,10) 141
(46,9) (46,10) 102
(47,9) (47,10) 109
(48,9) (48,10) 151
(49,9) (49,10) 145
(50,9) (50,10) 114
(51,9) (51,10) 84
(52,9) (52,10) 166
(53,9) (53,10) 125
(54,9) (54,10) 151
(55,9) (55,10) 160
(56,9) (56,10) 145
(57,9) (57,10) 96
(58,9) (58,10) 90
(59,9) (59,10) 94
(60,9) (60,10) 87
(61,9) (61,10) 123
(62,9) (62,10) 87
(63,9) (63,10) 129
(64,9) (64,10) 89
(65,9) (65,10) 106
(66,9) (66,10) 159
(67,9) (67,10) 135
(68,9) (68,10) 154
(69,9) (69,10) 171
(70,9) (70,10) 159
(71,9) (71,10) 138
(72,9) (72,10) 76
(73,9) (73,10) 123
(74,9) (74,10) 152
(75,9) (75,10) 159
(76,9) (76,10) 173
(77,9) (77,10) 111
(78,9) (78,10) 108
(79,9) (79,10) 164
(80,9) (80,10) 118
(81,9) (81,10) 132
(82,9) (82,10) 107
(83,9) (83,10) 131
(84,9) (84,10) 149
(85,9) (85,10) 115
(86,9) (86,10) 159
(87,9) (87,10) 162
(88,9) (88,10) 166
(89,9) (89,10) 97
(90,9) (90,10) 166
(91,9) (91,10) 104
(92,9) (92,10) 174
(93,9) (93,10) 114
(94,9) (94,10) 161
(95,9) (95,10) 166
(96,9) (96,10) 119
(97,9) (97,10) 121
(98,9) (98,10) 83
(99,9) (99,10) 146
(100,9) (100,10) 172
(1,1) (2,1) 137
(2,1) (1,1) 92
(2,1) (3,1) 88
(3,1) (2,1) 169
(3,1) (4,1) 134
(4,1) (3,1) 116
(4,1) (5,1) 154
(5,1) (4,1) 145
(5,1) (6,1) 156
(6,1) (5,1) 96
(6,1) (7,1) 112
(7,1) (6,1) 76
(7,1) (8,1) 132
(8,1) (7,1) 167
(8,1) (9,1) 150
(9,1) (8,1) 116
(9,1) (10,1) 101
(10,1) (9,1) 158
(10,1) (11,1) 154
(11,1) (10,1) 96
(11,1) (12,1) 111
(12,1) (11,1) 106
(12,1) (13,1) 141
(13,1) (12,1) 86
(13,1) (14,1) 146
(14,1) (13,1) 76
(14,1) (15,1) 146
(15,1) (14,1) 170
(15,1) (16,1) 123
(16,1) (15,1) 171
(16,1) (17,1) 165
(17,1) (16,1) 128
(17,1) (18,1) 103
(18,1) (17,1) 94
(18,1) (19,1) 115
(19,1) (18,1) 133
(19,1) (20,1) 165
(20,1) (19,1) 113
(20,1) (21,1) 99
(21,1) (20,1) 167
(21,1) (22,1) 115
(22,1) (21,1) 122
(22,1) (23,1) 161
(23,1) (22,1) 94
(23,1) (24,1) 89
(24,1) (23,1) 161
(24,1) (25,1) 171
(25,1) (24,1) 154
(25,1) (26,1) 146
(26,1) (25,1) 161
(26,1) (27,1) 100
(27,1) (26,1) 110
(27,1) (28,1) 83
(28,1) (27,1) 114
(28,1) (29,1) 127
(29,1) (28,1) 88
(29,1) (30,1) 98
(30,1) (29,1) 83
(30,1) (31,1) 88
(31,1) (30,1) 135
(31,1) (32,1) 136
(32,1) (31,1) 76
(32,1) (33,1) 130
(33,1) (32,1) 78
(33,1) (34,1) 79
(34,1) (33,1) 78
(34,1) (35,1) 125
(35,1) (34,1) 83
(35,1) (36,1) 172
(36,1) (35,1) 96
(36,1) (37,1) 127
(37,1) (36,1) 172
(37,1) (38,1) 85
(38,1) (37,1) 107
(38,1) (39,1) 102
(39,1) (38,1) 171
(39,1) (40,1) 87
(40,1) (39,1) 134
(40,1) (41,1) 124
(41,1) (40,1) 169
(41,1) (42,1) 86
(42,1) (41,1) 151
(42,1) (43,1) 144
(43,1) (42,1) 161
(43,1) (44,1) 146
(44,1) (43,1) 85
(44,1) (45,1) 77
(45,1) (44,1) 110
(45,1) (46,1) 134
(46,1) (45,1) 166
(46,1) (47,1) 81
(47,1) (46,1) 134
(47,1) (48,1) 80
(48,1) (47,1) 118
(48,1) (49,1) 96
(49,1) (48,1) 75
(49,1) (50,1) 165
(50,1) (49,1) 135
(50,1) (51,1) 151
(51,1) (50,1) 103
(51,1) (52,1) 167
(52,1) (51,1) 113
(52,1) (53,1) 168
(53,1) (52,1) 109
(53,1) (54,1) 157
(54,1) (53,1) 173
(54,1) (55,1) 116
(55,1) (54,1) 84
(55,1) (56,1) 86
(56,1) (55,1) 134
(56,1) (57,1) 152
(57,1) (56,1) 80
(57,1) (58,1) 122
(58,1) (57,1) 104
(58,1) (59,1) 169
(59,1) (58,1) 140
(59,1) (60,1) 114
(60,1) (59,1) 152
(60,1) (61,1) 99
(61,1) (60,1) 137
(61,1) (62,1) 99
(62,1) (61,1) 113
(62,1) (63,1) 169
(63,1) (62,1) 170
(63,1) (64,1) 103
(64,1) (63,1) 165
(64,1) (65,1) 119
(65,1) (64,1) 173
(65,1) (66,1) 148
(66,1) (65,1) 93
(66,1) (67,1) 160
(67,1) (66,1) 166
(67,1) (68,1) 137
(68,1) (67,1) 152
(68,1) (69,1) 76
(69,1) (68,1) 96
(69,1) (70,1) 119
(70,1) (69,1) 90
(70,1) (71,1) 114
(71,1) (70,1) 120
(71,1) (72,1) 121
(72,1) (71,1) 109
(72,1) (73,1) 143
(73,1) (72,1) 135
(73,1) (74,1) 165
(74,1) (73,1) 140
(74,1) (75,1) 143
(75,1) (74,1) 168
(75,1) (76,1) 164
(76,1) (75,1) 75
(76,1) (77,1) 101
(77,1) (76,1) 146
(77,1) (78,1) 112
(78,1) (77,1) 81
(78,1) (79,1) 83
(79,1) (78,1) 147
(79,1) (80,1) 160
(80,1) (79,1) 125
(80,1) (81,1) 148
(81,1) (80,1) 149
(81,1) (82,1) 136
(82,1) (81,1) 120
(82,1) (83,1) 165
(83,1) (82,1) 156
(83,1) (84,1) 100
(84,1) (83,1) 80
(84,1) (85,1) 153
(85,1) (84,1) 167
(85,1) (86,1) 112
(86,1) (85,1) 174
(86,1) (87,1) 161
(87,1) (86,1) 164
(87,1) (88,1) 150
(88,1) (87,1) 86
(88,1) (89,1) 142
(89,1) (88,1) 113
(89,1) (90,1) 172
(90,1) (89,1) 147
(90,1) (91,1) 160
(91,1) (90,1) 156
(91,1) (92,1) 156
(92,1) (91,1) 154
(92,1) (93,1) 135
(93,1) (92,1) 143
(93,1) (94,1) 118
(94,1) (93,1) 125
(94,1) (95,1) 136
(95,1) (94,1) 139
(95,1) (96,1) 165
(96,1) (95,1) 157
(96,1) (97,1) 165
(97,1) (96,1) 156
(97,1) (98,1) 170
(98,1) (97,1) 137
(98,1) (99,1) 134
(99,1) (98,1) 168
(99,1) (100,1) 166
(100,1) (99,1) 142
(1,2) (2,2) 153
(2,2) (1,2) 172
(2,2) (3,2) 152
(3,2) (2,2) 168
(3,2) (4,2) 93
(4,2) (3,2) 127
(4,2) (5,2) 143
(5,2) (4,2) 142
(5,2) (6,2) 135
(6,2) (5,2) 152
(6,2) (7,2) 174
(7,2) (6,2) 166
(7,2) (8,2) 118
(8,2) (7,2) 105
(8,2) (9,2) 110
(9,2) (8,2) 149
(9,2) (10,2) 82
(10,2) (9,2) 94
(10,2) (11,2) 112
(11,2) (10,2) 117
(11,2) (12,2) 99
(12,2) (11,2) 127
(12,2) (13,2) 148
(13,2) (12,2) 162
(13,2) (14,2) 172
(14,2) (13,2) 156
(14,2) (15,2) 101
(15,2) (14,2) 115
(15,2) (16,2) 166
(16,2) (15,2) 127
(16,2) (17,2) 84
(17,2) (16,2) 106
(17,2) (18,2) 115
(18,2) (17,2) 157
(18,2) (19,2) 105
(19,2) (18,2) 119
(19,2) (20,2) 118
(20,2) (19,2) 86
(20,2) (21,2) 130
(21,2) (20,2) 93
(21,2) (22,2) 132
(22,2) (21,2) 131
(22,2) (23,2) 139
(23,2) (22,2) 128
(23,2) (24,2) 110
(24,2) (23,2) 174
(24,2) (25,2) 93
(25,2) (24,2) 167
(25,2) (26,2) 116
(26,2) (25,2) 165
(26,2) (27,2) 146
(27,2) (26,2) 102
(27,2) (28,2) 150
(28,2) (27,2) 149
(28,2) (29,2) 87
(29,2) (28,2) 76
(29,2) (30,2) 155
(30,2) (29,2) 106
(30,2) (31,2) 118
(31,2) (30,2) 174
(31,2) (32,2) 170
(32,2) (31,2) 160
(32,2) (33,2) 139
(33,2) (32,2) 152
(33,2) (34,2) 155
(34,2) (33,2) 148
(34,2) (35,2) 137
(35,2) (34,2) 118
(35,2) (36,2) 155
(36,2) (35,2) 153
(36,2) (37,2) 101
(37,2) (36,2) 123
(37,2) (38,2) 132
(38,2) (37,2) 130
(38,2) (39,2) 92
(39,2) (38,2) 158
(39,2) (40,2) 75
(40,2) (39,2) 152
(40,2) (41,2) 75
(41,2) (40,2) 153
(41,2) (42,2) 103
(42,2) (41,2) 110
(42,2) (43,2) 149
(43,2) (42,2) 95
(43,2) (44,2) 95
(44,2) (43,2) 157
(44,2) (45,2) 88
(45,2) (44,2) 143
(45,2) (46,2) 96
(46,2) (45,2) 127
(46,2) (47,2) 88
(47,2) (46,2) 135
(47,2) (48,2) 138
(48,2) (47,2) 108
(48,2) (49,2) 137
(49,2) (48,2) 171
(49,2) (50,2) 82
(50,2) (49,2) 91
(50,2) (51,2) 108
(51,2) (50,2) 162
(51,2) (52,2) 108
(52,2) (51,2) 171
(52,2) (53,2) 101
(53,2) (52,2) 92
(53,2) (54,2) 127
(54,2) (53,2) 145
(54,2) (55,2) 96
(55,2) (54,2) 131
(55,2) (56,2) 134
(56,2) (55,2) 131
(56,2) (57,2) 167
(57,2) (56,2) 163
(57,2) (58,2) 78
(58,2) (57,2) 147
(58,2) (59,2) 76
(59,2) (58,2) 172
(59,2) (60,2) 158
(60,2) (59,2) 82
(60,2) (61,2) 148
(61,2) (60,2) 154
(61,2) (62,2) 82
(62,2) (61,2) 105
(62,2) (63,2) 136
(63,2) (62,2) 153
(63,2) (64,2) 98
(64,2) (63,2) 78
(64,2) (65,2) 95
(65,2) (64,2) 153
(65,2) (66,2) 146
(66,2) (65,2) 112
(66,2) (67,2) 85
(67,2) (66,2) 165
(67,2) (68,2) 135
(68,2) (67,2) 172
(68,2) (69,2) 86
(69,2) (68,2) 171
(69,2) (70,2) 121
(70,2) (69,2) 108
(70,2) (71,2) 124
(71,2) (70,2) 99
(71,2) (72,2) 123
(72,2) (71,2) 174
(72,2) (73,2) 144
(73,2) (72,2) 173
(73,2) (74,2) 169
(74,2) (73,2) 146
(74,2) (75,2) 76
(75,2) (74,2) 90
(75,2) (76,2) 120
(76,2) (75,2) 173
(76,2) (77,2) 107
(77,2) (76,2) 154
(77,2) (78,2) 130
(78,2) (77,2) 154
(78,2) (79,2) 136
(79,2) (78,2) 120
(79,2) (80,2) 89
(80,2) (79,2) 91
(80,2) (81,2) 169
(81,2) (80,2) 144
(81,2) (82,2) 93
(82,2) (81,2) 105
(82,2) (83,2) 112
(83,2) (82,2) 78
(83,2) (84,2) 130
(84,2) (83,2) 173
(84,2) (85,2) 116
(85,2) (84,2) 121
(85,2) (86,2) 86
(86,2) (85,2) 111
(86,2) (87,2) 111
(87,2) (86,2) 166
(87,2) (88,2) 165
(88,2) (87,2) 165
(88,2) (89,2) 155
(89,2) (88,2) 126
(89,2) (90,2) 140
(90,2) (89,2) 174
(90,2) (91,2) 88
(91,2) (90,2) 75
(91,2) (92,2) 145
(92,2) (91,2) 77
(92,2) (93,2) 145
(93,2) (92,2) 76
(93,2) (94,2) 86
(94,2) (93,2) 76
(94,2) (95,2) 119
(95,2) (94,2) 88
(95,2) (96,2) 79
(96,2) (95,2) 126
(96,2) (97,2) 127
(97,2) (96,2) 76
(97,2) (98,2) 94
(98,2) (97,2) 133
(98,2) (99,2) 146
(99,2) (98,2) 153
(99,2) (100,2) 130
(100,2) (99,2) 86
(1,3) (2,3) 111
(2,3) (1,3) 90
(2,3) (3,3) 87
(3,3) (2,3) 118
(3,3) (4,3) 110
(4,3) (3,3) 172
(4,3) (5,3) 93
(5,3) (4,3) 81
(5,3) (6,3) 101
(6,3) (5,3) 119
(6,3) (7,3) 79
(7,3) (6,3) 102
(7,3) (8,3) 148
(8,3) (7,3) 113
(8,3) (9,3) 169
(9,3) (8,3) 103
(9,3) (10,3) 102
(10,3) (9,3) 173
(10,3) (11,3) 127
(11,3) (10,3) 77
(11,3) (12,3) 158
(12,3) (11,3) 170
(12,3) (13,3) 106
(13,3) (12,3) 84
(13,3) (14,3) 164
(14,3) (13,3) 127
(14,3) (15,3) 112
(15,3) (14,3) 95
(15,3) (16,3) 146
(16,3) (15,3) 115
(16,3) (17,3) 174
(17,3) (16,3) 102
(17,3) (18,3) 99
(18,3) (17,3) 90
(18,3) (19,3) 90
(19,3) (18,3) 105
(19,3) (20,3) 135
(20,3) (19,3) 106
(20,3) (21,3) 151
(21,3) (20,3) 98
(21,3) (22,3) 156
(22,3) (21,3) 76
(22,3) (23,3) 119
(23,3) (22,3) 168
(23,3) (24,3) 89
(24,3) (23,3) 119
(24,3) (25,3) 119
(25,3) (24,3) 131
(25,3) (26,3) 158
(26,3) (25,3) 148
(26,3) (27,3) 146
(27,3) (26,3) 87
(27,3) (28,3) 127
(28,3) (27,3) 153
(28,3) (29,3) 96
(29,3) (28,3) 136
(29,3) (30,3) 122
(30,3) (29,3) 156
(30,3) (31,3) 114
(31,3) (30,3) 93
(31,3) (32,3) 128
(32,3) (31,3) 91
(32,3) (33,3) 115
(33,3) (32,3) 158
(33,3) (34,3) 76
(34,3) (33,3) 124
(34,3) (35,3) 149
(35,3) (34,3) 116
(35,3) (36,3) 89
(36,3) (35,3) 147
(36,3) (37,3) 114
(37,3) (36,3) 131
(37,3) (38,3) 125
(38,3) (37,3) 109
(38,3) (39,3) 75
(39,3) (38,3) 147
(39,3) (40,3) 90
(40,3) (39,3) 166
(40,3) (41,3) 112
(41,3) (40,3) 79
(41,3) (42,3) 128
(42,3) (41,3) 123
(42,3) (43,3) 126
(43,3) (42,3) 104
(43,3) (44,3) 170
(44,3) (43,3) 93
(44,3) (45,3) 129
(45,3) (44,3) 167
(45,3) (46,3) 95
(46,3) (45,3) 150
(46,3) (47,3) 121
(47,3) (46,3) 114
(47,3) (48,3) 77
(48,3) (47,3) 137
(48,3) (49,3) 173
(49,3) (48,3) 109
(49,3) (50,3) 106
(50,3) (49,3) 130
(50,3) (51,3) 107
(51,3) (50,3) 163
(51,3) (52,3) 101
(52,3) (51,3) 96
(52,3) (53,3) 119
(53,3) (52,3) 141
(53,3) (54,3) 124
(54,3) (53,3) 170
(54,3) (55,3) 147
(55,3) (54,3) 78
(55,3) (56,3) 120
(56,3) (55,3) 77
(56,3) (57,3) 76
(57,3) (56,3) 162
(57,3) (58,3) 122
(58,3) (57,3) 111
(58,3) (59,3) 107
(59,3) (58,3) 159
(59,3) (60,3) 90
(60,3) (59,3) 135
(60,3) (61,3) 111
(61,3) (60,3) 153
(61,3) (62,3) 129
(62,3) (61,3) 126
(62,3) (63,3) 126
(63,3) (62,3) 98
(63,3) (64,3) 117
(64,3) (63,3) 118
(64,3) (65,3) 163
(65,3) (64,3) 147
(65,3) (66,3) 124
(66,3) (65,3) 102
(66,3) (67,3) 156
(67,3) (66,3) 127
(67,3) (68,3) 77
(68,3) (67,3) 95
(68,3) (69,3) 170
(69,3) (68,3) 87
(69,3) (70,3) 141
(70,3) (69,3) 134
(70,3) (71,3) 75
(71,3) (70,3) 155
(71,3) (72,3) 138
(72,3) (71,3) 92
(72,3) (73,3) 78
(73,3) (72,3) 106
(73,3) (74,3) 114
(74,3) (73,3) 168
(74,3) (75,3) 141
(75,3) (74,3) 119
(75,3) (76,3) 143
(76,3) (75,3) 78
(76,3) (77,3) 95
(77,3) (76,3) 141
(77,3) (78,3) 174
(78,3) (77,3) 119
(78,3) (79,3) 86
(79,3) (78,3) 120
(79,3) (80,3) 102
(80,3) (79,3) 96
(80,3) (81,3) 166
(81,3) (80,3) 126
(81,3) (82,3) 152
(82,3) (81,3) 152
(82,3) (83,3) 128
(83,3) (82,3) 122
(83,3) (84,3) 133
(84,3) (83,3) 118
(84,3) (85,3) 106
(85,3) (84,3) 146
(85,3) (86,3) 88
(86,3) (85,3) 118
(86,3) (87,3) 147
(87,3) (86,3) 113
(87,3) (88,3) 172
(88,3) (87,3) 147
(88,3) (89,3) 111
(89,3) (88,3) 139
(89,3) (90,3) 78
(90,3) (89,3) 94
(90,3) (91,3) 140
(91,3) (90,3) 150
(91,3) (92,3) 82
(92,3) (91,3) 158
(92,3) (93,3) 80
(93,3) (92,3) 167
(93,3) (94,3) 75
(94,3) (93,3) 87
(94,3) (95,3) 124
(95,3) (94,3) 138
(95,3) (96,3) 107
(96,3) (95,3) 165
(96,3) (97,3) 86
(97,3) (96,3) 119
(97,3) (98,3) 144
(98,3) (97,3) 158
(98,3) (99,3) 116
(99,3) (98,3) 93
(99,3) (100,3) 112
(100,3) (99,3) 165
(1,4) (2,4) 144
(2,4) (1,4) 77
(2,4) (3,4) 136
(3,4) (2,4) 110
(3,4) (4,4) 139
(4,4) (3,4) 92
(4,4) (5,4) 83
(5,4) (4,4) 163
(5,4) (6,4) 170
(6,4) (5,4) 138
(6,4) (7,4) 136
(7,4) (6,4) 93
(7,4) (8,4) 165
(8,4) (7,4) 79
(8,4) (9,4) 154
(9,4) (8,4) 155
(9,4) (10,4) 128
(10,4) (9,4) 164
(10,4) (11,4) 157
(11,4) (10,4) 148
(11,4) (12,4) 171
(12,4) (11,4) 167
(12,4) (13,4) 173
(13,4) (12,4) 101
(13,4) (14,4) 150
(14,4) (13,4) 93
(14,4) (15,4) 105
(15,4) (14,4) 174
(15,4) (16,4) 118
(16,4) (15,4) 84
(16,4) (17,4) 166
(17,4) (16,4) 166
(17,4) (18,4) 88
(18,4) (17,4) 93
(18,4) (19,4) 167
(19,4) (18,4) 150
(19,4) (20,4) 127
(20,4) (19,4) 88
(20,4) (21,4) 123
(21,4) (20,4) 155
(21,4) (22,4) 124
(22,4) (21,4) 119
(22,4) (23,4) 117
(23,4) (22,4) 148
(23,4) (24,4) 143
(24,4) (23,4) 94
(24,4) (25,4) 163
(25,4) (24,4) 114
(25,4) (26,4) 80
(26,4) (25,4) 120
(26,4) (27,4) 110
(27,4) (26,4) 131
(27,4) (28,4) 162
(28,4) (27,4) 171
(28,4) (29,4) 90
(29,4) (28,4) 146
(29,4) (30,4) 83
(30,4) (29,4) 162
(30,4) (31,4) 139
(31,4) (30,4) 102
(31,4) (32,4) 164
(32,4) (31,4) 143
(32,4) (33,4) 152
(33,4) (32,4) 155
(33,4) (34,4) 149
(34,4) (33,4) 85
(34,4) (35,4) 127
(35,4) (34,4) 77
(35,4) (36,4) 100
(36,4) (35,4) 77
(36,4) (37,4) 142
(37,4) (36,4) 107
(37,4) (38,4) 157
(38,4) (37,4) 77
(38,4) (39,4) 94
(39,4) (38,4) 120
(39,4) (40,4) 93
(40,4) (39,4) 90
(40,4) (41,4) 110
(41,4) (40,4) 98
(41,4) (42,4) 96
(42,4) (41,4) 166
(42,4) (43,4) 107
(43,4) (42,4) 80
(43,4) (44,4) 110
(44,4) (43,4) 126
(44,4) (45,4) 110
(45,4) (44,4) 118
(45,4) (46,4) 129
(46,4) (45,4) 110
(46,4) (47,4) 174
(47,4) (46,4) 147
(47,4) (48,4) 169
(48,4) (47,4) 91
(48,4) (49,4) 137
(49,4) (48,4) 87
(49,4) (50,4) 140
(50,4) (49,4) 162
(50,4) (51,4) 102
(51,4) (50,4) 101
(51,4) (52,4) 89
(52,4) (51,4) 91
(52,4) (53,4) 162
(53,4) (52,4) 172
(53,4) (54,4) 136
(54,4) (53,4) 93
(54,4) (55,4) 101
(55,4) (54,4) 117
(55,4) (56,4) 77
(56,4) (55,4) 145
(56,4) (57,4) 78
(57,4) (56,4) 155
(57,4) (58,4) 159
(58,4) (57,4) 118
(58,4) (59,4) 92
(59,4) (58,4) 87
(59,4) (60,4) 100
(60,4) (59,4) 104
(60,4) (61,4) 83
(61,4) (60,4) 100
(61,4) (62,4) 103
(62,4) (61,4) 154
(62,4) (63,4) 106
(63,4) (62,4) 172
(63,4) (64,4) 157
(64,4) (63,4) 130
(64,4) (65,4) 93
(65,4) (64,4) 78
(65,4) (66,4) 148
(66,4) (65,4) 83
(66,4) (67,4) 118
(67,4) (66,4) 120
(67,4) (68,4) 142
(68,4) (67,4) 98
(68,4) (69,4) 171
(69,4) (68,4) 113
(69,4) (70,4) 87
(70,4) (69,4) 86
(70,4) (71,4) 162
(71,4) (70,4) 122
(71,4) (72,4) 102
(72,4) (71,4) 86
(72,4) (73,4) 124
(73,4) (72,4) 117
(73,4) (74,4) 94
(74,4) (73,4) 113
(74,4) (75,4) 124
(75,4) (74,4) 147
(75,4) (76,4) 113
(76,4) (75,4) 81
(76,4) (77,4) 108
(77,4) (76,4) 161
(77,4) (78,4) 138
(78,4) (77,4) 93
(78,4) (79,4) 79
(79,4) (78,4) 160
(79,4) (80,4) 128
(80,4) (79,4) 114
(80,4) (81,4) 125
(81,4) (80,4) 93
(81,4) (82,4) 99
(82,4) (81,4) 97
(82,4) (83,4) 101
(83,4) (82,4) 163
(83,4) (84,4) 135
(84,4) (83,4) 154
(84,4) (85,4) 124
(85,4) (84,4) 86
(85,4) (86,4) 127
(86,4) (85,4) 104
(86,4) (87,4) 135
(87,4) (86,4) 109
(87,4) (88,4) 97
(88,4) (87,4) 149
(88,4) (89,4) 123
(89,4) (88,4) 153
(89,4) (90,4) 129
(90,4) (89,4) 167
(90,4) (91,4) 161
(91,4) (90,4) 106
(91,4) (92,4) 107
(92,4) (91,4) 105
(92,4) (93,4) 130
(93,4) (92,4) 148
(93,4) (94,4) 113
(94,4) (93,4) 172
(94,4) (95,4) 81
(95,4) (94,4) 170
(95,4) (96,4) 126
(96,4) (95,4) 113
(96,4) (97,4) 153
(97,4) (96,4) 107
(97,4) (98,4) 115
(98,4) (97,4) 144
(98,4) (99,4) 77
(99,4) (98,4) 137
(99,4) (100,4) 100
(100,4) (99,4) 147
(1,5) (2,5) 157
(2,5) (1,5) 79
(2,5) (3,5) 87
(3,5) (2,5) 97
(3,5) (4,5) 107
(4,5) (3,5) 104
(4,5) (5,5) 96
(5,5) (4,5) 82
(5,5) (6,5) 116
(6,5) (5,5) 122
(6,5) (7,5) 123
(7,5) (6,5) 103
(7,5) (8,5) 142
(8,5) (7,5) 110
(8,5) (9,5) 76
(9,5) (8,5) 100
(9,5) (10,5) 123
(10,5) (9,5) 113
(10,5) (11,5) 166
(11,5) (10,5) 151
(11,5) (12,5) 124
(12,5) (11,5) 83
(12,5) (13,5) 128
(13,5) (12,5) 88
(13,5) (14,5) 119
(14,5) (13,5) 164
(14,5) (15,5) 80
(15,5) (14,5) 107
(15,5) (16,5) 147
(16,5) (15,5) 96
(16,5) (17,5) 162
(17,5) (16,5) 101
(17,5) (18,5) 131
(18,5) (17,5) 165
(18,5) (19,5) 133
(19,5) (18,5) 122
(19,5) (20,5) 118
(20,5) (19,5) 88
(20,5) (21,5) 157
(21,5) (20,5) 117
(21,5) (22,5) 166
(22,5) (21,5) 113
(22,5) (23,5) 89
(23,5) (22,5) 150
(23,5) (24,5) 106
(24,5) (23,5) 91
(24,5) (25,5) 87
(25,5) (24,5) 118
(25,5) (26,5) 147
(26,5) (25,5) 116
(26,5) (27,5) 147
(27,5) (26,5) 89
(27,5) (28,5) 143
(28,5) (27,5) 151
(28,5) (29,5) 97
(29,5) (28,5) 116
(29,5) (30,5) 157
(30,5) (29,5) 105
(30,5) (31,5) 75
(31,5) (30,5) 110
(31,5) (32,5) 119
(32,5) (31,5) 106
(32,5) (33,5) 75
(33,5) (32,5) 156
(33,5) (34,5) 173
(34,5) (33,5) 111
(34,5) (35,5) 150
(35,5) (34,5) 150
(35,5) (36,5) 91
(36,5) (35,5) 149
(36,5) (37,5) 162
(37,5) (36,5) 118
(37,5) (38,5) 165
(38,5) (37,5) 100
(38,5) (39,5) 86
(39,5) (38,5) 147
(39,5) (40,5) 75
(40,5) (39,5) 87
(40,5) (41,5) 172
(41,5) (40,5) 95
(41,5) (42,5) 148
(42,5) (41,5) 153
(42,5) (43,5) 112
(43,5) (42,5) 114
(43,5) (44,5) 132
(44,5) (43,5) 166
(44,5) (45,5) 88
(45,5) (44,5) 143
(45,5) (46,5) 83
(46,5) (45,5) 140
(46,5) (47,5) 76
(47,5) (46,5) 94
(47,5) (48,5) 125
(48,5) (47,5) 96
(48,5) (49,5) 141
(49,5) (48,5) 80
(49,5) (50,5) 83
(50,5) (49,5) 81
(50,5) (51,5) 153
(51,5) (50,5) 134
(51,5) (52,5) 84
(52,5) (51,5) 118
(52,5) (53,5) 165
(53,5) (52,5) 117
(53,5) (54,5) 142
(54,5) (53,5) 165
(54,5) (55,5) 103
(55,5) (54,5) 135
(55,5) (56,5) 103
(56,5) (55,5) 116
(56,5) (57,5) 112
(57,5) (56,5) 135
(57,5) (58,5) 157
(58,5) (57,5) 117
(58,5) (59,5) 146
(59,5) (58,5) 127
(59,5) (60,5) 89
(60,5) (59,5) 171
(60,5) (61,5) 159
(61,5) (60,5) 143
(61,5) (62,5) 144
(62,5) (61,5) 103
(62,5) (63,5) 87
(63,5) (62,5) 119
(63,5) (64,5) 124
(64,5) (63,5) 153
(64,5) (65,5) 155
(65,5) (64,5) 113
(65,5) (66,5) 174
(66,5) (65,5) 79
(66,5) (67,5) 171
(67,5) (66,5) 89
(67,5) (68,5) 127
(68,5) (67,5) 169
(68,5) (69,5) 85
(69,5) (68,5) 98
(69,5) (70,5) 80
(70,5) (69,5) 151
(70,5) (71,5) 108
(71,5) (70,5) 138
(71,5) (72,5) 95
(72,5) (71,5) 143
(72,5) (73,5) 117
(73,5) (72,5) 162
(73,5) (74,5) 87
(74,5) (73,5) 91
(74,5) (75,5) 125
(75,5) (74,5) 148
(75,5) (76,5) 100
(76,5) (75,5) 91
(76,5) (77,5) 174
(77,5) (76,5) 110
(77,5) (78,5) 96
(78,5) (77,5) 150
(78,5) (79,5) 159
(79,5) (78,5) 144
(79,5) (80,5) 142
(80,5) (79,5) 87
(80,5) (81,5) 85
(81,5) (80,5) 95
(81,5) (82,5) 158
(82,5) (81,5) 166
(82,5) (83,5) 168
(83,5) (82,5) 89
(83,5) (84,5) 121
(84,5) (83,5) 128
(84,5) (85,5) 123
(85,5) (84,5) 117
(85,5) (86,5) 139
(86,5) (85,5) 95
(86,5) (87,5) 145
(87,5) (86,5) 142
(87,5) (88,5) 159
(88,5) (87,5) 164
(88,5) (89,5) 109
(89,5) (88,5) 145
(89,5) (90,5) 164
(90,5) (89,5) 152
(90,5) (91,5) 173
(91,5) (90,5) 164
(91,5) (92,5) 103
(92,5) (91,5) 106
(92,5) (93,5) 167
(93,5) (92,5) 166
(93,5) (94,5) 132
(94,5) (93,5) 159
(94,5) (95,5) 169
(95,5) (94,5) 98
(95,5) (96,5) 82
(96,5) (95,5) 156
(96,5) (97,5) 99
(97,5) (96,5) 127
(97,5) (98,5) 137
(98,5) (97,5) 141
(98,5) (99,5) 107
(99,5) (98,5) 114
(99,5) (100,5) 155
(100,5) (99,5) 75
(1,6) (2,6) 137
(2,6) (1,6) 154
(2,6) (3,6) 80
(3,6) (2,6) 96
(3,6) (4,6) 97
(4,6) (3,6) 118
(4,6) (5,6) 103
(5,6) (4,6) 171
(5,6) (6,6) 146
(6,6) (5,6) 130
(6,6) (7,6) 144
(7,6) (6,6) 75
(7,6) (8,6) 141
(8,6) (7,6) 136
(8,6) (9,6) 107
(9,6) (8,6) 148
(9,6) (10,6) 159
(10,6) (9,6) 166
(10,6) (11,6) 147
(11,6) (10,6) 120
(11,6) (12,6) 132
(12,6) (11,6) 116
(12,6) (13,6) 131
(13,6) (12,6) 113
(13,6) (14,6) 153
(14,6) (13,6) 115
(14,6) (15,6) 150
(15,6) (14,6) 101
(15,6) (16,6) 81
(16,6) (15,6) 117
(16,6) (17,6) 159
(17,6) (16,6) 136
(17,6) (18,6) 140
(18,6) (17,6) 113
(18,6) (19,6) 135
(19,6) (18,6) 162
(19,6) (20,6) 145
(20,6) (19,6) 172
(20,6) (21,6) 127
(21,6) (20,6) 84
(21,6) (22,6) 134
(22,6) (21,6) 174
(22,6) (23,6) 109
(23,6) (22,6) 156
(23,6) (24,6) 138
(24,6) (23,6) 95
(24,6) (25,6) 164
(25,6) (24,6) 81
(25,6) (26,6) 131
(26,6) (25,6) 105
(26,6) (27,6) 146
(27,6) (26,6) 104
(27,6) (28,6) 97
(28,6) (27,6) 170
(28,6) (29,6) 83
(29,6) (28,6) 146
(29,6) (30,6) 140
(30,6) (29,6) 152
(30,6) (31,6) 90
(31,6) (30,6) 92
(31,6) (32,6) 82
(32,6) (31,6) 101
(32,6) (33,6) 166
(33,6) (32,6) 166
(33,6) (34,6) 113
(34,6) (33,6) 158
(34,6) (35,6) 147
(35,6) (34,6) 173
(35,6) (36,6) 136
(36,6) (35,6) 164
(36,6) (37,6) 171
(37,6) (36,6) 110
(37,6) (38,6) 156
(38,6) (37,6) 114
(38,6) (39,6) 170
(39,6) (38,6) 155
(39,6) (40,6) 87
(40,6) (39,6) 133
(40,6) (41,6) 142
(41,6) (40,6) 116
(41,6) (42,6) 78
(42,6) (41,6) 129
(42,6) (43,6) 96
(43,6) (42,6) 100
(43,6) (44,6) 164
(44,6) (43,6) 114
(44,6) (45,6) 156
(45,6) (44,6) 155
(45,6) (46,6) 138
(46,6) (45,6) 75
(46,6) (47,6) 103
(47,6) (46,6) 100
(47,6) (48,6) 161
(48,6) (47,6) 103
(48,6) (49,6) 144
(49,6) (48,6) 88
(49,6) (50,6) 119
(50,6) (49,6) 142
(50,6) (51,6) 148
(51,6) (50,6) 114
(51,6) (52,6) 111
(52,6) (51,6) 139
(52,6) (53,6) 131
(53,6) (52,6) 142
(53,6) (54,6) 125
(54,6) (53,6) 172
(54,6) (55,6) 164
(55,6) (54,6) 132
(55,6) (56,6) 129
(56,6) (55,6) 108
(56,6) (57,6) 93
(57,6) (56,6) 106
(57,6) (58,6) 99
(58,6) (57,6) 141
(58,6) (59,6) 113
(59,6) (58,6) 123
(59,6) (60,6) 108
(60,6) (59,6) 125
(60,6) (61,6) 95
(61,6) (60,6) 119
(61,6) (62,6) 141
(62,6) (61,6) 98
(62,6) (63,6) 160
(63,6) (62,6) 88
(63,6) (64,6) 167
(64,6) (63,6) 143
(64,6) (65,6) 120
(65,6) (64,6) 159
(65,6) (66,6) 146
(66,6) (65,6) 163
(66,6) (67,6) 166
(67,6) (66,6) 83
(67,6) (68,6) 130
(68,6) (67,6) 81
(68,6) (69,6) 103
(69,6) (68,6) 160
(69,6) (70,6) 103
(70,6) (69,6) 89
(70,6) (71,6) 137
(71,6) (70,6) 104
(71,6) (72,6) 156
(72,6) (71,6) 125
(72,6) (73,6) 137
(73,6) (72,6) 115
(73,6) (74,6) 108
(74,6) (73,6) 173
(74,6) (75,6) 98
(75,6) (74,6) 121
(75,6) (76,6) 131
(76,6) (75,6) 158
(76,6) (77,6) 84
(77,6) (76,6) 147
(77,6) (78,6) 112
(78,6) (77,6) 162
(78,6) (79,6) 86
(79,6) (78,6) 173
(79,6) (80,6) 148
(80,6) (79,6) 128
(80,6) (81,6) 152
(81,6) (80,6) 103
(81,6) (82,6) 122
(82,6) (81,6) 130
(82,6) (83,6) 94
(83,6) (82,6) 119
(83,6) (84,6) 113
(84,6) (83,6) 81
(84,6) (85,6) 142
(85,6) (84,6) 167
(85,6) (86,6) 96
(86,6) (85,6) 170
(86,6) (87,6) 169
(87,6) (86,6) 78
(87,6) (88,6) 76
(88,6) (87,6) 91
(88,6) (89,6) 121
(89,6) (88,6) 82
(89,6) (90,6) 173
(90,6) (89,6) 84
(90,6) (91,6) 110
(91,6) (90,6) 90
(91,6) (92,6) 126
(92,6) (91,6) 95
(92,6) (93,6) 75
(93,6) (92,6) 171
(93,6) (94,6) 79
(94,6) (93,6) 168
(94,6) (95,6) 88
(95,6) (94,6) 137
(95,6) (96,6) 79
(96,6) (95,6) 131
(96,6) (97,6) 127
(97,6) (96,6) 103
(97,6) (98,6) 119
(98,6) (97,6) 95
(98,6) (99,6) 112
(99,6) (98,6) 111
(99,6) (100,6) 119
(100,6) (99,6) 115
(1,7) (2,7) 146
(2,7) (1,7) 113
(2,7) (3,7) 170
(3,7) (2,7) 133
(3,7) (4,7) 163
(4,7) (3,7) 115
(4,7) (5,7) 84
(5,7) (4,7) 148
(5,7) (6,7) 119
(6,7) (5,7) 109
(6,7) (7,7) 84
(7,7) (6,7) 96
(7,7) (8,7) 134
(8,7) (7,7) 154
(8,7) (9,7) 160
(9,7) (8,7) 116
(9,7) (10,7) 116
(10,7) (9,7) 167
(10,7) (11,7) 171
(11,7) (10,7) 90
(11,7) (12,7) 131
(12,7) (11,7) 86
(12,7) (13,7) 125
(13,7) (12,7) 163
(13,7) (14,7) 104
(14,7) (13,7) 88
(14,7) (15,7) 98
(15,7) (14,7) 143
(15,7) (16,7) 75
(16,7) (15,7) 161
(16,7) (17,7) 160
(17,7) (16,7) 164
(17,7) (18,7) 141
(18,7) (17,7) 120
(18,7) (19,7) 83
(19,7) (18,7) 80
(19,7) (20,7) 99
(20,7) (19,7) 81
(20,7) (21,7) 97
(21,7) (20,7) 164
(21,7) (22,7) 129
(22,7) (21,7) 170
(22,7) (23,7) 103
(23,7) (22,7) 144
(23,7) (24,7) 85
(24,7) (23,7) 158
(24,7) (25,7) 83
(25,7) (24,7) 150
(25,7) (26,7) 131
(26,7) (25,7) 135
(26,7) (27,7) 166
(27,7) (26,7) 138
(27,7) (28,7) 102
(28,7) (27,7) 96
(28,7) (29,7) 118
(29,7) (28,7) 168
(29,7) (30,7) 97
(30,7) (29,7) 99
(30,7) (31,7) 149
(31,7) (30,7) 160
(31,7) (32,7) 75
(32,7) (31,7) 140
(32,7) (33,7) 142
(33,7) (32,7) 168
(33,7) (34,7) 172
(34,7) (33,7) 153
(34,7) (35,7) 94
(35,7) (34,7) 161
(35,7) (36,7) 146
(36,7) (35,7) 102
(36,7) (37,7) 142
(37,7) (36,7) 76
(37,7) (38,7) 77
(38,7) (37,7) 130
(38,7) (39,7) 172
(39,7) (38,7) 112
(39,7) (40,7) 111
(40,7) (39,7) 157
(40,7) (41,7) 144
(41,7) (40,7) 160
(41,7) (42,7) 80
(42,7) (41,7) 82
(42,7) (43,7) 158
(43,7) (42,7) 170
(43,7) (44,7) 141
(44,7) (43,7) 153
(44,7) (45,7) 161
(45,7) (44,7) 135
(45,7) (46,7) 140
(46,7) (45,7) 117
(46,7) (47,7) 170
(47,7) (46,7) 96
(47,7) (48,7) 148
(48,7) (47,7) 144
(48,7) (49,7) 75
(49,7) (48,7) 126
(49,7) (50,7) 168
(50,7) (49,7) 107
(50,7) (51,7) 143
(51,7) (50,7) 98
(51,7) (52,7) 131
(52,7) (51,7) 129
(52,7) (53,7) 128
(53,7) (52,7) 167
(53,7) (54,7) 77
(54,7) (53,7) 109
(54,7) (55,7) 137
(55,7) (54,7) 84
(55,7) (56,7) 133
(56,7) (55,7) 128
(56,7) (57,7) 78
(57,7) (56,7) 103
(57,7) (58,7) 90
(58,7) (57,7) 89
(58,7) (59,7) 161
(59,7) (58,7) 136
(59,7) (60,7) 101
(60,7) (59,7) 79
(60,7) (61,7) 151
(61,7) (60,7) 144
(61,7) (62,7) 98
(62,7) (61,7) 173
(62,7) (63,7) 132
(63,7) (62,7) 113
(63,7) (64,7) 147
(64,7) (63,7) 150
(64,7) (65,7) 136
(65,7) (64,7) 91
(65,7) (66,7) 171
(66,7) (65,7) 164
(66,7) (67,7) 151
(67,7) (66,7) 141
(67,7) (68,7) 170
(68,7) (67,7) 107
(68,7) (69,7) 95
(69,7) (68,7) 166
(69,7) (70,7) 126
(70,7) (69,7) 163
(70,7) (71,7) 153
(71,7) (70,7) 92
(71,7) (72,7) 126
(72,7) (71,7) 90
(72,7) (73,7) 170
(73,7) (72,7) 127
(73,7) (74,7) 91
(74,7) (73,7) 112
(74,7) (75,7) 97
(75,7) (74,7) 98
(75,7) (76,7) 117
(76,7) (75,7) 157
(76,7) (77,7) 91
(77,7) (76,7) 110
(77,7) (78,7) 160
(78,7) (77,7) 110
(78,7) (79,7) 83
(79,7) (78,7) 128
(79,7) (80,7) 100
(80,7) (79,7) 160
(80,7) (81,7) 140
(81,7) (80,7) 102
(81,7) (82,7) 98
(82,7) (81,7) 90
(82,7) (83,7) 84
(83,7) (82,7) 172
(83,7) (84,7) 172
(84,7) (83,7) 131
(84,7) (85,7) 166
(85,7) (84,7) 169
(85,7) (86,7) 77
(86,7) (85,7) 163
(86,7) (87,7) 100
(87,7) (86,7) 168
(87,7) (88,7) 91
(88,7) (87,7) 167
(88,7) (89,7) 76
(89,7) (88,7) 131
(89,7) (90,7) 101
(90,7) (89,7) 75
(90,7) (91,7) 125
(91,7) (90,7) 138
(91,7) (92,7) 162
(92,7) (91,7) 88
(92,7) (93,7) 119
(93,7) (92,7) 158
(93,7) (94,7) 76
(94,7) (93,7) 79
(94,7) (95,7) 147
(95,7) (94,7) 94
(95,7) (96,7) 142
(96,7) (95,7) 157
(96,7) (97,7) 168
(97,7) (96,7) 168
(97,7) (98,7) 153
(98,7) (97,7) 142
(98,7) (99,7) 112
(99,7) (98,7) 117
(99,7) (100,7) 125
(100,7) (99,7) 85
(1,8) (2,8) 170
(2,8) (1,8) 127
(2,8) (3,8) 112
(3,8) (2,8) 138
(3,8) (4,8) 167
(4,8) (3,8) 84
(4,8) (5,8) 79
(5,8) (4,8) 143
(5,8) (6,8) 111
(6,8) (5,8) 83
(6,8) (7,8) 126
(7,8) (6,8) 101
(7,8) (8,8) 82
(8,8) (7,8) 103
(8,8) (9,8) 171
(9,8) (8,8) 86
(9,8) (10,8) 96
(10,8) (9,8) 75
(10,8) (11,8) 79
(11,8) (10,8) 89
(11,8) (12,8) 169
(12,8) (11,8) 157
(12,8) (13,8) 137
(13,8) (12,8) 130
(13,8) (14,8) 92
(14,8) (13,8) 80
(14,8) (15,8) 131
(15,8) (14,8) 112
(15,8) (16,8) 98
(16,8) (15,8) 126
(16,8) (17,8) 119
(17,8) (16,8) 101
(17,8) (18,8) 111
(18,8) (17,8) 76
(18,8) (19,8) 95
(19,8) (18,8) 124
(19,8) (20,8) 156
(20,8) (19,8) 76
(20,8) (21,8) 86
(21,8) (20,8) 138
(21,8) (22,8) 124
(22,8) (21,8) 96
(22,8) (23,8) 172
(23,8) (22,8) 171
(23,8) (24,8) 94
(24,8) (23,8) 168
(24,8) (25,8) 88
(25,8) (24,8) 89
(25,8) (26,8) 145
(26,8) (25,8) 118
(26,8) (27,8) 145
(27,8) (26,8) 96
(27,8) (28,8) 79
(28,8) (27,8) 127
(28,8) (29,8) 158
(29,8) (28,8) 141
(29,8) (30,8) 111
(30,8) (29,8) 83
(30,8) (31,8) 118
(31,8) (30,8) 136
(31,8) (32,8) 153
(32,8) (31,8) 138
(32,8) (33,8) 120
(33,8) (32,8) 96
(33,8) (34,8) 81
(34,8) (33,8) 126
(34,8) (35,8) 88
(35,8) (34,8) 101
(35,8) (36,8) 125
(36,8) (35,8) 80
(36,8) (37,8) 165
(37,8) (36,8) 133
(37,8) (38,8) 119
(38,8) (37,8) 82
(38,8) (39,8) 148
(39,8) (38,8) 97
(39,8) (40,8) 126
(40,8) (39,8) 107
(40,8) (41,8) 82
(41,8) (40,8) 169
(41,8) (42,8) 100
(42,8) (41,8) 135
(42,8) (43,8) 141
(43,8) (42,8) 135
(43,8) (44,8) 119
(44,8) (43,8) 163
(44,8) (45,8) 128
(45,8) (44,8) 137
(45,8) (46,8) 102
(46,8) (45,8) 173
(46,8) (47,8) 137
(47,8) (46,8) 85
(47,8) (48,8) 92
(48,8) (47,8) 148
(48,8) (49,8) 152
(49,8) (48,8) 149
(49,8) (50,8) 83
(50,8) (49,8) 122
(50,8) (51,8) 98
(51,8) (50,8) 172
(51,8) (52,8) 104
(52,8) (51,8) 96
(52,8) (53,8) 107
(53,8) (52,8) 159
(53,8) (54,8) 99
(54,8) (53,8) 152
(54,8) (55,8) 94
(55,8) (54,8) 91
(55,8) (56,8) 167
(56,8) (55,8) 123
(56,8) (57,8) 96
(57,8) (56,8) 124
(57,8) (58,8) 126
(58,8) (57,8) 145
(58,8) (59,8) 125
(59,8) (58,8) 104
(59,8) (60,8) 96
(60,8) (59,8) 116
(60,8) (61,8) 107
(61,8) (60,8) 102
(61,8) (62,8) 157
(62,8) (61,8) 144
(62,8) (63,8) 131
(63,8) (62,8) 84
(63,8) (64,8) 144
(64,8) (63,8) 162
(64,8) (65,8) 90
(65,8) (64,8) 92
(65,8) (66,8) 125
(66,8) (65,8) 90
(66,8) (67,8) 149
(67,8) (66,8) 166
(67,8) (68,8) 135
(68,8) (67,8) 100
(68,8) (69,8) 173
(69,8) (68,8) 101
(69,8) (70,8) 141
(70,8) (69,8) 135
(70,8) (71,8) 154
(71,8) (70,8) 165
(71,8) (72,8) 140
(72,8) (71,8) 115
(72,8) (73,8) 151
(73,8) (72,8) 132
(73,8) (74,8) 75
(74,8) (73,8) 84
(74,8) (75,8) 152
(75,8) (74,8) 121
(75,8) (76,8) 130
(76,8) (75,8) 156
(76,8) (77,8) 132
(77,8) (76,8) 84
(77,8) (78,8) 91
(78,8) (77,8) 135
(78,8) (79,8) 162
(79,8) (78,8) 97
(79,8) (80,8) 118
(80,8) (79,8) 103
(80,8) (81,8) 166
(81,8) (80,8) 93
(81,8) (82,8) 137
(82,8) (81,8) 150
(82,8) (83,8) 84
(83,8) (82,8) 163
(83,8) (84,8) 93
(84,8) (83,8) 100
(84,8) (85,8) 78
(85,8) (84,8) 153
(85,8) (86,8) 81
(86,8) (85,8) 86
(86,8) (87,8) 116
(87,8) (86,8) 130
(87,8) (88,8) 105
(88,8) (87,8) 149
(88,8) (89,8) 146
(89,8) (88,8) 112
(89,8) (90,8) 102
(90,8) (89,8) 149
(90,8) (91,8) 161
(91,8) (90,8) 107
(91,8) (92,8) 145
(92,8) (91,8) 78
(92,8) (93,8) 166
(93,8) (92,8) 124
(93,8) (94,8) 153
(94,8) (93,8) 104
(94,8) (95,8) 120
(95,8) (94,8) 136
(95,8) (96,8) 167
(96,8) (95,8) 111
(96,8) (97,8) 133
(97,8) (96,8) 101
(97,8) (98,8) 149
(98,8) (97,8) 145
(98,8) (99,8) 93
(99,8) (98,8) 119
(99,8) (100,8) 83
(100,8) (99,8) 100
(1,9) (2,9) 91
(2,9) (1,9) 133
(2,9) (3,9) 102
(3,9) (2,9) 102
(3,9) (4,9) 140
(4,9) (3,9) 79
(4,9) (5,9) 150
(5,9) (4,9) 84
(5,9) (6,9) 110
(6,9) (5,9) 169
(6,9) (7,9) 76
(7,9) (6,9) 75
(7,9) (8,9) 110
(8,9) (7,9) 85
(8,9) (9,9) 89
(9,9) (8,9) 161
(9,9) (10,9) 106
(10,9) (9,9) 125
(10,9) (11,9) 86
(11,9) (10,9) 159
(11,9) (12,9) 114
(12,9) (11,9) 165
(12,9) (13,9) 130
(13,9) (12,9) 90
(13,9) (14,9) 146
(14,9) (13,9) 83
(14,9) (15,9) 161
(15,9) (14,9) 120
(15,9) (16,9) 98
(16,9) (15,9) 158
(16,9) (17,9) 119
(17,9) (16,9) 113
(17,9) (18,9) 155
(18,9) (17,9) 121
(18,9) (19,9) 77
(19,9) (18,9) 150
(19,9) (20,9) 126
(20,9) (19,9) 144
(20,9) (21,9) 143
(21,9) (20,9) 96
(21,9) (22,9) 141
(22,9) (21,9) 77
(22,9) (23,9) 84
(23,9) (22,9) 103
(23,9) (24,9) 85
(24,9) (23,9) 137
(24,9) (25,9) 159
(25,9) (24,9) 167
(25,9) (26,9) 79
(26,9) (25,9) 140
(26,9) (27,9) 104
(27,9) (26,9) 121
(27,9) (28,9) 77
(28,9) (27,9) 103
(28,9) (29,9) 138
(29,9) (28,9) 143
(29,9) (30,9) 138
(30,9) (29,9) 88
(30,9) (31,9) 99
(31,9) (30,9) 130
(31,9) (32,9) 160
(32,9) (31,9) 151
(32,9) (33,9) 123
(33,9) (32,9) 125
(33,9) (34,9) 78
(34,9) (33,9) 83
(34,9) (35,9) 134
(35,9) (34,9) 95
(35,9) (36,9) 105
(36,9) (35,9) 161
(36,9) (37,9) 101
(37,9) (36,9) 133
(37,9) (38,9) 158
(38,9) (37,9) 166
(38,9) (39,9) 99
(39,9) (38,9) 117
(39,9) (40,9) 115
(40,9) (39,9) 145
(40,9) (41,9) 153
(41,9) (40,9) 155
(41,9) (42,9) 158
(42,9) (41,9) 79
(42,9) (43,9) 109
(43,9) (42,9) 82
(43,9) (44,9) 139
(44,9) (43,9) 171
(44,9) (45,9) 114
(45,9) (44,9) 172
(45,9) (46,9) 172
(46,9) (45,9) 130
(46,9) (47,9) 129
(47,9) (46,9) 128
(47,9) (48,9) 95
(48,9) (47,9) 131
(48,9) (49,9) 113
(49,9) (48,9) 169
(49,9) (50,9) 77
(50,9) (49,9) 133
(50,9) (51,9) 136
(51,9) (50,9) 80
(51,9) (52,9) 163
(52,9) (51,9) 113
(52,9) (53,9) 163
(53,9) (52,9) 155
(53,9) (54,9) 138
(54,9) (53,9) 132
(54,9) (55,9) 89
(55,9) (54,9) 92
(55,9) (56,9) 108
(56,9) (55,9) 146
(56,9) (57,9) 125
(57,9) (56,9) 125
(57,9) (58,9) 173
(58,9) (57,9) 84
(58,9) (59,9) 129
(59,9) (58,9) 109
(59,9) (60,9) 173
(60,9) (59,9) 105
(60,9) (61,9) 111
(61,9) (60,9) 140
(61,9) (62,9) 148
(62,9) (61,9) 155
(62,9) (63,9) 111
(63,9) (62,9) 117
(63,9) (64,9) 140
(64,9) (63,9) 174
(64,9) (65,9) 151
(65,9) (64,9) 85
(65,9) (66,9) 155
(66,9) (65,9) 170
(66,9) (67,9) 84
(67,9) (66,9) 122
(67,9) (68,9) 102
(68,9) (67,9) 158
(68,9) (69,9) 108
(69,9) (68,9) 102
(69,9) (70,9) 107
(70,9) (69,9) 101
(70,9) (71,9) 114
(71,9) (70,9) 161
(71,9) (72,9) 88
(72,9) (71,9) 152
(72,9) (73,9) 110
(73,9) (72,9) 160
(73,9) (74,9) 87
(74,9) (73,9) 90
(74,9) (75,9) 106
(75,9) (74,9) 87
(75,9) (76,9) 167
(76,9) (75,9) 149
(76,9) (77,9) 146
(77,9) (76,9) 119
(77,9) (78,9) 119
(78,9) (77,9) 146
(78,9) (79,9) 138
(79,9) (78,9) 130
(79,9) (80,9) 173
(80,9) (79,9) 136
(80,9) (81,9) 88
(81,9) (80,9) 150
(81,9) (82,9) 132
(82,9) (81,9) 118
(82,9) (83,9) 77
(83,9) (82,9) 144
(83,9) (84,9) 128
(84,9) (83,9) 98
(84,9) (85,9) 122
(85,9) (84,9) 146
(85,9) (86,9) 77
(86,9) (85,9) 131
(86,9) (87,9) 149
(87,9) (86,9) 123
(87,9) (88,9) 163
(88,9) (87,9) 91
(88,9) (89,9) 116
(89,9) (88,9) 86
(89,9) (90,9) 105
(90,9) (89,9) 134
(90,9) (91,9) 85
(91,9) (90,9) 159
(91,9) (92,9) 144
(92,9) (91,9) 114
(92,9) (93,9) 104
(93,9) (92,9) 97
(93,9) (94,9) 164
(94,9) (93,9) 88
(94,9) (95,9) 106
(95,9) (94,9) 143
(95,9) (96,9) 126
(96,9) (95,9) 141
(96,9) (97,9) 168
(97,9) (96,9) 90
(97,9) (98,9) 97
(98,9) (97,9) 126
(98,9) (99,9) 168
(99,9) (98,9) 87
(99,9) (100,9) 123
(100,9) (99,9) 90
(1,10) (2,10) 168
(2,10) (1,10) 131
(2,10) (3,10) 83
(3,10) (2,10) 97
(3,10) (4,10) 130
(4,10) (3,10) 130
(4,10) (5,10) 141
(5,10) (4,10) 170
(5,10) (6,10) 131
(6,10) (5,10) 114
(6,10) (7,10) 158
(7,10) (6,10) 123
(7,10) (8,10) 165
(8,10) (7,10) 93
(8,10) (9,10) 130
(9,10) (8,10) 81
(9,10) (10,10) 91
(10,10) (9,10) 110
(10,10) (11,10) 84
(11,10) (10,10) 119
(11,10) (12,10) 119
(12,10) (11,10) 87
(12,10) (13,10) 113
(13,10) (12,10) 80
(13,10) (14,10) 80
(14,10) (13,10) 119
(14,10) (15,10) 133
(15,10) (14,10) 129
(15,10) (16,10) 93
(16,10) (15,10) 151
(16,10) (17,10) 104
(17,10) (16,10) 85
(17,10) (18,10) 119
(18,10) (17,10) 137
(18,10) (19,10) 161
(19,10) (18,10) 131
(19,10) (20,10) 75
(20,10) (19,10) 84
(20,10) (21,10) 166
(21,10) (20,10) 150
(21,10) (22,10) 88
(22,10) (21,10) 152
(22,10) (23,10) 135
(23,10) (22,10) 125
(23,10) (24,10) 152
(24,10) (23,10) 75
(24,10) (25,10) 124
(25,10) (24,10) 106
(25,10) (26,10) 145
(26,10) (25,10) 142
(26,10) (27,10) 138
(27,10) (26,10) 169
(27,10) (28,10) 144
(28,10) (27,10) 166
(28,10) (29,10) 93
(29,10) (28,10) 122
(29,10) (30,10) 114
(30,10) (29,10) 147
(30,10) (31,10) 97
(31,10) (30,10) 119
(31,10) (32,10) 164
(32,10) (31,10) 107
(32,10) (33,10) 155
(33,10) (32,10) 165
(33,10) (34,10) 101
(34,10) (33,10) 92
(34,10) (35,10) 92
(35,10) (34,10) 86
(35,10) (36,10) 114
(36,10) (35,10) 134
(36,10) (37,10) 169
(37,10) (36,10) 155
(37,10) (38,10) 153
(38,10) (37,10) 96
(38,10) (39,10) 162
(39,10) (38,10) 136
(39,10) (40,10) 123
(40,10) (39,10) 142
(40,10) (41,10) 137
(41,10) (40,10) 169
(41,10) (42,10) 77
(42,10) (41,10) 149
(42,10) (43,10) 166
(43,10) (42,10) 114
(43,10) (44,10) 90
(44,10) (43,10) 117
(44,10) (45,10) 146
(45,10) (44,10) 167
(45,10) (46,10) 120
(46,10) (45,10) 132
(46,10) (47,10) 120
(47,10) (46,10) 117
(47,10) (48,10) 96
(48,10) (47,10) 111
(48,10) (49,10) 100
(49,10) (48,10) 108
(49,10) (50,10) 88
(50,10) (49,10) 144
(50,10) (51,10) 159
(51,10) (50,10) 109
(51,10) (52,10) 80
(52,10) (51,10) 91
(52,10) (53,10) 132
(53,10) (52,10) 173
(53,10) (54,10) 128
(54,10) (53,10) 118
(54,10) (55,10) 98
(55,10) (54,10) 125
(55,10) (56,10) 86
(56,10) (55,10) 121
(56,10) (57,10) 111
(57,10) (56,10) 134
(57,10) (58,10) 119
(58,10) (57,10) 100
(58,10) (59,10) 141
(59,10) (58,10) 112
(59,10) (60,10) 137
(60,10) (59,10) 120
(60,10) (61,10) 135
(61,10) (60,10) 118
(61,10) (62,10) 169
(62,10) (61,10) 80
(62,10) (63,10) 135
(63,10) (62,10) 173
(63,10) (64,10) 82
(64,10) (63,10) 172
(64,10) (65,10) 155
(65,10) (64,10) 99
(65,10) (66,10) 126
(66,10) (65,10) 145
(66,10) (67,10) 102
(67,10) (66,10) 140
(67,10) (68,10) 80
(68,10) (67,10) 160
(68,10) (69,10) 161
(69,10) (68,10) 112
(69,10) (70,10) 112
(70,10) (69,10) 170
(70,10) (71,10) 120
(71,10) (70,10) 171
(71,10) (72,10) 152
(72,10) (71,10) 98
(72,10) (73,10) 148
(73,10) (72,10) 100
(73,10) (74,10) 171
(74,10) (73,10) 141
(74,10) (75,10) 162
(75,10) (74,10) 121
(75,10) (76,10) 80
(76,10) (75,10) 162
(76,10) (77,10) 154
(77,10) (76,10) 101
(77,10) (78,10) 113
(78,10) (77,10) 105
(78,10) (79,10) 101
(79,10) (78,10) 105
(79,10) (80,10) 97
(80,10) (79,10) 122
(80,10) (81,10) 108
(81,10) (80,10) 174
(81,10) (82,10) 133
(82,10) (81,10) 87
(82,10) (83,10) 166
(83,10) (82,10) 108
(83,10) (84,10) 123
(84,10) (83,10) 120
(84,10) (85,10) 122
(85,10) (84,10) 87
(85,10) (86,10) 133
(86,10) (85,10) 168
(86,10) (87,10) 123
(87,10) (86,10) 122
(87,10) (88,10) 118
(88,10) (87,10) 129
(88,10) (89,10) 121
(89,10) (88,10) 160
(89,10) (90,10) 134
(90,10) (89,10) 129
(90,10) (91,10) 86
(91,10) (90,10) 144
(91,10) (92,10) 136
(92,10) (91,10) 139
(92,10) (93,10) 117
(93,10) (92,10) 154
(93,10) (94,10) 160
(94,10) (93,10) 89
(94,10) (95,10) 114
(95,10) (94,10) 117
(95,10) (96,10) 75
(96,10) (95,10) 144
(96,10) (97,10) 134
(97,10) (96,10) 152
(97,10) (98,10) 88
(98,10) (97,10) 98
(98,10) (99,10) 143
(99,10) (98,10) 167
(99,10) (100,10) 117
(100,10) (99,10) 125
(1,10) t 105
(2,10) t 107
(3,10) t 95
(4,10) t 124
(5,10) t 172
(6,10) t 78
(7,10) t 143
(8,10) t 111
(9,10) t 134
(10,10) t 146
(11,10) t 91
(12,10) t 84
(13,10) t 128
(14,10) t 146
(15,10) t 172
(16,10) t 168
(17,10) t 169
(18,10) t 150
(19,10) t 130
(20,10) t 138
(21,10) t 171
(22,10) t 99
(23,10) t 137
(24,10) t 158
(25,10) t 103
(26,10) t 158
(27,10) t 107
(28,10) t 103
(29,10) t 127
(30,10) t 127
(31,10) t 165
(32,10) t 167
(33,10) t 75
(34,10) t 112
(35,10) t 135
(36,10) t 146
(37,10) t 106
(38,10) t 80
(39,10) t 140
(40,10) t 115
(41,10) t 79
(42,10) t 150
(43,10) t 145
(44,10) t 118
(45,10) t 124
(46,10) t 109
(47,10) t 122
(48,10) t 141
(49,10) t 82
(50,10) t 157
(51,10) t 87
(52,10) t 98
(53,10) t 159
(54,10) t 81
(55,10) t 154
(56,10) t 154
(57,10) t 98
(58,10) t 76
(59,10) t 103
(60,10) t 80
(61,10) t 149
(62,10) t 116
(63,10) t 128
(64,10) t 139
(65,10) t 168
(66,10) t 90
(67,10) t 151
(68,10) t 102
(69,10) t 145
(70,10) t 143
(71,10) t 117
(72,10) t 150
(73,10) t 84
(74,10) t 159
(75,10) t 94
(76,10) t 76
(77,10) t 99
(78,10) t 163
(79,10) t 95
(80,10) t 125
(81,10) t 156
(82,10) t 170
(83,10) t 156
(84,10) t 163
(85,10) t 99
(86,10) t 90
(87,10) t 172
(88,10) t 81
(89,10) t 134
(90,10) t 106
(91,10) t 166
(92,10) t 134
(93,10) t 174
(94,10) t 140
(95,10) t 174
(96,10) t 172
(97,10) t 124
(98,10) t 96
(99,10) t 145
(100,10) t 109
