s (1,1) 168
s (2,1) 154
s (3,1) 101
s (4,1) 174
s (5,1) 129
s (6,1) 132
s (7,1) 134
s (8,1) 167
s (9,1) 163
s (10,1) 169
(1,1) (1,2) 98
(2,1) (2,2) 171
(3,1) (3,2) 86
(4,1) (4,2) 184
(5,1) (5,2) 97
(6,1) (6,2) 114
(7,1) (7,2) 87
(8,1) (8,2) 149
(9,1) (9,2) 171
(10,1) (10,2) 151
(1,2) (1,3) 168
(2,2) (2,3) 176
(3,2) (3,3) 130
(4,2) (4,3) 117
(5,2) (5,3) 154
(6,2) (6,3) 131
(7,2) (7,3) 160
(8,2) (8,3) 151
(9,2) (9,3) 129
(10,2) (10,3) 88
(1,3) (1,4) 142
(2,3) (2,4) 127
(3,3) (3,4) 180
(4,3) (4,4) 180
(5,3) (5,4) 179
(6,3) (6,4) 144
(7,3) (7,4) 173
(8,3) (8,4) 176
(9,3) (9,4) 138
(10,3) (10,4) 165
(1,4) (1,5) 144
(2,4) (2,5) 90
(3,4) (3,5) 116
(4,4) (4,5) 130
(5,4) (5,5) 152
(6,4) (6,5) 128
(7,4) (7,5) 182
(8,4) (8,5) 115
(9,4) (9,5) 130
(10,4) (10,5) 87
(1,5) (1,6) 138
(2,5) (2,6) 156
(3,5) (3,6) 155
(4,5) (4,6) 127
(5,5) (5,6) 160
(6,5) (6,6) 171
(7,5) (7,6) 108
(8,5) (8,6) 145
(9,5) (9,6) 128
(10,5) (10,6) 138
(1,6) (1,7) 177
(2,6) (2,7) 168
(3,6) (3,7) 151
(4,6) (4,7) 136
(5,6) (5,7) 87
(6,6) (6,7) 97
(7,6) (7,7) 96
(8,6) (8,7) 131
(9,6) (9,7) 175
(10,6) (10,7) 139
(1,7) (1,8) 126
(2,7) (2,8) 100
(3,7) (3,8) 85
(4,7) (4,8) 98
(5,7) (5,8) 112
(6,7) (6,8) 102
(7,7) (7,8) 129
(8,7) (8,8) 116
(9,7) (9,8) 148
(10,7) (10,8) 114
(1,8) (1,9) 110
(2,8) (2,9) 148
(3,8) (3,9) 137
(4,8) (4,9) 101
(5,8) (5,9) 181
(6,8) (6,9) 172
(7,8) (7,9) 139
(8,8) (8,9) 132
(9,8) (9,9) 157
(10,8) (10,9) 121
(1,9) (1,10) 125
(2,9) (2,10) 124
(3,9) (3,10) 165
(4,9) (4,10) 158
(5,9) (5,10) 123
(6,9) (6,10) 178
(7,9) (7,10) 177
(8,9) (8,10) 89
(9,9) (9,10) 114
(10,9) (10,10) 154
(1,10) (1,11) 111
(2,10) (2,11) 107
(3,10) (3,11) 146
(4,10) (4,11) 92
(5,10) (5,11) 130
(6,10) (6,11) 123
(7,10) (7,11) 91
(8,10) (8,11) 184
(9,10) (9,11) 134
(10,10) (10,11) 133
(1,11) (1,12) 159
(2,11) (2,12) 99
(3,11) (3,12) 95
(4,11) (4,12) 161
(5,11) (5,12) 143
(6,11) (6,12) 156
(7,11) (7,12) 159
(8,11) (8,12) 131
(9,11) (9,12) 181
(10,11) (10,12) 145
(1,12) (1,13) 172
(2,12) (2,13) 108
(3,12) (3,13) 175
(4,12) (4,13) 115
(5,12) (5,13) 122
(6,12) (6,13) 143
(7,12) (7,13) 94
(8,12) (8,13) 87
(9,12) (9,13) 175
(10,12) (10,13) 121
(1,13) (1,14) 178
(2,13) (2,14) 138
(3,13) (3,14) 140
(4,13) (4,14) 158
(5,13) (5,14) 102
(6,13) (6,14) 86
(7,13) (7,14) 156
(8,13) (8,14) 88
(9,13) (9,14) 140
(10,13) (10,14) 104
(1,14) (1,15) 125
(2,14) (2,15) 159
(3,14) (3,15) 123
(4,14) (4,15) 131
(5,14) (5,15) 150
(6,14) (6,15) 108
(7,14) (7,15) 117
(8,14) (8,15) 133
(9,14) (9,15) 157
(10,14) (10,15) 124
(1,15) (1,16) 144
(2,15) (2,16) 164
(3,15) (3,16) 157
(4,15) (4,16) 128
(5,15) (5,16) 93
(6,15) (6,16) 132
(7,15) (7,16) 112
(8,15) (8,16) 175
(9,15) (9,16) 153
(10,15) (10,16) 113
(1,16) (1,17) 148
(2,16) (2,17) 151
(3,16) (3,17) 167
(4,16) (4,17) 98
(5,16) (5,17) 160
(6,16) (6,17) 101
(7,16) (7,17) 182
(8,16) (8,17) 148
(9,16) (9,17) 106
(10,16) (10,17) 117
(1,17) (1,18) 140
(2,17) (2,18) 129
(3,17) (3,18) 103
(4,17) (4,18) 174
(5,17) (5,18) 165
(6,17) (6,18) 148
(7,17) (7,18) 139
(8,17) (8,18) 124
(9,17) (9,18) 111
(10,17) (10,18) 133
(1,18) (1,19) 131
(2,18) (2,19) 111
(3,18) (3,19) 118
(4,18) (4,19) 182
(5,18) (5,19) 165
(6,18) (6,19) 91
(7,18) (7,19) 124
(8,18) (8,19) 101
(9,18) (9,19) 115
(10,18) (10,19) 109
(1,19) (1,20) 102
(2,19) (2,20) 99
(3,19) (3,20) 93
(4,19) (4,20) 106
(5,19) (5,20) 179
(6,19) (6,20) 143
(7,19) (7,20) 105
(8,19) (8,20) 100
(9,19) (9,20) 91
(10,19) (10,20) 167
(1,20) (1,21) 105
(2,20) (2,21) 175
(3,20) (3,21) 175
(4,20) (4,21) 119
(5,20) (5,21) 152
(6,20) (6,21) 113
(7,20) (7,21) 176
(8,20) (8,21) 171
(9,20) (9,21) 157
(10,20) (10,21) 125
(1,21) (1,22) 169
(2,21) (2,22) 91
(3,21) (3,22) 145
(4,21) (4,22) 175
(5,21) (5,22) 98
(6,21) (6,22) 179
(7,21) (7,22) 87
(8,21) (8,22) 137
(9,21) (9,22) 115
(10,21) (10,22) 130
(1,22) (1,23) 115
(2,22) (2,23) 142
(3,22) (3,23) 163
(4,22) (4,23) 140
(5,22) (5,23) 133
(6,22) (6,23) 95
(7,22) (7,23) 127
(8,22) (8,23) 124
(9,22) (9,23) 165
(10,22) (10,23) 91
(1,23) (1,24) 136
(2,23) (2,24) 163
(3,23) (3,24) 135
(4,23) (4,24) 137
(5,23) (5,24) 184
(6,23) (6,24) 111
(7,23) (7,24) 156
(8,23) (8,24) 153
(9,23) (9,24) 123
(10,23) (10,24) 128
(1,24) (1,25) 144
(2,24) (2,25) 112
(3,24) (3,25) 90
(4,24) (4,25) 104
(5,24) (5,25) 147
(6,24) (6,25) 113
(7,24) (7,25) 117
(8,24) (8,25) 92
(9,24) (9,25) 104
(10,24) (10,25) 92
(1,25) (1,26) 127
(2,25) (2,26) 90
(3,25) (3,26) 184
(4,25) (4,26) 146
(5,25) (5,26) 91
(6,25) (6,26) 130
(7,25) (7,26) 88
(8,25) (8,26) 108
(9,25) (9,26) 114
(10,25) (10,26) 106
(1,26) (1,27) 102
(2,26) (2,27) 133
(3,26) (3,27) 144
(4,26) (4,27) 161
(5,26) (5,27) 151
(6,26) (6,27) 127
(7,26) (7,27) 180
(8,26) (8,27) 149
(9,26) (9,27) 119
(10,26) (10,27) 102
(1,27) (1,28) 132
(2,27) (2,28) 99
(3,27) (3,28) 172
(4,27) (4,28) 172
(5,27) (5,28) 94
(6,27) (6,28) 160
(7,27) (7,28) 180
(8,27) (8,28) 121
(9,27) (9,28) 161
(10,27) (10,28) 91
(1,28) (1,29) 183
(2,28) (2,29) 126
(3,28) (3,29) 132
(4,28) (4,29) 106
(5,28) (5,29) 118
(6,28) (6,29) 89
(7,28) (7,29) 182
(8,28) (8,29) 156
(9,28) (9,29) 99
(10,28) (10,29) 156
(1,29) (1,30) 158
(2,29) (2,30) 156
(3,29) (3,30) 129
(4,29) (4,30) 155
(5,29) (5,30) 161
(6,29) (6,30) 107
(7,29) (7,30) 147
(8,29) (8,30) 165
(9,29) (9,30) 91
(10,29) (10,30) 180
(1,30) (1,31) 168
(2,30) (2,31) 136
(3,30) (3,31) 127
(4,30) (4,31) 165
(5,30) (5,31) 170
(6,30) (6,31) 97
(7,30) (7,31) 151
(8,30) (8,31) 158
(9,30) (9,31) 146
(10,30) (10,31) 178
(1,31) (1,32) 144
(2,31) (2,32) 102
(3,31) (3,32) 160
(4,31) (4,32) 118
(5,31) (5,32) 94
(6,31) (6,32) 125
(7,31) (7,32) 181
(8,31) (8,32) 115
(9,31) (9,32) 140
(10,31) (10,32) 150
(1,32) (1,33) 93
(2,32) (2,33) 131
(3,32) (3,33) 156
(4,32) (4,33) 91
(5,32) (5,33) 150
(6,32) (6,33) 121
(7,32) (7,33) 126
(8,32) (8,33) 163
(9,32) (9,33) 115
(10,32) (10,33) 180
(1,33) (1,34) 180
(2,33) (2,34) 112
(3,33) (3,34) 145
(4,33) (4,34) 119
(5,33) (5,34) 130
(6,33) (6,34) 132
(7,33) (7,34) 162
(8,33) (8,34) 175
(9,33) (9,34) 99
(10,33) (10,34) 167
(1,34) (1,35) 107
(2,34) (2,35) 146
(3,34) (3,35) 116
(4,34) (4,35) 131
(5,34) (5,35) 156
(6,34) (6,35) 108
(7,34) (7,35) 148
(8,34) (8,35) 156
(9,34) (9,35) 128
(10,34) (10,35) 183
(1,35) (1,36) 94
(2,35) (2,36) 156
(3,35) (3,36) 131
(4,35) (4,36) 122
(5,35) (5,36) 147
(6,35) (6,36) 122
(7,35) (7,36) 149
(8,35) (8,36) 111
(9,35) (9,36) 148
(10,35) (10,36) 95
(1,36) (1,37) 167
(2,36) (2,37) 99
(3,36) (3,37) 96
(4,36) (4,37) 182
(5,36) (5,37) 129
(6,36) (6,37) 122
(7,36) (7,37) 142
(8,36) (8,37) 157
(9,36) (9,37) 155
(10,36) (10,37) 139
(1,37) (1,38) 91
(2,37) (2,38) 126
(3,37) (3,38) 133
(4,37) (4,38) 135
(5,37) (5,38) 183
(6,37) (6,38) 107
(7,37) (7,38) 175
(8,37) (8,38) 133
(9,37) (9,38) 99
(10,37) (10,38) 139
(1,38) (1,39) 113
(2,38) (2,39) 171
(3,38) (3,39) 170
(4,38) (4,39) 113
(5,38) (5,39) 152
(6,38) (6,39) 136
(7,38) (7,39) 164
(8,38) (8,39) 154
(9,38) (9,39) 138
(10,38) (10,39) 109
(1,39) (1,40) 93
(2,39) (2,40) 173
(3,39) (3,40) 184
(4,39) (4,40) 87
(5,39) (5,40) 170
(6,39) (6,40) 86
(7,39) (7,40) 111
(8,39) (8,40) 146
(9,39) (9,40) 180
(10,39) (10,40) 101
(1,40) (1,41) 89
(2,40) (2,41) 168
(3,40) (3,41) 122
(4,40) (4,41) 99
(5,40) (5,41) 154
(6,40) (6,41) 166
(7,40) (7,41) 100
(8,40) (8,41) 159
(9,40) (9,41) 91
(10,40) (10,41) 180
(1,41) (1,42) 126
(2,41) (2,42) 173
(3,41) (3,42) 114
(4,41) (4,42) 157
(5,41) (5,42) 162
(6,41) (6,42) 183
(7,41) (7,42) 168
(8,41) (8,42) 137
(9,41) (9,42) 179
(10,41) (10,42) 102
(1,42) (1,43) 164
(2,42) (2,43) 106
(3,42) (3,43) 179
(4,42) (4,43) 127
(5,42) (5,43) 182
(6,42) (6,43) 110
(7,42) (7,43) 88
(8,42) (8,43) 123
(9,42) (9,43) 100
(10,42) (10,43) 167
(1,43) (1,44) 171
(2,43) (2,44) 130
(3,43) (3,44) 124
(4,43) (4,44) 178
(5,43) (5,44) 133
(6,43) (6,44) 151
(7,43) (7,44) 183
(8,43) (8,44) 90
(9,43) (9,44) 143
(10,43) (10,44) 158
(1,44) (1,45) 174
(2,44) (2,45) 173
(3,44) (3,45) 110
(4,44) (4,45) 138
(5,44) (5,45) 88
(6,44) (6,45) 150
(7,44) (7,45) 157
(8,44) (8,45) 97
(9,44) (9,45) 136
(10,44) (10,45) 141
(1,45) (1,46) 87
(2,45) (2,46) 95
(3,45) (3,46) 181
(4,45) (4,46) 175
(5,45) (5,46) 137
(6,45) (6,46) 171
(7,45) (7,46) 160
(8,45) (8,46) 122
(9,45) (9,46) 172
(10,45) (10,46) 90
(1,46) (1,47) 117
(2,46) (2,47) 93
(3,46) (3,47) 175
(4,46) (4,47) 109
(5,46) (5,47) 161
(6,46) (6,47) 110
(7,46) (7,47) 160
(8,46) (8,47) 94
(9,46) (9,47) 176
(10,46) (10,47) 137
(1,47) (1,48) 141
(2,47) (2,48) 167
(3,47) (3,48) 144
(4,47) (4,48) 141
(5,47) (5,48) 151
(6,47) (6,48) 179
(7,47) (7,48) 144
(8,47) (8,48) 129
(9,47) (9,48) 111
(10,47) (10,48) 171
(1,48) (1,49) 127
(2,48) (2,49) 165
(3,48) (3,49) 149
(4,48) (4,49) 101
(5,48) (5,49) 160
(6,48) (6,49) 132
(7,48) (7,49) 110
(8,48) (8,49) 163
(9,48) (9,49) 106
(10,48) (10,49) 102
(1,49) (1,50) 154
(2,49) (2,50) 102
(3,49) (3,50) 172
(4,49) (4,50) 163
(5,49) (5,50) 168
(6,49) (6,50) 171
(7,49) (7,50) 124
(8,49) (8,50) 119
(9,49) (9,50) 90
(10,49) (10,50) 91
(1,50) (1,51) 173
(2,50) (2,51) 149
(3,50) (3,51) 180
(4,50) (4,51) 136
(5,50) (5,51) 108
(6,50) (6,51) 159
(7,50) (7,51) 176
(8,50) (8,51) 112
(9,50) (9,51) 164
(10,50) (10,51) 147
(1,51) (1,52) 136
(2,51) (2,52) 165
(3,51) (3,52) 146
(4,51) (4,52) 148
(5,51) (5,52) 157
(6,51) (6,52) 135
(7,51) (7,52) 128
(8,51) (8,52) 101
(9,51) (9,52) 100
(10,51) (10,52) 109
(1,52) (1,53) 148
(2,52) (2,53) 119
(3,52) (3,53) 115
(4,52) (4,53) 160
(5,52) (5,53) 150
(6,52) (6,53) 130
(7,52) (7,53) 138
(8,52) (8,53) 134
(9,52) (9,53) 92
(10,52) (10,53) 157
(1,53) (1,54) 176
(2,53) (2,54) 87
(3,53) (3,54) 162
(4,53) (4,54) 123
(5,53) (5,54) 102
(6,53) (6,54) 95
(7,53) (7,54) 154
(8,53) (8,54) 119
(9,53) (9,54) 86
(10,53) (10,54) 156
(1,54) (1,55) 165
(2,54) (2,55) 117
(3,54) (3,55) 124
(4,54) (4,55) 155
(5,54) (5,55) 120
(6,54) (6,55) 118
(7,54) (7,55) 110
(8,54) (8,55) 157
(9,54) (9,55) 95
(10,54) (10,55) 145
(1,55) (1,56) 171
(2,55) (2,56) 179
(3,55) (3,56) 107
(4,55) (4,56) 151
(5,55) (5,56) 91
(6,55) (6,56) 139
(7,55) (7,56) 107
(8,55) (8,56) 98
(9,55) (9,56) 93
(10,55) (10,56) 164
(1,56) (1,57) 149
(2,56) (2,57) 152
(3,56) (3,57) 150
(4,56) (4,57) 106
(5,56) (5,57) 111
(6,56) (6,57) 143
(7,56) (7,57) 130
(8,56) (8,57) 130
(9,56) (9,57) 95
(10,56) (10,57) 133
(1,57) (1,58) 173
(2,57) (2,58) 95
(3,57) (3,58) 175
(4,57) (4,58) 85
(5,57) (5,58) 144
(6,57) (6,58) 181
(7,57) (7,58) 161
(8,57) (8,58) 176
(9,57) (9,58) 173
(10,57) (10,58) 88
(1,58) (1,59) 151
(2,58) (2,59) 154
(3,58) (3,59) 157
(4,58) (4,59) 175
(5,58) (5,59) 131
(6,58) (6,59) 88
(7,58) (7,59) 126
(8,58) (8,59) 140
(9,58) (9,59) 179
(10,58) (10,59) 151
(1,59) (1,60) 146
(2,59) (2,60) 155
(3,59) (3,60) 112
(4,59) (4,60) 145
(5,59) (5,60) 151
(6,59) (6,60) 110
(7,59) (7,60) 152
(8,59) (8,60) 129
(9,59) (9,60) 112
(10,59) (10,60) 176
(1,60) (1,61) 182
(2,60) (2,61) 158
(3,60) (3,61) 108
(4,60) (4,61) 154
(5,60) (5,61) 154
(6,60) (6,61) 183
(7,60) (7,61) 110
(8,60) (8,61) 143
(9,60) (9,61) 86
(10,60) (10,61) 96
(1,61) (1,62) 126
(2,61) (2,62) 148
(3,61) (3,62) 121
(4,61) (4,62) 154
(5,61) (5,62) 108
(6,61) (6,62) 176
(7,61) (7,62) 103
(8,61) (8,62) 138
(9,61) (9,62) 171
(10,61) (10,62) 86
(1,62) (1,63) 110
(2,62) (2,63) 117
(3,62) (3,63) 99
(4,62) (4,63) 137
(5,62) (5,63) 148
(6,62) (6,63) 155
(7,62) (7,63) 160
(8,62) (8,63) 134
(9,62) (9,63) 181
(10,62) (10,63) 164
(1,63) (1,64) 100
(2,63) (2,64) 128
(3,63) (3,64) 127
(4,63) (4,64) 105
(5,63) (5,64) 120
(6,63) (6,64) 101
(7,63) (7,64) 109
(8,63) (8,64) 161
(9,63) (9,64) 148
(10,63) (10,64) 137
(1,64) (1,65) 106
(2,64) (2,65) 165
(3,64) (3,65) 172
(4,64) (4,65) 156
(5,64) (5,65) 113
(6,64) (6,65) 121
(7,64) (7,65) 138
(8,64) (8,65) 158
(9,64) (9,65) 175
(10,64) (10,65) 139
(1,65) (1,66) 87
(2,65) (2,66) 150
(3,65) (3,66) 87
(4,65) (4,66) 139
(5,65) (5,66) 158
(6,65) (6,66) 173
(7,65) (7,66) 153
(8,65) (8,66) 154
(9,65) (9,66) 169
(10,65) (10,66) 124
(1,66) (1,67) 113
(2,66) (2,67) 97
(3,66) (3,67) 126
(4,66) (4,67) 128
(5,66) (5,67) 183
(6,66) (6,67) 170
(7,66) (7,67) 109
(8,66) (8,67) 131
(9,66) (9,67) 130
(10,66) (10,67) 161
(1,67) (1,68) 113
(2,67) (2,68) 159
(3,67) (3,68) 90
(4,67) (4,68) 100
(5,67) (5,68) 124
(6,67) (6,68) 121
(7,67) (7,68) 91
(8,67) (8,68) 117
(9,67) (9,68) 109
(10,67) (10,68) 108
(1,68) (1,69) 116
(2,68) (2,69) 165
(3,68) (3,69) 133
(4,68) (4,69) 184
(5,68) (5,69) 100
(6,68) (6,69) 86
(7,68) (7,69) 150
(8,68) (8,69) 138
(9,68) (9,69) 88
(10,68) (10,69) 91
(1,69) (1,70) 89
(2,69) (2,70) 112
(3,69) (3,70) 118
(4,69) (4,70) 120
(5,69) (5,70) 130
(6,69) (6,70) 167
(7,69) (7,70) 142
(8,69) (8,70) 105
(9,69) (9,70) 150
(10,69) (10,70) 109
(1,70) (1,71) 151
(2,70) (2,71) 144
(3,70) (3,71) 157
(4,70) (4,71) 98
(5,70) (5,71) 129
(6,70) (6,71) 171
(7,70) (7,71) 134
(8,70) (8,71) 90
(9,70) (9,71) 143
(10,70) (10,71) 172
(1,71) (1,72) 136
(2,71) (2,72) 172
(3,71) (3,72) 137
(4,71) (4,72) 167
(5,71) (5,72) 139
(6,71) (6,72) 99
(7,71) (7,72) 95
(8,71) (8,72) 98
(9,71) (9,72) 112
(10,71) (10,72) 170
(1,72) (1,73) 152
(2,72) (2,73) 152
(3,72) (3,73) 85
(4,72) (4,73) 91
(5,72) (5,73) 130
(6,72) (6,73) 117
(7,72) (7,73) 125
(8,72) (8,73) 113
(9,72) (9,73) 126
(10,72) (10,73) 151
(1,73) (1,74) 136
(2,73) (2,74) 102
(3,73) (3,74) 86
(4,73) (4,74) 142
(5,73) (5,74) 108
(6,73) (6,74) 184
(7,73) (7,74) 136
(8,73) (8,74) 133
(9,73) (9,74) 181
(10,73) (10,74) 116
(1,74) (1,75) 161
(2,74) (2,75) 103
(3,74) (3,75) 183
(4,74) (4,75) 121
(5,74) (5,75) 90
(6,74) (6,75) 161
(7,74) (7,75) 122
(8,74) (8,75) 135
(9,74) (9,75) 162
(10,74) (10,75) 91
(1,75) (1,76) 146
(2,75) (2,76) 104
(3,75) (3,76) 182
(4,75) (4,76) 184
(5,75) (5,76) 137
(6,75) (6,76) 121
(7,75) (7,76) 166
(8,75) (8,76) 144
(9,75) (9,76) 166
(10,75) (10,76) 102
(1,76) (1,77) 162
(2,76) (2,77) 115
(3,76) (3,77) 99
(4,76) (4,77) 171
(5,76) (5,77) 141
(6,76) (6,77) 146
(7,76) (7,77) 135
(8,76) (8,77) 150
(9,76) (9,77) 142
(10,76) (10,77) 106
(1,77) (1,78) 130
(2,77) (2,78) 102
(3,77) (3,78) 176
(4,77) (4,78) 170
(5,77) (5,78) 111
(6,77) (6,78) 167
(7,77) (7,78) 144
(8,77) (8,78) 96
(9,77) (9,78) 169
(10,77) (10,78) 161
(1,78) (1,79) 171
(2,78) (2,79) 145
(3,78) (3,79) 129
(4,78) (4,79) 103
(5,78) (5,79) 141
(6,78) (6,79) 92
(7,78) (7,79) 88
(8,78) (8,79) 137
(9,78) (9,79) 118
(10,78) (10,79) 136
(1,79) (1,80) 113
(2,79) (2,80) 109
(3,79) (3,80) 143
(4,79) (4,80) 109
(5,79) (5,80) 122
(6,79) (6,80) 147
(7,79) (7,80) 162
(8,79) (8,80) 118
(9,79) (9,80) 88
(10,79) (10,80) 120
(1,80) (1,81) 135
(2,80) (2,81) 90
(3,80) (3,81) 157
(4,80) (4,81) 85
(5,80) (5,81) 158
(6,80) (6,81) 117
(7,80) (7,81) 106
(8,80) (8,81) 98
(9,80) (9,81) 122
(10,80) (10,81) 175
(1,81) (1,82) 154
(2,81) (2,82) 105
(3,81) (3,82) 87
(4,81) (4,82) 135
(5,81) (5,82) 106
(6,81) (6,82) 141
(7,81) (7,82) 117
(8,81) (8,82) 154
(9,81) (9,82) 119
(10,81) (10,82) 87
(1,82) (1,83) 122
(2,82) (2,83) 126
(3,82) (3,83) 138
(4,82) (4,83) 180
(5,82) (5,83) 179
(6,82) (6,83) 142
(7,82) (7,83) 150
(8,82) (8,83) 175
(9,82) (9,83) 91
(10,82) (10,83) 88
(1,83) (1,84) 173
(2,83) (2,84) 179
(3,83) (3,84) 180
(4,83) (4,84) 110
(5,83) (5,84) 145
(6,83) (6,84) 144
(7,83) (7,84) 158
(8,83) (8,84) 104
(9,83) (9,84) 170
(10,83) (10,84) 114
(1,84) (1,85) 173
(2,84) (2,85) 106
(3,84) (3,85) 102
(4,84) (4,85) 134
(5,84) (5,85) 174
(6,84) (6,85) 118
(7,84) (7,85) 132
(8,84) (8,85) 145
(9,84) (9,85) 179
(10,84) (10,85) 129
(1,85) (1,86) 106
(2,85) (2,86) 88
(3,85) (3,86) 134
(4,85) (4,86) 102
(5,85) (5,86) 181
(6,85) (6,86) 94
(7,85) (7,86) 170
(8,85) (8,86) 153
(9,85) (9,86) 163
(10,85) (10,86) 182
(1,86) (1,87) 161
(2,86) (2,87) 141
(3,86) (3,87) 85
(4,86) (4,87) 165
(5,86) (5,87) 96
(6,86) (6,87) 145
(7,86) (7,87) 147
(8,86) (8,87) 184
(9,86) (9,87) 171
(10,86) (10,87) 178
(1,87) (1,88) 165
(2,87) (2,88) 123
(3,87) (3,88) 156
(4,87) (4,88) 106
(5,87) (5,88) 128
(6,87) (6,88) 108
(7,87) (7,88) 96
(8,87) (8,88) 146
(9,87) (9,88) 179
(10,87) (10,88) 151
(1,88) (1,89) 123
(2,88) (2,89) 149
(3,88) (3,89) 104
(4,88) (4,89) 140
(5,88) (5,89) 134
(6,88) (6,89) 144
(7,88) (7,89) 106
(8,88) (8,89) 135
(9,88) (9,89) 126
(10,88) (10,89) 118
(1,89) (1,90) 160
(2,89) (2,90) 177
(3,89) (3,90) 116
(4,89) (4,90) 113
(5,89) (5,90) 92
(6,89) (6,90) 91
(7,89) (7,90) 159
(8,89) (8,90) 152
(9,89) (9,90) 115
(10,89) (10,90) 108
(1,90) (1,91) 150
(2,90) (2,91) 128
(3,90) (3,91) 153
(4,90) (4,91) 141
(5,90) (5,91) 111
(6,90) (6,91) 182
(7,90) (7,91) 89
(8,90) (8,91) 132
(9,90) (9,91) 145
(10,90) (10,91) 142
(1,91) (1,92) 127
(2,91) (2,92) 139
(3,91) (3,92) 135
(4,91) (4,92) 134
(5,91) (5,92) 174
(6,91) (6,92) 114
(7,91) (7,92) 154
(8,91) (8,92) 107
(9,91) (9,92) 142
(10,91) (10,92) 147
(1,92) (1,93) 174
(2,92) (2,93) 141
(3,92) (3,93) 110
(4,92) (4,93) 103
(5,92) (5,93) 100
(6,92) (6,93) 95
(7,92) (7,93) 130
(8,92) (8,93) 146
(9,92) (9,93) 166
(10,92) (10,93) 157
(1,93) (1,94) 96
(2,93) (2,94) 117
(3,93) (3,94) 184
(4,93) (4,94) 126
(5,93) (5,94) 134
(6,93) (6,94) 160
(7,93) (7,94) 183
(8,93) (8,94) 166
(9,93) (9,94) 121
(10,93) (10,94) 130
(1,94) (1,95) 117
(2,94) (2,95) 104
(3,94) (3,95) 96
(4,94) (4,95) 117
(5,94) (5,95) 162
(6,94) (6,95) 117
(7,94) (7,95) 171
(8,94) (8,95) 151
(9,94) (9,95) 158
(10,94) (10,95) 172
(1,95) (1,96) 175
(2,95) (2,96) 142
(3,95) (3,96) 139
(4,95) (4,96) 111
(5,95) (5,96) 165
(6,95) (6,96) 93
(7,95) (7,96) 129
(8,95) (8,96) 156
(9,95) (9,96) 87
(10,95) (10,96) 160
(1,96) (1,97) 164
(2,96) (2,97) 94
(3,96) (3,97) 163
(4,96) (4,97) 131
(5,96) (5,97) 119
(6,96) (6,97) 167
(7,96) (7,97) 130
(8,96) (8,97) 156
(9,96) (9,97) 148
(10,96) (10,97) 130
(1,97) (1,98) 92
(2,97) (2,98) 169
(3,97) (3,98) 168
(4,97) (4,98) 114
(5,97) (5,98) 154
(6,97) (6,98) 125
(7,97) (7,98) 169
(8,97) (8,98) 105
(9,97) (9,98) 181
(10,97) (10,98) 94
(1,98) (1,99) 169
(2,98) (2,99) 135
(3,98) (3,99) 103
(4,98) (4,99) 152
(5,98) (5,99) 167
(6,98) (6,99) 151
(7,98) (7,99) 124
(8,98) (8,99) 123
(9,98) (9,99) 86
(10,98) (10,99) 137
(1,99) (1,100) 152
(2,99) (2,100) 118
(3,99) (3,100) 98
(4,99) (4,100) 178
(5,99) (5,100) 175
(6,99) (6,100) 101
(7,99) (7,100) 96
(8,99) (8,100) 129
(9,99) (9,100) 150
(10,99) (10,100) 85
(1,1) (2,1) 168
(2,1) (1,1) 147
(2,1) (3,1) 133
(3,1) (2,1) 102
(3,1) (4,1) 170
(4,1) (3,1) 181
(4,1) (5,1) 150
(5,1) (4,1) 150
(5,1) (6,1) 122
(6,1) (5,1) 158
(6,1) (7,1) 173
(7,1) (6,1) 116
(7,1) (8,1) 85
(8,1) (7,1) 92
(8,1) (9,1) 157
(9,1) (8,1) 125
(9,1) (10,1) 142
(10,1) (9,1) 137
(1,2) (2,2) 128
(2,2) (1,2) 152
(2,2) (3,2) 145
(3,2) (2,2) 95
(3,2) (4,2) 151
(4,2) (3,2) 129
(4,2) (5,2) 131
(5,2) (4,2) 158
(5,2) (6,2) 113
(6,2) (5,2) 151
(6,2) (7,2) 159
(7,2) (6,2) 86
(7,2) (8,2) 155
(8,2) (7,2) 95
(8,2) (9,2) 173
(9,2) (8,2) 96
(9,2) (10,2) 145
(10,2) (9,2) 176
(1,3) (2,3) 90
(2,3) (1,3) 141
(2,3) (3,3) 135
(3,3) (2,3) 166
(3,3) (4,3) 156
(4,3) (3,3) 137
(4,3) (5,3) 154
(5,3) (4,3) 128
(5,3) (6,3) 140
(6,3) (5,3) 95
(6,3) (7,3) 89
(7,3) (6,3) 122
(7,3) (8,3) 114
(8,3) (7,3) 154
(8,3) (9,3) 97
(9,3) (8,3) 184
(9,3) (10,3) 160
(10,3) (9,3) 177
(1,4) (2,4) 110
(2,4) (1,4) 131
(2,4) (3,4) 116
(3,4) (2,4) 97
(3,4) (4,4) 169
(4,4) (3,4) 86
(4,4) (5,4) 184
(5,4) (4,4) 103
(5,4) (6,4) 115
(6,4) (5,4) 142
(6,4) (7,4) 119
(7,4) (6,4) 149
(7,4) (8,4) 183
(8,4) (7,4) 88
(8,4) (9,4) 126
(9,4) (8,4) 85
(9,4) (10,4) 133
(10,4) (9,4) 120
(1,5) (2,5) 156
(2,5) (1,5) 125
(2,5) (3,5) 170
(3,5) (2,5) 107
(3,5) (4,5) 124
(4,5) (3,5) 123
(4,5) (5,5) 156
(5,5) (4,5) 97
(5,5) (6,5) 94
(6,5) (5,5) 105
(6,5) (7,5) 142
(7,5) (6,5) 156
(7,5) (8,5) 101
(8,5) (7,5) 149
(8,5) (9,5) 92
(9,5) (8,5) 178
(9,5) (10,5) 156
(10,5) (9,5) 111
(1,6) (2,6) 111
(2,6) (1,6) 154
(2,6) (3,6) 158
(3,6) (2,6) 116
(3,6) (4,6) 104
(4,6) (3,6) 122
(4,6) (5,6) 93
(5,6) (4,6) 106
(5,6) (6,6) 104
(6,6) (5,6) 109
(6,6) (7,6) 160
(7,6) (6,6) 150
(7,6) (8,6) 92
(8,6) (7,6) 101
(8,6) (9,6) 93
(9,6) (8,6) 118
(9,6) (10,6) 130
(10,6) (9,6) 180
(1,7) (2,7) 115
(2,7) (1,7) 93
(2,7) (3,7) 136
(3,7) (2,7) 135
(3,7) (4,7) 107
(4,7) (3,7) 150
(4,7) (5,7) 132
(5,7) (4,7) 140
(5,7) (6,7) 142
(6,7) (5,7) 153
(6,7) (7,7) 161
(7,7) (6,7) 93
(7,7) (8,7) 155
(8,7) (7,7) 112
(8,7) (9,7) 174
(9,7) (8,7) 102
(9,7) (10,7) 183
(10,7) (9,7) 104
(1,8) (2,8) 85
(2,8) (1,8) 99
(2,8) (3,8) 87
(3,8) (2,8) 120
(3,8) (4,8) 148
(4,8) (3,8) 132
(4,8) (5,8) 169
(5,8) (4,8) 129
(5,8) (6,8) 184
(6,8) (5,8) 107
(6,8) (7,8) 164
(7,8) (6,8) 101
(7,8) (8,8) 169
(8,8) (7,8) 140
(8,8) (9,8) 102
(9,8) (8,8) 97
(9,8) (10,8) 115
(10,8) (9,8) 184
(1,9) (2,9) 99
(2,9) (1,9) 153
(2,9) (3,9) 178
(3,9) (2,9) 123
(3,9) (4,9) 92
(4,9) (3,9) 91
(4,9) (5,9) 182
(5,9) (4,9) 103
(5,9) (6,9) 162
(6,9) (5,9) 165
(6,9) (7,9) 151
(7,9) (6,9) 107
(7,9) (8,9) 106
(8,9) (7,9) 96
(8,9) (9,9) 103
(9,9) (8,9) 106
(9,9) (10,9) 94
(10,9) (9,9) 110
(1,10) (2,10) 142
(2,10) (1,10) 101
(2,10) (3,10) 170
(3,10) (2,10) 103
(3,10) (4,10) 137
(4,10) (3,10) 95
(4,10) (5,10) 184
(5,10) (4,10) 172
(5,10) (6,10) 125
(6,10) (5,10) 114
(6,10) (7,10) 153
(7,10) (6,10) 139
(7,10) (8,10) 135
(8,10) (7,10) 128
(8,10) (9,10) 166
(9,10) (8,10) 179
(9,10) (10,10) 181
(10,10) (9,10) 126
(1,11) (2,11) 91
(2,11) (1,11) 143
(2,11) (3,11) 133
(3,11) (2,11) 110
(3,11) (4,11) 156
(4,11) (3,11) 100
(4,11) (5,11) 117
(5,11) (4,11) 92
(5,11) (6,11) 90
(6,11) (5,11) 168
(6,11) (7,11) 148
(7,11) (6,11) 181
(7,11) (8,11) 173
(8,11) (7,11) 117
(8,11) (9,11) 183
(9,11) (8,11) 131
(9,11) (10,11) 181
(10,11) (9,11) 147
(1,12) (2,12) 112
(2,12) (1,12) 169
(2,12) (3,12) 177
(3,12) (2,12) 165
(3,12) (4,12) 123
(4,12) (3,12) 107
(4,12) (5,12) 124
(5,12) (4,12) 178
(5,12) (6,12) 178
(6,12) (5,12) 100
(6,12) (7,12) 175
(7,12) (6,12) 159
(7,12) (8,12) 177
(8,12) (7,12) 116
(8,12) (9,12) 152
(9,12) (8,12) 179
(9,12) (10,12) 112
(10,12) (9,12) 112
(1,13) (2,13) 126
(2,13) (1,13) 88
(2,13) (3,13) 169
(3,13) (2,13) 113
(3,13) (4,13) 169
(4,13) (3,13) 128
(4,13) (5,13) 121
(5,13) (4,13) 93
(5,13) (6,13) 93
(6,13) (5,13) 151
(6,13) (7,13) 175
(7,13) (6,13) 174
(7,13) (8,13) 167
(8,13) (7,13) 135
(8,13) (9,13) 163
(9,13) (8,13) 165
(9,13) (10,13) 88
(10,13) (9,13) 124
(1,14) (2,14) 162
(2,14) (1,14) 115
(2,14) (3,14) 123
(3,14) (2,14) 135
(3,14) (4,14) 159
(4,14) (3,14) 110
(4,14) (5,14) 178
(5,14) (4,14) 181
(5,14) (6,14) 162
(6,14) (5,14) 170
(6,14) (7,14) 89
(7,14) (6,14) 109
(7,14) (8,14) 153
(8,14) (7,14) 91
(8,14) (9,14) 131
(9,14) (8,14) 174
(9,14) (10,14) 131
(10,14) (9,14) 140
(1,15) (2,15) 169
(2,15) (1,15) 184
(2,15) (3,15) 103
(3,15) (2,15) 146
(3,15) (4,15) 93
(4,15) (3,15) 174
(4,15) (5,15) 125
(5,15) (4,15) 151
(5,15) (6,15) 120
(6,15) (5,15) 141
(6,15) (7,15) 152
(7,15) (6,15) 167
(7,15) (8,15) 172
(8,15) (7,15) 159
(8,15) (9,15) 108
(9,15) (8,15) 153
(9,15) (10,15) 150
(10,15) (9,15) 166
(1,16) (2,16) 103
(2,16) (1,16) 143
(2,16) (3,16) 87
(3,16) (2,16) 166
(3,16) (4,16) 171
(4,16) (3,16) 99
(4,16) (5,16) 170
(5,16) (4,16) 142
(5,16) (6,16) 98
(6,16) (5,16) 130
(6,16) (7,16) 119
(7,16) (6,16) 120
(7,16) (8,16) 115
(8,16) (7,16) 90
(8,16) (9,16) 131
(9,16) (8,16) 99
(9,16) (10,16) 145
(10,16) (9,16) 109
(1,17) (2,17) 173
(2,17) (1,17) 133
(2,17) (3,17) 178
(3,17) (2,17) 86
(3,17) (4,17) 175
(4,17) (3,17) 135
(4,17) (5,17) 142
(5,17) (4,17) 164
(5,17) (6,17) 122
(6,17) (5,17) 176
(6,17) (7,17) 134
(7,17) (6,17) 93
(7,17) (8,17) 104
(8,17) (7,17) 119
(8,17) (9,17) 124
(9,17) (8,17) 180
(9,17) (10,17) 171
(10,17) (9,17) 169
(1,18) (2,18) 117
(2,18) (1,18) 96
(2,18) (3,18) 113
(3,18) (2,18) 182
(3,18) (4,18) 106
(4,18) (3,18) 153
(4,18) (5,18) 123
(5,18) (4,18) 161
(5,18) (6,18) 136
(6,18) (5,18) 134
(6,18) (7,18) 111
(7,18) (6,18) 99
(7,18) (8,18) 151
(8,18) (7,18) 148
(8,18) (9,18) 102
(9,18) (8,18) 173
(9,18) (10,18) 102
(10,18) (9,18) 170
(1,19) (2,19) 182
(2,19) (1,19) 121
(2,19) (3,19) 125
(3,19) (2,19) 102
(3,19) (4,19) 113
(4,19) (3,19) 122
(4,19) (5,19) 91
(5,19) (4,19) 140
(5,19) (6,19) 171
(6,19) (5,19) 170
(6,19) (7,19) 148
(7,19) (6,19) 135
(7,19) (8,19) 94
(8,19) (7,19) 158
(8,19) (9,19) 143
(9,19) (8,19) 160
(9,19) (10,19) 113
(10,19) (9,19) 93
(1,20) (2,20) 126
(2,20) (1,20) 107
(2,20) (3,20) 162
(3,20) (2,20) 165
(3,20) (4,20) 151
(4,20) (3,20) 134
(4,20) (5,20) 145
(5,20) (4,20) 98
(5,20) (6,20) 141
(6,20) (5,20) 113
(6,20) (7,20) 151
(7,20) (6,20) 156
(7,20) (8,20) 132
(8,20) (7,20) 163
(8,20) (9,20) 184
(9,20) (8,20) 165
(9,20) (10,20) 158
(10,20) (9,20) 166
(1,21) (2,21) 181
(2,21) (1,21) 150
(2,21) (3,21) 152
(3,21) (2,21) 94
(3,21) (4,21) 157
(4,21) (3,21) 126
(4,21) (5,21) 93
(5,21) (4,21) 113
(5,21) (6,21) 87
(6,21) (5,21) 173
(6,21) (7,21) 94
(7,21) (6,21) 96
(7,21) (8,21) 153
(8,21) (7,21) 174
(8,21) (9,21) 128
(9,21) (8,21) 142
(9,21) (10,21) 109
(10,21) (9,21) 153
(1,22) (2,22) 151
(2,22) (1,22) 158
(2,22) (3,22) 181
(3,22) (2,22) 172
(3,22) (4,22) 99
(4,22) (3,22) 142
(4,22) (5,22) 148
(5,22) (4,22) 148
(5,22) (6,22) 97
(6,22) (5,22) 178
(6,22) (7,22) 116
(7,22) (6,22) 125
(7,22) (8,22) 119
(8,22) (7,22) 116
(8,22) (9,22) 95
(9,22) (8,22) 127
(9,22) (10,22) 85
(10,22) (9,22) 110
(1,23) (2,23) 120
(2,23) (1,23) 156
(2,23) (3,23) 169
(3,23) (2,23) 103
(3,23) (4,23) 158
(4,23) (3,23) 163
(4,23) (5,23) 134
(5,23) (4,23) 183
(5,23) (6,23) 91
(6,23) (5,23) 131
(6,23) (7,23) 121
(7,23) (6,23) 157
(7,23) (8,23) 91
(8,23) (7,23) 184
(8,23) (9,23) 97
(9,23) (8,23) 179
(9,23) (10,23) 99
(10,23) (9,23) 171
(1,24) (2,24) 150
(2,24) (1,24) 113
(2,24) (3,24) 106
(3,24) (2,24) 173
(3,24) (4,24) 121
(4,24) (3,24) 111
(4,24) (5,24) 180
(5,24) (4,24) 171
(5,24) (6,24) 126
(6,24) (5,24) 141
(6,24) (7,24) 174
(7,24) (6,24) 181
(7,24) (8,24) 121
(8,24) (7,24) 157
(8,24) (9,24) 150
(9,24) (8,24) 148
(9,24) (10,24) 115
(10,24) (9,24) 111
(1,25) (2,25) 176
(2,25) (1,25) 95
(2,25) (3,25) 147
(3,25) (2,25) 122
(3,25) (4,25) 161
(4,25) (3,25) 158
(4,25) (5,25) 142
(5,25) (4,25) 176
(5,25) (6,25) 132
(6,25) (5,25) 146
(6,25) (7,25) 149
(7,25) (6,25) 92
(7,25) (8,25) 107
(8,25) (7,25) 161
(8,25) (9,25) 180
(9,25) (8,25) 108
(9,25) (10,25) 125
(10,25) (9,25) 181
(1,26) (2,26) 91
(2,26) (1,26) 93
(2,26) (3,26) 150
(3,26) (2,26) 140
(3,26) (4,26) 165
(4,26) (3,26) 115
(4,26) (5,26) 171
(5,26) (4,26) 96
(5,26) (6,26) 138
(6,26) (5,26) 106
(6,26) (7,26) 124
(7,26) (6,26) 94
(7,26) (8,26) 179
(8,26) (7,26) 147
(8,26) (9,26) 112
(9,26) (8,26) 157
(9,26) (10,26) 172
(10,26) (9,26) 97
(1,27) (2,27) 165
(2,27) (1,27) 127
(2,27) (3,27) 122
(3,27) (2,27) 99
(3,27) (4,27) 137
(4,27) (3,27) 155
(4,27) (5,27) 178
(5,27) (4,27) 138
(5,27) (6,27) 85
(6,27) (5,27) 119
(6,27) (7,27) 179
(7,27) (6,27) 145
(7,27) (8,27) 160
(8,27) (7,27) 90
(8,27) (9,27) 156
(9,27) (8,27) 89
(9,27) (10,27) 175
(10,27) (9,27) 111
(1,28) (2,28) 94
(2,28) (1,28) 104
(2,28) (3,28) 109
(3,28) (2,28) 176
(3,28) (4,28) 129
(4,28) (3,28) 166
(4,28) (5,28) 98
(5,28) (4,28) 86
(5,28) (6,28) 154
(6,28) (5,28) 106
(6,28) (7,28) 90
(7,28) (6,28) 118
(7,28) (8,28) 133
(8,28) (7,28) 123
(8,28) (9,28) 129
(9,28) (8,28) 92
(9,28) (10,28) 137
(10,28) (9,28) 86
(1,29) (2,29) 121
(2,29) (1,29) 120
(2,29) (3,29) 89
(3,29) (2,29) 121
(3,29) (4,29) 184
(4,29) (3,29) 89
(4,29) (5,29) 178
(5,29) (4,29) 146
(5,29) (6,29) 179
(6,29) (5,29) 127
(6,29) (7,29) 103
(7,29) (6,29) 130
(7,29) (8,29) 127
(8,29) (7,29) 91
(8,29) (9,29) 104
(9,29) (8,29) 134
(9,29) (10,29) 164
(10,29) (9,29) 118
(1,30) (2,30) 109
(2,30) (1,30) 168
(2,30) (3,30) 180
(3,30) (2,30) 163
(3,30) (4,30) 158
(4,30) (3,30) 139
(4,30) (5,30) 147
(5,30) (4,30) 184
(5,30) (6,30) 152
(6,30) (5,30) 164
(6,30) (7,30) 98
(7,30) (6,30) 167
(7,30) (8,30) 131
(8,30) (7,30) 109
(8,30) (9,30) 117
(9,30) (8,30) 100
(9,30) (10,30) 122
(10,30) (9,30) 136
(1,31) (2,31) 146
(2,31) (1,31) 111
(2,31) (3,31) 165
(3,31) (2,31) 181
(3,31) (4,31) 126
(4,31) (3,31) 101
(4,31) (5,31) 146
(5,31) (4,31) 133
(5,31) (6,31) 167
(6,31) (5,31) 163
(6,31) (7,31) 148
(7,31) (6,31) 171
(7,31) (8,31) 113
(8,31) (7,31) 109
(8,31) (9,31) 140
(9,31) (8,31) 133
(9,31) (10,31) 174
(10,31) (9,31) 162
(1,32) (2,32) 149
(2,32) (1,32) 132
(2,32) (3,32) 107
(3,32) (2,32) 129
(3,32) (4,32) 139
(4,32) (3,32) 165
(4,32) (5,32) 132
(5,32) (4,32) 117
(5,32) (6,32) 116
(6,32) (5,32) 184
(6,32) (7,32) 104
(7,32) (6,32) 155
(7,32) (8,32) 100
(8,32) (7,32) 159
(8,32) (9,32) 153
(9,32) (8,32) 108
(9,32) (10,32) 128
(10,32) (9,32) 164
(1,33) (2,33) 158
(2,33) (1,33) 139
(2,33) (3,33) 150
(3,33) (2,33) 97
(3,33) (4,33) 121
(4,33) (3,33) 184
(4,33) (5,33) 132
(5,33) (4,33) 181
(5,33) (6,33) 115
(6,33) (5,33) 122
(6,33) (7,33) 94
(7,33) (6,33) 184
(7,33) (8,33) 140
(8,33) (7,33) 147
(8,33) (9,33) 102
(9,33) (8,33) 163
(9,33) (10,33) 108
(10,33) (9,33) 93
(1,34) (2,34) 139
(2,34) (1,34) 170
(2,34) (3,34) 171
(3,34) (2,34) 94
(3,34) (4,34) 153
(4,34) (3,34) 87
(4,34) (5,34) 134
(5,34) (4,34) 162
(5,34) (6,34) 132
(6,34) (5,34) 127
(6,34) (7,34) 174
(7,34) (6,34) 126
(7,34) (8,34) 100
(8,34) (7,34) 165
(8,34) (9,34) 123
(9,34) (8,34) 169
(9,34) (10,34) 134
(10,34) (9,34) 107
(1,35) (2,35) 125
(2,35) (1,35) 162
(2,35) (3,35) 178
(3,35) (2,35) 134
(3,35) (4,35) 135
(4,35) (3,35) 87
(4,35) (5,35) 105
(5,35) (4,35) 110
(5,35) (6,35) 174
(6,35) (5,35) 169
(6,35) (7,35) 169
(7,35) (6,35) 118
(7,35) (8,35) 100
(8,35) (7,35) 122
(8,35) (9,35) 151
(9,35) (8,35) 102
(9,35) (10,35) 171
(10,35) (9,35) 174
(1,36) (2,36) 156
(2,36) (1,36) 182
(2,36) (3,36) 152
(3,36) (2,36) 131
(3,36) (4,36) 86
(4,36) (3,36) 88
(4,36) (5,36) 125
(5,36) (4,36) 151
(5,36) (6,36) 163
(6,36) (5,36) 159
(6,36) (7,36) 136
(7,36) (6,36) 159
(7,36) (8,36) 124
(8,36) (7,36) 142
(8,36) (9,36) 137
(9,36) (8,36) 180
(9,36) (10,36) 92
(10,36) (9,36) 140
(1,37) (2,37) 176
(2,37) (1,37) 182
(2,37) (3,37) 175
(3,37) (2,37) 154
(3,37) (4,37) 111
(4,37) (3,37) 154
(4,37) (5,37) 154
(5,37) (4,37) 148
(5,37) (6,37) 99
(6,37) (5,37) 130
(6,37) (7,37) 136
(7,37) (6,37) 181
(7,37) (8,37) 119
(8,37) (7,37) 181
(8,37) (9,37) 179
(9,37) (8,37) 89
(9,37) (10,37) 101
(10,37) (9,37) 157
(1,38) (2,38) 125
(2,38) (1,38) 93
(2,38) (3,38) 174
(3,38) (2,38) 179
(3,38) (4,38) 115
(4,38) (3,38) 102
(4,38) (5,38) 149
(5,38) (4,38) 173
(5,38) (6,38) 113
(6,38) (5,38) 159
(6,38) (7,38) 140
(7,38) (6,38) 128
(7,38) (8,38) 160
(8,38) (7,38) 133
(8,38) (9,38) 146
(9,38) (8,38) 163
(9,38) (10,38) 92
(10,38) (9,38) 165
(1,39) (2,39) 141
(2,39) (1,39) 152
(2,39) (3,39) 101
(3,39) (2,39) 125
(3,39) (4,39) 136
(4,39) (3,39) 140
(4,39) (5,39) 162
(5,39) (4,39) 105
(5,39) (6,39) 137
(6,39) (5,39) 166
(6,39) (7,39) 177
(7,39) (6,39) 128
(7,39) (8,39) 126
(8,39) (7,39) 133
(8,39) (9,39) 134
(9,39) (8,39) 155
(9,39) (10,39) 177
(10,39) (9,39) 112
(1,40) (2,40) 91
(2,40) (1,40) 165
(2,40) (3,40) 131
(3,40) (2,40) 184
(3,40) (4,40) 117
(4,40) (3,40) 118
(4,40) (5,40) 97
(5,40) (4,40) 160
(5,40) (6,40) 93
(6,40) (5,40) 135
(6,40) (7,40) 174
(7,40) (6,40) 172
(7,40) (8,40) 110
(8,40) (7,40) 170
(8,40) (9,40) 162
(9,40) (8,40) 128
(9,40) (10,40) 170
(10,40) (9,40) 128
(1,41) (2,41) 103
(2,41) (1,41) 101
(2,41) (3,41) 144
(3,41) (2,41) 99
(3,41) (4,41) 176
(4,41) (3,41) 106
(4,41) (5,41) 146
(5,41) (4,41) 123
(5,41) (6,41) 162
(6,41) (5,41) 85
(6,41) (7,41) 173
(7,41) (6,41) 101
(7,41) (8,41) 142
(8,41) (7,41) 140
(8,41) (9,41) 183
(9,41) (8,41) 170
(9,41) (10,41) 121
(10,41) (9,41) 123
(1,42) (2,42) 127
(2,42) (1,42) 86
(2,42) (3,42) 130
(3,42) (2,42) 153
(3,42) (4,42) 103
(4,42) (3,42) 168
(4,42) (5,42) 172
(5,42) (4,42) 139
(5,42) (6,42) 111
(6,42) (5,42) 110
(6,42) (7,42) 120
(7,42) (6,42) 118
(7,42) (8,42) 178
(8,42) (7,42) 107
(8,42) (9,42) 117
(9,42) (8,42) 140
(9,42) (10,42) 163
(10,42) (9,42) 113
(1,43) (2,43) 139
(2,43) (1,43) 97
(2,43) (3,43) 134
(3,43) (2,43) 159
(3,43) (4,43) 177
(4,43) (3,43) 156
(4,43) (5,43) 145
(5,43) (4,43) 88
(5,43) (6,43) 121
(6,43) (5,43) 169
(6,43) (7,43) 159
(7,43) (6,43) 124
(7,43) (8,43) 115
(8,43) (7,43) 119
(8,43) (9,43) 120
(9,43) (8,43) 99
(9,43) (10,43) 137
(10,43) (9,43) 114
(1,44) (2,44) 135
(2,44) (1,44) 103
(2,44) (3,44) 98
(3,44) (2,44) 127
(3,44) (4,44) 159
(4,44) (3,44) 101
(4,44) (5,44) 105
(5,44) (4,44) 161
(5,44) (6,44) 144
(6,44) (5,44) 153
(6,44) (7,44) 177
(7,44) (6,44) 85
(7,44) (8,44) 167
(8,44) (7,44) 159
(8,44) (9,44) 171
(9,44) (8,44) 150
(9,44) (10,44) 146
(10,44) (9,44) 94
(1,45) (2,45) 88
(2,45) (1,45) 150
(2,45) (3,45) 99
(3,45) (2,45) 167
(3,45) (4,45) 150
(4,45) (3,45) 136
(4,45) (5,45) 175
(5,45) (4,45) 131
(5,45) (6,45) 166
(6,45) (5,45) 130
(6,45) (7,45) 155
(7,45) (6,45) 174
(7,45) (8,45) 164
(8,45) (7,45) 129
(8,45) (9,45) 107
(9,45) (8,45) 88
(9,45) (10,45) 98
(10,45) (9,45) 108
(1,46) (2,46) 119
(2,46) (1,46) 150
(2,46) (3,46) 94
(3,46) (2,46) 111
(3,46) (4,46) 140
(4,46) (3,46) 142
(4,46) (5,46) 156
(5,46) (4,46) 172
(5,46) (6,46) 123
(6,46) (5,46) 149
(6,46) (7,46) 85
(7,46) (6,46) 115
(7,46) (8,46) 104
(8,46) (7,46) 157
(8,46) (9,46) 183
(9,46) (8,46) 95
(9,46) (10,46) 123
(10,46) (9,46) 163
(1,47) (2,47) 105
(2,47) (1,47) 152
(2,47) (3,47) 116
(3,47) (2,47) 103
(3,47) (4,47) 153
(4,47) (3,47) 118
(4,47) (5,47) 89
(5,47) (4,47) 91
(5,47) (6,47) 93
(6,47) (5,47) 96
(6,47) (7,47) 141
(7,47) (6,47) 86
(7,47) (8,47) 168
(8,47) (7,47) 131
(8,47) (9,47) 167
(9,47) (8,47) 149
(9,47) (10,47) 123
(10,47) (9,47) 118
(1,48) (2,48) 126
(2,48) (1,48) 118
(2,48) (3,48) 129
(3,48) (2,48) 174
(3,48) (4,48) 96
(4,48) (3,48) 145
(4,48) (5,48) 155
(5,48) (4,48) 86
(5,48) (6,48) 158
(6,48) (5,48) 124
(6,48) (7,48) 128
(7,48) (6,48) 96
(7,48) (8,48) 172
(8,48) (7,48) 91
(8,48) (9,48) 101
(9,48) (8,48) 96
(9,48) (10,48) 184
(10,48) (9,48) 176
(1,49) (2,49) 141
(2,49) (1,49) 103
(2,49) (3,49) 158
(3,49) (2,49) 85
(3,49) (4,49) 93
(4,49) (3,49) 168
(4,49) (5,49) 123
(5,49) (4,49) 131
(5,49) (6,49) 99
(6,49) (5,49) 127
(6,49) (7,49) 179
(7,49) (6,49) 136
(7,49) (8,49) 168
(8,49) (7,49) 139
(8,49) (9,49) 90
(9,49) (8,49) 157
(9,49) (10,49) 92
(10,49) (9,49) 118
(1,50) (2,50) 114
(2,50) (1,50) 134
(2,50) (3,50) 90
(3,50) (2,50) 128
(3,50) (4,50) 155
(4,50) (3,50) 120
(4,50) (5,50) 121
(5,50) (4,50) 176
(5,50) (6,50) 167
(6,50) (5,50) 100
(6,50) (7,50) 163
(7,50) (6,50) 131
(7,50) (8,50) 101
(8,50) (7,50) 182
(8,50) (9,50) 137
(9,50) (8,50) 171
(9,50) (10,50) 105
(10,50) (9,50) 156
(1,51) (2,51) 184
(2,51) (1,51) 177
(2,51) (3,51) 115
(3,51) (2,51) 86
(3,51) (4,51) 103
(4,51) (3,51) 116
(4,51) (5,51) 146
(5,51) (4,51) 164
(5,51) (6,51) 169
(6,51) (5,51) 173
(6,51) (7,51) 132
(7,51) (6,51) 103
(7,51) (8,51) 146
(8,51) (7,51) 168
(8,51) (9,51) 180
(9,51) (8,51) 126
(9,51) (10,51) 134
(10,51) (9,51) 105
(1,52) (2,52) 95
(2,52) (1,52) 91
(2,52) (3,52) 178
(3,52) (2,52) 152
(3,52) (4,52) 111
(4,52) (3,52) 97
(4,52) (5,52) 144
(5,52) (4,52) 130
(5,52) (6,52) 166
(6,52) (5,52) 145
(6,52) (7,52) 149
(7,52) (6,52) 176
(7,52) (8,52) 164
(8,52) (7,52) 170
(8,52) (9,52) 106
(9,52) (8,52) 163
(9,52) (10,52) 144
(10,52) (9,52) 135
(1,53) (2,53) 165
(2,53) (1,53) 119
(2,53) (3,53) 129
(3,53) (2,53) 147
(3,53) (4,53) 138
(4,53) (3,53) 170
(4,53) (5,53) 133
(5,53) (4,53) 172
(5,53) (6,53) 94
(6,53) (5,53) 96
(6,53) (7,53) 155
(7,53) (6,53) 177
(7,53) (8,53) 135
(8,53) (7,53) 168
(8,53) (9,53) 162
(9,53) (8,53) 110
(9,53) (10,53) 174
(10,53) (9,53) 174
(1,54) (2,54) 154
(2,54) (1,54) 155
(2,54) (3,54) 154
(3,54) (2,54) 161
(3,54) (4,54) 119
(4,54) (3,54) 113
(4,54) (5,54) 142
(5,54) (4,54) 113
(5,54) (6,54) 168
(6,54) (5,54) 96
(6,54) (7,54) 123
(7,54) (6,54) 181
(7,54) (8,54) 99
(8,54) (7,54) 170
(8,54) (9,54) 124
(9,54) (8,54) 107
(9,54) (10,54) 132
(10,54) (9,54) 169
(1,55) (2,55) 131
(2,55) (1,55) 116
(2,55) (3,55) 95
(3,55) (2,55) 128
(3,55) (4,55) 149
(4,55) (3,55) 131
(4,55) (5,55) 94
(5,55) (4,55) 140
(5,55) (6,55) 105
(6,55) (5,55) 90
(6,55) (7,55) 141
(7,55) (6,55) 110
(7,55) (8,55) 109
(8,55) (7,55) 92
(8,55) (9,55) 102
(9,55) (8,55) 90
(9,55) (10,55) 94
(10,55) (9,55) 139
(1,56) (2,56) 132
(2,56) (1,56) 166
(2,56) (3,56) 136
(3,56) (2,56) 146
(3,56) (4,56) 148
(4,56) (3,56) 184
(4,56) (5,56) 123
(5,56) (4,56) 172
(5,56) (6,56) 94
(6,56) (5,56) 155
(6,56) (7,56) 140
(7,56) (6,56) 144
(7,56) (8,56) 122
(8,56) (7,56) 113
(8,56) (9,56) 139
(9,56) (8,56) 92
(9,56) (10,56) 100
(10,56) (9,56) 175
(1,57) (2,57) 150
(2,57) (1,57) 124
(2,57) (3,57) 115
(3,57) (2,57) 174
(3,57) (4,57) 135
(4,57) (3,57) 127
(4,57) (5,57) 94
(5,57) (4,57) 89
(5,57) (6,57) 132
(6,57) (5,57) 161
(6,57) (7,57) 87
(7,57) (6,57) 180
(7,57) (8,57) 112
(8,57) (7,57) 146
(8,57) (9,57) 122
(9,57) (8,57) 168
(9,57) (10,57) 153
(10,57) (9,57) 136
(1,58) (2,58) 138
(2,58) (1,58) 170
(2,58) (3,58) 177
(3,58) (2,58) 160
(3,58) (4,58) 99
(4,58) (3,58) 102
(4,58) (5,58) 182
(5,58) (4,58) 98
(5,58) (6,58) 108
(6,58) (5,58) 104
(6,58) (7,58) 104
(7,58) (6,58) 114
(7,58) (8,58) 87
(8,58) (7,58) 173
(8,58) (9,58) 85
(9,58) (8,58) 111
(9,58) (10,58) 136
(10,58) (9,58) 100
(1,59) (2,59) 115
(2,59) (1,59) 107
(2,59) (3,59) 183
(3,59) (2,59) 145
(3,59) (4,59) 102
(4,59) (3,59) 166
(4,59) (5,59) 94
(5,59) (4,59) 168
(5,59) (6,59) 132
(6,59) (5,59) 88
(6,59) (7,59) 115
(7,59) (6,59) 139
(7,59) (8,59) 127
(8,59) (7,59) 130
(8,59) (9,59) 159
(9,59) (8,59) 173
(9,59) (10,59) 183
(10,59) (9,59) 157
(1,60) (2,60) 136
(2,60) (1,60) 103
(2,60) (3,60) 94
(3,60) (2,60) 118
(3,60) (4,60) 173
(4,60) (3,60) 117
(4,60) (5,60) 148
(5,60) (4,60) 85
(5,60) (6,60) 160
(6,60) (5,60) 178
(6,60) (7,60) 139
(7,60) (6,60) 141
(7,60) (8,60) 85
(8,60) (7,60) 162
(8,60) (9,60) 92
(9,60) (8,60) 106
(9,60) (10,60) 111
(10,60) (9,60) 136
(1,61) (2,61) 176
(2,61) (1,61) 150
(2,61) (3,61) 163
(3,61) (2,61) 112
(3,61) (4,61) 182
(4,61) (3,61) 158
(4,61) (5,61) 141
(5,61) (4,61) 131
(5,61) (6,61) 86
(6,61) (5,61) 176
(6,61) (7,61) 90
(7,61) (6,61) 178
(7,61) (8,61) 103
(8,61) (7,61) 103
(8,61) (9,61) 179
(9,61) (8,61) 138
(9,61) (10,61) 98
(10,61) (9,61) 134
(1,62) (2,62) 174
(2,62) (1,62) 121
(2,62) (3,62) 125
(3,62) (2,62) 139
(3,62) (4,62) 156
(4,62) (3,62) 142
(4,62) (5,62) 175
(5,62) (4,62) 129
(5,62) (6,62) 163
(6,62) (5,62) 115
(6,62) (7,62) 137
(7,62) (6,62) 155
(7,62) (8,62) 85
(8,62) (7,62) 120
(8,62) (9,62) 165
(9,62) (8,62) 117
(9,62) (10,62) 170
(10,62) (9,62) 165
(1,63) (2,63) 94
(2,63) (1,63) 168
(2,63) (3,63) 143
(3,63) (2,63) 152
(3,63) (4,63) 101
(4,63) (3,63) 103
(4,63) (5,63) 148
(5,63) (4,63) 161
(5,63) (6,63) 123
(6,63) (5,63) 149
(6,63) (7,63) 91
(7,63) (6,63) 87
(7,63) (8,63) 177
(8,63) (7,63) 101
(8,63) (9,63) 171
(9,63) (8,63) 155
(9,63) (10,63) 97
(10,63) (9,63) 94
(1,64) (2,64) 85
(2,64) (1,64) 105
(2,64) (3,64) 158
(3,64) (2,64) 103
(3,64) (4,64) 162
(4,64) (3,64) 96
(4,64) (5,64) 123
(5,64) (4,64) 124
(5,64) (6,64) 124
(6,64) (5,64) 167
(6,64) (7,64) 153
(7,64) (6,64) 127
(7,64) (8,64) 102
(8,64) (7,64) 138
(8,64) (9,64) 88
(9,64) (8,64) 177
(9,64) (10,64) 153
(10,64) (9,64) 166
(1,65) (2,65) 132
(2,65) (1,65) 101
(2,65) (3,65) 97
(3,65) (2,65) 124
(3,65) (4,65) 173
(4,65) (3,65) 92
(4,65) (5,65) 101
(5,65) (4,65) 114
(5,65) (6,65) 164
(6,65) (5,65) 160
(6,65) (7,65) 96
(7,65) (6,65) 108
(7,65) (8,65) 169
(8,65) (7,65) 99
(8,65) (9,65) 109
(9,65) (8,65) 172
(9,65) (10,65) 163
(10,65) (9,65) 115
(1,66) (2,66) 166
(2,66) (1,66) 108
(2,66) (3,66) 87
(3,66) (2,66) 139
(3,66) (4,66) 173
(4,66) (3,66) 103
(4,66) (5,66) 137
(5,66) (4,66) 101
(5,66) (6,66) 180
(6,66) (5,66) 179
(6,66) (7,66) 139
(7,66) (6,66) 107
(7,66) (8,66) 171
(8,66) (7,66) 90
(8,66) (9,66) 156
(9,66) (8,66) 100
(9,66) (10,66) 184
(10,66) (9,66) 162
(1,67) (2,67) 166
(2,67) (1,67) 152
(2,67) (3,67) 119
(3,67) (2,67) 115
(3,67) (4,67) 105
(4,67) (3,67) 149
(4,67) (5,67) 144
(5,67) (4,67) 148
(5,67) (6,67) 157
(6,67) (5,67) 181
(6,67) (7,67) 118
(7,67) (6,67) 149
(7,67) (8,67) 158
(8,67) (7,67) 134
(8,67) (9,67) 134
(9,67) (8,67) 135
(9,67) (10,67) 147
(10,67) (9,67) 184
(1,68) (2,68) 113
(2,68) (1,68) 175
(2,68) (3,68) 176
(3,68) (2,68) 105
(3,68) (4,68) 119
(4,68) (3,68) 110
(4,68) (5,68) 133
(5,68) (4,68) 88
(5,68) (6,68) 145
(6,68) (5,68) 142
(6,68) (7,68) 116
(7,68) (6,68) 168
(7,68) (8,68) 102
(8,68) (7,68) 169
(8,68) (9,68) 94
(9,68) (8,68) 132
(9,68) (10,68) 94
(10,68) (9,68) 122
(1,69) (2,69) 151
(2,69) (1,69) 111
(2,69) (3,69) 104
(3,69) (2,69) 114
(3,69) (4,69) 165
(4,69) (3,69) 150
(4,69) (5,69) 90
(5,69) (4,69) 169
(5,69) (6,69) 144
(6,69) (5,69) 175
(6,69) (7,69) 183
(7,69) (6,69) 175
(7,69) (8,69) 180
(8,69) (7,69) 137
(8,69) (9,69) 93
(9,69) (8,69) 98
(9,69) (10,69) 170
(10,69) (9,69) 122
(1,70) (2,70) 88
(2,70) (1,70) 96
(2,70) (3,70) 184
(3,70) (2,70) 160
(3,70) (4,70) 132
(4,70) (3,70) 119
(4,70) (5,70) 97
(5,70) (4,70) 179
(5,70) (6,70) 163
(6,70) (5,70) 157
(6,70) (7,70) 93
(7,70) (6,70) 142
(7,70) (8,70) 163
(8,70) (7,70) 131
(8,70) (9,70) 115
(9,70) (8,70) 130
(9,70) (10,70) 155
(10,70) (9,70) 86
(1,71) (2,71) 133
(2,71) (1,71) 136
(2,71) (3,71) 172
(3,71) (2,71) 116
(3,71) (4,71) 100
(4,71) (3,71) 142
(4,71) (5,71) 140
(5,71) (4,71) 141
(5,71) (6,71) 90
(6,71) (5,71) 168
(6,71) (7,71) 124
(7,71) (6,71) 178
(7,71) (8,71) 88
(8,71) (7,71) 97
(8,71) (9,71) 155
(9,71) (8,71) 103
(9,71) (10,71) 113
(10,71) (9,71) 89
(1,72) (2,72) 139
(2,72) (1,72) 113
(2,72) (3,72) 114
(3,72) (2,72) 139
(3,72) (4,72) 170
(4,72) (3,72) 107
(4,72) (5,72) 163
(5,72) (4,72) 88
(5,72) (6,72) 181
(6,72) (5,72) 134
(6,72) (7,72) 92
(7,72) (6,72) 151
(7,72) (8,72) 162
(8,72) (7,72) 129
(8,72) (9,72) 161
(9,72) (8,72) 104
(9,72) (10,72) 181
(10,72) (9,72) 139
(1,73) (2,73) 147
(2,73) (1,73) 112
(2,73) (3,73) 147
(3,73) (2,73) 116
(3,73) (4,73) 129
(4,73) (3,73) 98
(4,73) (5,73) 130
(5,73) (4,73) 102
(5,73) (6,73) 178
(6,73) (5,73) 128
(6,73) (7,73) 128
(7,73) (6,73) 135
(7,73) (8,73) 181
(8,73) (7,73) 138
(8,73) (9,73) 149
(9,73) (8,73) 89
(9,73) (10,73) 87
(10,73) (9,73) 140
(1,74) (2,74) 136
(2,74) (1,74) 159
(2,74) (3,74) 108
(3,74) (2,74) 143
(3,74) (4,74) 108
(4,74) (3,74) 132
(4,74) (5,74) 107
(5,74) (4,74) 97
(5,74) (6,74) 93
(6,74) (5,74) 123
(6,74) (7,74) 156
(7,74) (6,74) 138
(7,74) (8,74) 175
(8,74) (7,74) 112
(8,74) (9,74) 168
(9,74) (8,74) 139
(9,74) (10,74) 89
(10,74) (9,74) 133
(1,75) (2,75) 180
(2,75) (1,75) 167
(2,75) (3,75) 99
(3,75) (2,75) 173
(3,75) (4,75) 183
(4,75) (3,75) 138
(4,75) (5,75) 102
(5,75) (4,75) 88
(5,75) (6,75) 178
(6,75) (5,75) 166
(6,75) (7,75) 88
(7,75) (6,75) 129
(7,75) (8,75) 129
(8,75) (7,75) 164
(8,75) (9,75) 149
(9,75) (8,75) 164
(9,75) (10,75) 100
(10,75) (9,75) 175
(1,76) (2,76) 112
(2,76) (1,76) 135
(2,76) (3,76) 111
(3,76) (2,76) 140
(3,76) (4,76) 104
(4,76) (3,76) 151
(4,76) (5,76) 124
(5,76) (4,76) 106
(5,76) (6,76) 96
(6,76) (5,76) 100
(6,76) (7,76) 131
(7,76) (6,76) 98
(7,76) (8,76) 125
(8,76) (7,76) 127
(8,76) (9,76) 169
(9,76) (8,76) 143
(9,76) (10,76) 179
(10,76) (9,76) 161
(1,77) (2,77) 127
(2,77) (1,77) 179
(2,77) (3,77) 121
(3,77) (2,77) 100
(3,77) (4,77) 125
(4,77) (3,77) 126
(4,77) (5,77) 111
(5,77) (4,77) 127
(5,77) (6,77) 111
(6,77) (5,77) 117
(6,77) (7,77) 100
(7,77) (6,77) 170
(7,77) (8,77) 174
(8,77) (7,77) 95
(8,77) (9,77) 93
(9,77) (8,77) 116
(9,77) (10,77) 172
(10,77) (9,77) 168
(1,78) (2,78) 86
(2,78) (1,78) 173
(2,78) (3,78) 115
(3,78) (2,78) 143
(3,78) (4,78) 138
(4,78) (3,78) 112
(4,78) (5,78) 93
(5,78) (4,78) 138
(5,78) (6,78) 137
(6,78) (5,78) 115
(6,78) (7,78) 151
(7,78) (6,78) 157
(7,78) (8,78) 94
(8,78) (7,78) 125
(8,78) (9,78) 130
(9,78) (8,78) 128
(9,78) (10,78) 119
(10,78) (9,78) 118
(1,79) (2,79) 170
(2,79) (1,79) 130
(2,79) (3,79) 87
(3,79) (2,79) 141
(3,79) (4,79) 141
(4,79) (3,79) 170
(4,79) (5,79) 86
(5,79) (4,79) 86
(5,79) (6,79) 180
(6,79) (5,79) 133
(6,79) (7,79) 116
(7,79) (6,79) 132
(7,79) (8,79) 183
(8,79) (7,79) 138
(8,79) (9,79) 107
(9,79) (8,79) 142
(9,79) (10,79) 119
(10,79) (9,79) 170
(1,80) (2,80) 175
(2,80) (1,80) 142
(2,80) (3,80) 142
(3,80) (2,80) 137
(3,80) (4,80) 86
(4,80) (3,80) 104
(4,80) (5,80) 181
(5,80) (4,80) 130
(5,80) (6,80) 141
(6,80) (5,80) 169
(6,80) (7,80) 113
(7,80) (6,80) 104
(7,80) (8,80) 114
(8,80) (7,80) 160
(8,80) (9,80) 165
(9,80) (8,80) 129
(9,80) (10,80) 102
(10,80) (9,80) 164
(1,81) (2,81) 92
(2,81) (1,81) 119
(2,81) (3,81) 147
(3,81) (2,81) 88
(3,81) (4,81) 156
(4,81) (3,81) 119
(4,81) (5,81) 103
(5,81) (4,81) 101
(5,81) (6,81) 119
(6,81) (5,81) 141
(6,81) (7,81) 121
(7,81) (6,81) 154
(7,81) (8,81) 130
(8,81) (7,81) 179
(8,81) (9,81) 130
(9,81) (8,81) 124
(9,81) (10,81) 104
(10,81) (9,81) 154
(1,82) (2,82) 135
(2,82) (1,82) 160
(2,82) (3,82) 148
(3,82) (2,82) 162
(3,82) (4,82) 106
(4,82) (3,82) 133
(4,82) (5,82) 144
(5,82) (4,82) 183
(5,82) (6,82) 135
(6,82) (5,82) 130
(6,82) (7,82) 165
(7,82) (6,82) 160
(7,82) (8,82) 174
(8,82) (7,82) 181
(8,82) (9,82) 108
(9,82) (8,82) 117
(9,82) (10,82) 162
(10,82) (9,82) 111
(1,83) (2,83) 104
(2,83) (1,83) 146
(2,83) (3,83) 164
(3,83) (2,83) 112
(3,83) (4,83) 93
(4,83) (3,83) 105
(4,83) (5,83) 118
(5,83) (4,83) 108
(5,83) (6,83) 89
(6,83) (5,83) 90
(6,83) (7,83) 143
(7,83) (6,83) 112
(7,83) (8,83) 129
(8,83) (7,83) 105
(8,83) (9,83) 129
(9,83) (8,83) 155
(9,83) (10,83) 145
(10,83) (9,83) 181
(1,84) (2,84) 123
(2,84) (1,84) 89
(2,84) (3,84) 86
(3,84) (2,84) 149
(3,84) (4,84) 113
(4,84) (3,84) 105
(4,84) (5,84) 132
(5,84) (4,84) 184
(5,84) (6,84) 157
(6,84) (5,84) 163
(6,84) (7,84) 136
(7,84) (6,84) 151
(7,84) (8,84) 184
(8,84) (7,84) 120
(8,84) (9,84) 138
(9,84) (8,84) 141
(9,84) (10,84) 106
(10,84) (9,84) 130
(1,85) (2,85) 176
(2,85) (1,85) 99
(2,85) (3,85) 87
(3,85) (2,85) 97
(3,85) (4,85) 92
(4,85) (3,85) 150
(4,85) (5,85) 123
(5,85) (4,85) 132
(5,85) (6,85) 113
(6,85) (5,85) 162
(6,85) (7,85) 136
(7,85) (6,85) 154
(7,85) (8,85) 106
(8,85) (7,85) 139
(8,85) (9,85) 99
(9,85) (8,85) 93
(9,85) (10,85) 123
(10,85) (9,85) 159
(1,86) (2,86) 129
(2,86) (1,86) 104
(2,86) (3,86) 136
(3,86) (2,86) 170
(3,86) (4,86) 129
(4,86) (3,86) 93
(4,86) (5,86) 132
(5,86) (4,86) 169
(5,86) (6,86) 92
(6,86) (5,86) 86
(6,86) (7,86) 139
(7,86) (6,86) 174
(7,86) (8,86) 145
(8,86) (7,86) 177
(8,86) (9,86) 160
(9,86) (8,86) 126
(9,86) (10,86) 147
(10,86) (9,86) 88
(1,87) (2,87) 115
(2,87) (1,87) 137
(2,87) (3,87) 172
(3,87) (2,87) 143
(3,87) (4,87) 91
(4,87) (3,87) 134
(4,87) (5,87) 107
(5,87) (4,87) 141
(5,87) (6,87) 184
(6,87) (5,87) 123
(6,87) (7,87) 162
(7,87) (6,87) 177
(7,87) (8,87) 139
(8,87) (7,87) 120
(8,87) (9,87) 103
(9,87) (8,87) 176
(9,87) (10,87) 127
(10,87) (9,87) 113
(1,88) (2,88) 169
(2,88) (1,88) 117
(2,88) (3,88) 176
(3,88) (2,88) 131
(3,88) (4,88) 112
(4,88) (3,88) 118
(4,88) (5,88) 135
(5,88) (4,88) 99
(5,88) (6,88) 105
(6,88) (5,88) 167
(6,88) (7,88) 90
(7,88) (6,88) 130
(7,88) (8,88) 163
(8,88) (7,88) 110
(8,88) (9,88) 118
(9,88) (8,88) 109
(9,88) (10,88) 180
(10,88) (9,88) 128
(1,89) (2,89) 143
(2,89) (1,89) 132
(2,89) (3,89) 100
(3,89) (2,89) 163
(3,89) (4,89) 183
(4,89) (3,89) 122
(4,89) (5,89) 157
(5,89) (4,89) 105
(5,89) (6,89) 131
(6,89) (5,89) 172
(6,89) (7,89) 122
(7,89) (6,89) 89
(7,89) (8,89) 163
(8,89) (7,89) 132
(8,89) (9,89) 154
(9,89) (8,89) 89
(9,89) (10,89) 141
(10,89) (9,89) 170
(1,90) (2,90) 130
(2,90) (1,90) 167
(2,90) (3,90) 174
(3,90) (2,90) 113
(3,90) (4,90) 151
(4,90) (3,90) 174
(4,90) (5,90) 129
(5,90) (4,90) 183
(5,90) (6,90) 123
(6,90) (5,90) 158
(6,90) (7,90) 157
(7,90) (6,90) 154
(7,90) (8,90) 178
(8,90) (7,90) 117
(8,90) (9,90) 158
(9,90) (8,90) 93
(9,90) (10,90) 144
(10,90) (9,90) 100
(1,91) (2,91) 95
(2,91) (1,91) 92
(2,91) (3,91) 142
(3,91) (2,91) 181
(3,91) (4,91) 167
(4,91) (3,91) 92
(4,91) (5,91) 115
(5,91) (4,91) 178
(5,91) (6,91) 178
(6,91) (5,91) 166
(6,91) (7,91) 114
(7,91) (6,91) 95
(7,91) (8,91) 87
(8,91) (7,91) 129
(8,91) (9,91) 106
(9,91) (8,91) 126
(9,91) (10,91) 88
(10,91) (9,91) 88
(1,92) (2,92) 169
(2,92) (1,92) 184
(2,92) (3,92) 102
(3,92) (2,92) 178
(3,92) (4,92) 182
(4,92) (3,92) 177
(4,92) (5,92) 124
(5,92) (4,92) 142
(5,92) (6,92) 86
(6,92) (5,92) 145
(6,92) (7,92) 151
(7,92) (6,92) 115
(7,92) (8,92) 146
(8,92) (7,92) 153
(8,92) (9,92) 172
(9,92) (8,92) 89
(9,92) (10,92) 139
(10,92) (9,92) 145
(1,93) (2,93) 134
(2,93) (1,93) 90
(2,93) (3,93) 170
(3,93) (2,93) 92
(3,93) (4,93) 130
(4,93) (3,93) 152
(4,93) (5,93) 183
(5,93) (4,93) 110
(5,93) (6,93) 85
(6,93) (5,93) 92
(6,93) (7,93) 141
(7,93) (6,93) 162
(7,93) (8,93) 85
(8,93) (7,93) 152
(8,93) (9,93) 133
(9,93) (8,93) 99
(9,93) (10,93) 168
(10,93) (9,93) 114
(1,94) (2,94) 157
(2,94) (1,94) 146
(2,94) (3,94) 102
(3,94) (2,94) 179
(3,94) (4,94) 156
(4,94) (3,94) 127
(4,94) (5,94) 159
(5,94) (4,94) 128
(5,94) (6,94) 180
(6,94) (5,94) 118
(6,94) (7,94) 122
(7,94) (6,94) 144
(7,94) (8,94) 90
(8,94) (7,94) 137
(8,94) (9,94) 180
(9,94) (8,94) 129
(9,94) (10,94) 98
(10,94) (9,94) 90
(1,95) (2,95) 140
(2,95) (1,95) 98
(2,95) (3,95) 135
(3,95) (2,95) 177
(3,95) (4,95) 155
(4,95) (3,95) 164
(4,95) (5,95) 131
(5,95) (4,95) 132
(5,95) (6,95) 149
(6,95) (5,95) 180
(6,95) (7,95) 158
(7,95) (6,95) 169
(7,95) (8,95) 124
(8,95) (7,95) 135
(8,95) (9,95) 112
(9,95) (8,95) 86
(9,95) (10,95) 97
(10,95) (9,95) 159
(1,96) (2,96) 112
(2,96) (1,96) 153
(2,96) (3,96) 120
(3,96) (2,96) 143
(3,96) (4,96) 122
(4,96) (3,96) 122
(4,96) (5,96) 92
(5,96) (4,96) 171
(5,96) (6,96) 105
(6,96) (5,96) 153
(6,96) (7,96) 146
(7,96) (6,96) 94
(7,96) (8,96) 132
(8,96) (7,96) 116
(8,96) (9,96) 104
(9,96) (8,96) 127
(9,96) (10,96) 148
(10,96) (9,96) 98
(1,97) (2,97) 138
(2,97) (1,97) 179
(2,97) (3,97) 140
(3,97) (2,97) 144
(3,97) (4,97) 107
(4,97) (3,97) 145
(4,97) (5,97) 104
(5,97) (4,97) 169
(5,97) (6,97) 133
(6,97) (5,97) 106
(6,97) (7,97) 170
(7,97) (6,97) 153
(7,97) (8,97) 123
(8,97) (7,97) 160
(8,97) (9,97) 138
(9,97) (8,97) 110
(9,97) (10,97) 141
(10,97) (9,97) 177
(1,98) (2,98) 158
(2,98) (1,98) 182
(2,98) (3,98) 104
(3,98) (2,98) 140
(3,98) (4,98) 183
(4,98) (3,98) 153
(4,98) (5,98) 183
(5,98) (4,98) 131
(5,98) (6,98) 176
(6,98) (5,98) 104
(6,98) (7,98) 138
(7,98) (6,98) 137
(7,98) (8,98) 97
(8,98) (7,98) 120
(8,98) (9,98) 121
(9,98) (8,98) 168
(9,98) (10,98) 147
(10,98) (9,98) 141
(1,99) (2,99) 153
(2,99) (1,99) 107
(2,99) (3,99) 163
(3,99) (2,99) 154
(3,99) (4,99) 135
(4,99) (3,99) 101
(4,99) (5,99) 176
(5,99) (4,99) 158
(5,99) (6,99) 90
(6,99) (5,99) 102
(6,99) (7,99) 111
(7,99) (6,99) 166
(7,99) (8,99) 156
(8,99) (7,99) 100
(8,99) (9,99) 182
(9,99) (8,99) 149
(9,99) (10,99) 136
(10,99) (9,99) 100
(1,100) (2,100) 101
(2,100) (1,100) 129
(2,100) (3,100) 131
(3,100) (2,100) 135
(3,100) (4,100) 97
(4,100) (3,100) 91
(4,100) (5,100) 110
(5,100) (4,100) 110
(5,100) (6,100) 154
(6,100) (5,100) 91
(6,100) (7,100) 164
(7,100) (6,100) 132
(7,100) (8,100) 177
(8,100) (7,100) 131
(8,100) (9,100) 137
(9,100) (8,100) 154
(9,100) (10,100) 127
(10,100) (9,100) 134
(1,100) t 90
(2,100) t 171
(3,100) t 98
(4,100) t 101
(5,100) t 108
(6,100) t 151
(7,100) t 126
(8,100) t 176
(9,100) t 101
(10,100) t 135
