s (1,1) 77
s (2,1) 61
s (3,1) 57
s (4,1) 37
s (5,1) 20
s (6,1) 30
s (7,1) 71
s (8,1) 78
s (9,1) 50
s (10,1) 18
(1,1) (1,2) 105
(2,1) (2,2) 74
(3,1) (3,2) 88
(4,1) (4,2) 69
(5,1) (5,2) 109
(6,1) (6,2) 17
(7,1) (7,2) 57
(8,1) (8,2) 67
(9,1) (9,2) 58
(10,1) (10,2) 36
(1,2) (1,3) 53
(2,2) (2,3) 20
(3,2) (3,3) 80
(4,2) (4,3) 35
(5,2) (5,3) 50
(6,2) (6,3) 30
(7,2) (7,3) 69
(8,2) (8,3) 46
(9,2) (9,3) 50
(10,2) (10,3) 110
(1,3) (1,4) 93
(2,3) (2,4) 101
(3,3) (3,4) 71
(4,3) (4,4) 20
(5,3) (5,4) 47
(6,3) (6,4) 52
(7,3) (7,4) 101
(8,3) (8,4) 107
(9,3) (9,4) 94
(10,3) (10,4) 45
(1,4) (1,5) 98
(2,4) (2,5) 33
(3,4) (3,5) 34
(4,4) (4,5) 88
(5,4) (5,5) 80
(6,4) (6,5) 73
(7,4) (7,5) 57
(8,4) (8,5) 52
(9,4) (9,5) 79
(10,4) (10,5) 40
(1,5) (1,6) 81
(2,5) (2,6) 20
(3,5) (3,6) 17
(4,5) (4,6) 50
(5,5) (5,6) 114
(6,5) (6,6) 31
(7,5) (7,6) 108
(8,5) (8,6) 84
(9,5) (9,6) 81
(10,5) (10,6) 21
(1,6) (1,7) 72
(2,6) (2,7) 79
(3,6) (3,7) 39
(4,6) (4,7) 54
(5,6) (5,7) 114
(6,6) (6,7) 99
(7,6) (7,7) 60
(8,6) (8,7) 21
(9,6) (9,7) 25
(10,6) (10,7) 103
(1,7) (1,8) 99
(2,7) (2,8) 18
(3,7) (3,8) 92
(4,7) (4,8) 111
(5,7) (5,8) 108
(6,7) (6,8) 50
(7,7) (7,8) 112
(8,7) (8,8) 16
(9,7) (9,8) 25
(10,7) (10,8) 84
(1,8) (1,9) 80
(2,8) (2,9) 63
(3,8) (3,9) 114
(4,8) (4,9) 92
(5,8) (5,9) 83
(6,8) (6,9) 68
(7,8) (7,9) 104
(8,8) (8,9) 103
(9,8) (9,9) 99
(10,8) (10,9) 78
(1,9) (1,10) 105
(2,9) (2,10) 66
(3,9) (3,10) 88
(4,9) (4,10) 36
(5,9) (5,10) 66
(6,9) (6,10) 57
(7,9) (7,10) 27
(8,9) (8,10) 16
(9,9) (9,10) 37
(10,9) (10,10) 57
(1,10) (1,11) 85
(2,10) (2,11) 84
(3,10) (3,11) 74
(4,10) (4,11) 58
(5,10) (5,11) 24
(6,10) (6,11) 102
(7,10) (7,11) 58
(8,10) (8,11) 99
(9,10) (9,11) 46
(10,10) (10,11) 109
(1,11) (1,12) 48
(2,11) (2,12) 107
(3,11) (3,12) 105
(4,11) (4,12) 58
(5,11) (5,12) 52
(6,11) (6,12) 64
(7,11) (7,12) 99
(8,11) (8,12) 53
(9,11) (9,12) 22
(10,11) (10,12) 20
(1,12) (1,13) 78
(2,12) (2,13) 48
(3,12) (3,13) 47
(4,12) (4,13) 20
(5,12) (5,13) 23
(6,12) (6,13) 71
(7,12) (7,13) 110
(8,12) (8,13) 102
(9,12) (9,13) 65
(10,12) (10,13) 82
(1,13) (1,14) 94
(2,13) (2,14) 23
(3,13) (3,14) 94
(4,13) (4,14) 19
(5,13) (5,14) 36
(6,13) (6,14) 53
(7,13) (7,14) 106
(8,13) (8,14) 57
(9,13) (9,14) 33
(10,13) (10,14) 83
(1,14) (1,15) 40
(2,14) (2,15) 113
(3,14) (3,15) 106
(4,14) (4,15) 75
(5,14) (5,15) 106
(6,14) (6,15) 97
(7,14) (7,15) 21
(8,14) (8,15) 85
(9,14) (9,15) 112
(10,14) (10,15) 87
(1,15) (1,16) 68
(2,15) (2,16) 98
(3,15) (3,16) 69
(4,15) (4,16) 67
(5,15) (5,16) 32
(6,15) (6,16) 92
(7,15) (7,16) 102
(8,15) (8,16) 26
(9,15) (9,16) 55
(10,15) (10,16) 114
(1,16) (1,17) 21
(2,16) (2,17) 102
(3,16) (3,17) 35
(4,16) (4,17) 56
(5,16) (5,17) 54
(6,16) (6,17) 56
(7,16) (7,17) 31
(8,16) (8,17) 67
(9,16) (9,17) 100
(10,16) (10,17) 29
(1,17) (1,18) 81
(2,17) (2,18) 39
(3,17) (3,18) 27
(4,17) (4,18) 108
(5,17) (5,18) 52
(6,17) (6,18) 99
(7,17) (7,18) 73
(8,17) (8,18) 98
(9,17) (9,18) 94
(10,17) (10,18) 107
(1,18) (1,19) 76
(2,18) (2,19) 28
(3,18) (3,19) 50
(4,18) (4,19) 53
(5,18) (5,19) 49
(6,18) (6,19) 42
(7,18) (7,19) 35
(8,18) (8,19) 38
(9,18) (9,19) 31
(10,18) (10,19) 30
(1,19) (1,20) 70
(2,19) (2,20) 95
(3,19) (3,20) 22
(4,19) (4,20) 99
(5,19) (5,20) 43
(6,19) (6,20) 39
(7,19) (7,20) 38
(8,19) (8,20) 47
(9,19) (9,20) 81
(10,19) (10,20) 105
(1,20) (1,21) 27
(2,20) (2,21) 32
(3,20) (3,21) 101
(4,20) (4,21) 103
(5,20) (5,21) 31
(6,20) (6,21) 42
(7,20) (7,21) 16
(8,20) (8,21) 58
(9,20) (9,21) 93
(10,20) (10,21) 111
(1,21) (1,22) 110
(2,21) (2,22) 33
(3,21) (3,22) 105
(4,21) (4,22) 57
(5,21) (5,22) 76
(6,21) (6,22) 62
(7,21) (7,22) 33
(8,21) (8,22) 50
(9,21) (9,22) 41
(10,21) (10,22) 96
(1,22) (1,23) 63
(2,22) (2,23) 102
(3,22) (3,23) 45
(4,22) (4,23) 82
(5,22) (5,23) 32
(6,22) (6,23) 89
(7,22) (7,23) 107
(8,22) (8,23) 105
(9,22) (9,23) 58
(10,22) (10,23) 20
(1,23) (1,24) 89
(2,23) (2,24) 53
(3,23) (3,24) 85
(4,23) (4,24) 109
(5,23) (5,24) 58
(6,23) (6,24) 54
(7,23) (7,24) 28
(8,23) (8,24) 15
(9,23) (9,24) 84
(10,23) (10,24) 50
(1,24) (1,25) 63
(2,24) (2,25) 83
(3,24) (3,25) 71
(4,24) (4,25) 32
(5,24) (5,25) 105
(6,24) (6,25) 70
(7,24) (7,25) 91
(8,24) (8,25) 15
(9,24) (9,25) 65
(10,24) (10,25) 109
(1,25) (1,26) 78
(2,25) (2,26) 49
(3,25) (3,26) 34
(4,25) (4,26) 84
(5,25) (5,26) 106
(6,25) (6,26) 31
(7,25) (7,26) 112
(8,25) (8,26) 20
(9,25) (9,26) 82
(10,25) (10,26) 102
(1,26) (1,27) 21
(2,26) (2,27) 102
(3,26) (3,27) 19
(4,26) (4,27) 40
(5,26) (5,27) 21
(6,26) (6,27) 24
(7,26) (7,27) 103
(8,26) (8,27) 61
(9,26) (9,27) 86
(10,26) (10,27) 82
(1,27) (1,28) 106
(2,27) (2,28) 106
(3,27) (3,28) 93
(4,27) (4,28) 15
(5,27) (5,28) 54
(6,27) (6,28) 51
(7,27) (7,28) 86
(8,27) (8,28) 51
(9,27) (9,28) 45
(10,27) (10,28) 53
(1,28) (1,29) 94
(2,28) (2,29) 109
(3,28) (3,29) 25
(4,28) (4,29) 63
(5,28) (5,29) 108
(6,28) (6,29) 22
(7,28) (7,29) 36
(8,28) (8,29) 34
(9,28) (9,29) 77
(10,28) (10,29) 29
(1,29) (1,30) 73
(2,29) (2,30) 81
(3,29) (3,30) 49
(4,29) (4,30) 54
(5,29) (5,30) 95
(6,29) (6,30) 62
(7,29) (7,30) 56
(8,29) (8,30) 105
(9,29) (9,30) 65
(10,29) (10,30) 31
(1,30) (1,31) 21
(2,30) (2,31) 64
(3,30) (3,31) 76
(4,30) (4,31) 45
(5,30) (5,31) 90
(6,30) (6,31) 94
(7,30) (7,31) 42
(8,30) (8,31) 39
(9,30) (9,31) 57
(10,30) (10,31) 95
(1,31) (1,32) 48
(2,31) (2,32) 88
(3,31) (3,32) 104
(4,31) (4,32) 57
(5,31) (5,32) 91
(6,31) (6,32) 42
(7,31) (7,32) 109
(8,31) (8,32) 93
(9,31) (9,32) 15
(10,31) (10,32) 95
(1,32) (1,33) 108
(2,32) (2,33) 26
(3,32) (3,33) 100
(4,32) (4,33) 86
(5,32) (5,33) 69
(6,32) (6,33) 72
(7,32) (7,33) 78
(8,32) (8,33) 92
(9,32) (9,33) 101
(10,32) (10,33) 45
(1,33) (1,34) 32
(2,33) (2,34) 97
(3,33) (3,34) 33
(4,33) (4,34) 105
(5,33) (5,34) 53
(6,33) (6,34) 97
(7,33) (7,34) 43
(8,33) (8,34) 68
(9,33) (9,34) 68
(10,33) (10,34) 71
(1,34) (1,35) 62
(2,34) (2,35) 104
(3,34) (3,35) 99
(4,34) (4,35) 45
(5,34) (5,35) 101
(6,34) (6,35) 42
(7,34) (7,35) 76
(8,34) (8,35) 76
(9,34) (9,35) 77
(10,34) (10,35) 25
(1,35) (1,36) 27
(2,35) (2,36) 27
(3,35) (3,36) 88
(4,35) (4,36) 54
(5,35) (5,36) 46
(6,35) (6,36) 38
(7,35) (7,36) 69
(8,35) (8,36) 43
(9,35) (9,36) 102
(10,35) (10,36) 36
(1,36) (1,37) 36
(2,36) (2,37) 87
(3,36) (3,37) 36
(4,36) (4,37) 114
(5,36) (5,37) 26
(6,36) (6,37) 93
(7,36) (7,37) 98
(8,36) (8,37) 101
(9,36) (9,37) 99
(10,36) (10,37) 53
(1,37) (1,38) 84
(2,37) (2,38) 32
(3,37) (3,38) 26
(4,37) (4,38) 27
(5,37) (5,38) 66
(6,37) (6,38) 114
(7,37) (7,38) 84
(8,37) (8,38) 54
(9,37) (9,38) 51
(10,37) (10,38) 70
(1,38) (1,39) 27
(2,38) (2,39) 53
(3,38) (3,39) 80
(4,38) (4,39) 48
(5,38) (5,39) 49
(6,38) (6,39) 50
(7,38) (7,39) 44
(8,38) (8,39) 109
(9,38) (9,39) 32
(10,38) (10,39) 89
(1,39) (1,40) 97
(2,39) (2,40) 96
(3,39) (3,40) 106
(4,39) (4,40) 40
(5,39) (5,40) 48
(6,39) (6,40) 55
(7,39) (7,40) 79
(8,39) (8,40) 39
(9,39) (9,40) 81
(10,39) (10,40) 93
(1,40) (1,41) 31
(2,40) (2,41) 21
(3,40) (3,41) 46
(4,40) (4,41) 41
(5,40) (5,41) 58
(6,40) (6,41) 47
(7,40) (7,41) 25
(8,40) (8,41) 93
(9,40) (9,41) 114
(10,40) (10,41) 95
(1,41) (1,42) 65
(2,41) (2,42) 70
(3,41) (3,42) 37
(4,41) (4,42) 43
(5,41) (5,42) 31
(6,41) (6,42) 15
(7,41) (7,42) 76
(8,41) (8,42) 16
(9,41) (9,42) 70
(10,41) (10,42) 74
(1,42) (1,43) 35
(2,42) (2,43) 72
(3,42) (3,43) 114
(4,42) (4,43) 106
(5,42) (5,43) 66
(6,42) (6,43) 18
(7,42) (7,43) 85
(8,42) (8,43) 88
(9,42) (9,43) 34
(10,42) (10,43) 48
(1,43) (1,44) 43
(2,43) (2,44) 49
(3,43) (3,44) 90
(4,43) (4,44) 25
(5,43) (5,44) 17
(6,43) (6,44) 107
(7,43) (7,44) 77
(8,43) (8,44) 35
(9,43) (9,44) 61
(10,43) (10,44) 112
(1,44) (1,45) 41
(2,44) (2,45) 21
(3,44) (3,45) 17
(4,44) (4,45) 104
(5,44) (5,45) 33
(6,44) (6,45) 69
(7,44) (7,45) 98
(8,44) (8,45) 89
(9,44) (9,45) 16
(10,44) (10,45) 67
(1,45) (1,46) 48
(2,45) (2,46) 98
(3,45) (3,46) 67
(4,45) (4,46) 37
(5,45) (5,46) 45
(6,45) (6,46) 40
(7,45) (7,46) 93
(8,45) (8,46) 71
(9,45) (9,46) 82
(10,45) (10,46) 75
(1,46) (1,47) 113
(2,46) (2,47) 80
(3,46) (3,47) 113
(4,46) (4,47) 28
(5,46) (5,47) 56
(6,46) (6,47) 16
(7,46) (7,47) 33
(8,46) (8,47) 110
(9,46) (9,47) 110
(10,46) (10,47) 62
(1,47) (1,48) 80
(2,47) (2,48) 49
(3,47) (3,48) 33
(4,47) (4,48) 78
(5,47) (5,48) 25
(6,47) (6,48) 91
(7,47) (7,48) 52
(8,47) (8,48) 32
(9,47) (9,48) 71
(10,47) (10,48) 108
(1,48) (1,49) 34
(2,48) (2,49) 43
(3,48) (3,49) 65
(4,48) (4,49) 52
(5,48) (5,49) 114
(6,48) (6,49) 71
(7,48) (7,49) 90
(8,48) (8,49) 40
(9,48) (9,49) 114
(10,48) (10,49) 71
(1,49) (1,50) 72
(2,49) (2,50) 59
(3,49) (3,50) 57
(4,49) (4,50) 67
(5,49) (5,50) 98
(6,49) (6,50) 72
(7,49) (7,50) 86
(8,49) (8,50) 27
(9,49) (9,50) 52
(10,49) (10,50) 61
(1,50) (1,51) 89
(2,50) (2,51) 85
(3,50) (3,51) 24
(4,50) (4,51) 58
(5,50) (5,51) 20
(6,50) (6,51) 44
(7,50) (7,51) 35
(8,50) (8,51) 48
(9,50) (9,51) 111
(10,50) (10,51) 27
(1,51) (1,52) 81
(2,51) (2,52) 26
(3,51) (3,52) 33
(4,51) (4,52) 113
(5,51) (5,52) 21
(6,51) (6,52) 37
(7,51) (7,52) 29
(8,51) (8,52) 100
(9,51) (9,52) 65
(10,51) (10,52) 16
(1,52) (1,53) 82
(2,52) (2,53) 48
(3,52) (3,53) 87
(4,52) (4,53) 90
(5,52) (5,53) 47
(6,52) (6,53) 89
(7,52) (7,53) 26
(8,52) (8,53) 100
(9,52) (9,53) 84
(10,52) (10,53) 109
(1,53) (1,54) 48
(2,53) (2,54) 96
(3,53) (3,54) 69
(4,53) (4,54) 84
(5,53) (5,54) 92
(6,53) (6,54) 109
(7,53) (7,54) 37
(8,53) (8,54) 78
(9,53) (9,54) 91
(10,53) (10,54) 26
(1,54) (1,55) 36
(2,54) (2,55) 48
(3,54) (3,55) 112
(4,54) (4,55) 105
(5,54) (5,55) 65
(6,54) (6,55) 15
(7,54) (7,55) 110
(8,54) (8,55) 96
(9,54) (9,55) 92
(10,54) (10,55) 86
(1,55) (1,56) 67
(2,55) (2,56) 62
(3,55) (3,56) 72
(4,55) (4,56) 92
(5,55) (5,56) 102
(6,55) (6,56) 20
(7,55) (7,56) 37
(8,55) (8,56) 113
(9,55) (9,56) 41
(10,55) (10,56) 112
(1,56) (1,57) 36
(2,56) (2,57) 42
(3,56) (3,57) 98
(4,56) (4,57) 104
(5,56) (5,57) 84
(6,56) (6,57) 67
(7,56) (7,57) 80
(8,56) (8,57) 32
(9,56) (9,57) 65
(10,56) (10,57) 53
(1,57) (1,58) 58
(2,57) (2,58) 34
(3,57) (3,58) 112
(4,57) (4,58) 93
(5,57) (5,58) 48
(6,57) (6,58) 51
(7,57) (7,58) 67
(8,57) (8,58) 64
(9,57) (9,58) 86
(10,57) (10,58) 54
(1,58) (1,59) 75
(2,58) (2,59) 38
(3,58) (3,59) 75
(4,58) (4,59) 48
(5,58) (5,59) 28
(6,58) (6,59) 38
(7,58) (7,59) 62
(8,58) (8,59) 82
(9,58) (9,59) 88
(10,58) (10,59) 24
(1,59) (1,60) 87
(2,59) (2,60) 88
(3,59) (3,60) 68
(4,59) (4,60) 86
(5,59) (5,60) 21
(6,59) (6,60) 17
(7,59) (7,60) 28
(8,59) (8,60) 81
(9,59) (9,60) 76
(10,59) (10,60) 65
(1,60) (1,61) 106
(2,60) (2,61) 36
(3,60) (3,61) 20
(4,60) (4,61) 43
(5,60) (5,61) 91
(6,60) (6,61) 55
(7,60) (7,61) 53
(8,60) (8,61) 26
(9,60) (9,61) 22
(10,60) (10,61) 85
(1,61) (1,62) 105
(2,61) (2,62) 86
(3,61) (3,62) 102
(4,61) (4,62) 48
(5,61) (5,62) 48
(6,61) (6,62) 81
(7,61) (7,62) 87
(8,61) (8,62) 86
(9,61) (9,62) 107
(10,61) (10,62) 68
(1,62) (1,63) 100
(2,62) (2,63) 86
(3,62) (3,63) 29
(4,62) (4,63) 40
(5,62) (5,63) 112
(6,62) (6,63) 113
(7,62) (7,63) 38
(8,62) (8,63) 102
(9,62) (9,63) 78
(10,62) (10,63) 108
(1,63) (1,64) 61
(2,63) (2,64) 71
(3,63) (3,64) 36
(4,63) (4,64) 99
(5,63) (5,64) 105
(6,63) (6,64) 50
(7,63) (7,64) 73
(8,63) (8,64) 70
(9,63) (9,64) 60
(10,63) (10,64) 52
(1,64) (1,65) 107
(2,64) (2,65) 64
(3,64) (3,65) 101
(4,64) (4,65) 81
(5,64) (5,65) 32
(6,64) (6,65) 112
(7,64) (7,65) 32
(8,64) (8,65) 76
(9,64) (9,65) 92
(10,64) (10,65) 25
(1,65) (1,66) 72
(2,65) (2,66) 61
(3,65) (3,66) 97
(4,65) (4,66) 19
(5,65) (5,66) 69
(6,65) (6,66) 20
(7,65) (7,66) 42
(8,65) (8,66) 72
(9,65) (9,66) 53
(10,65) (10,66) 63
(1,66) (1,67) 47
(2,66) (2,67) 86
(3,66) (3,67) 113
(4,66) (4,67) 105
(5,66) (5,67) 113
(6,66) (6,67) 90
(7,66) (7,67) 48
(8,66) (8,67) 86
(9,66) (9,67) 86
(10,66) (10,67) 89
(1,67) (1,68) 72
(2,67) (2,68) 15
(3,67) (3,68) 57
(4,67) (4,68) 80
(5,67) (5,68) 80
(6,67) (6,68) 86
(7,67) (7,68) 31
(8,67) (8,68) 113
(9,67) (9,68) 42
(10,67) (10,68) 75
(1,68) (1,69) 83
(2,68) (2,69) 18
(3,68) (3,69) 26
(4,68) (4,69) 66
(5,68) (5,69) 102
(6,68) (6,69) 82
(7,68) (7,69) 37
(8,68) (8,69) 80
(9,68) (9,69) 77
(10,68) (10,69) 42
(1,69) (1,70) 49
(2,69) (2,70) 102
(3,69) (3,70) 53
(4,69) (4,70) 31
(5,69) (5,70) 42
(6,69) (6,70) 89
(7,69) (7,70) 84
(8,69) (8,70) 61
(9,69) (9,70) 98
(10,69) (10,70) 108
(1,70) (1,71) 33
(2,70) (2,71) 18
(3,70) (3,71) 89
(4,70) (4,71) 49
(5,70) (5,71) 32
(6,70) (6,71) 89
(7,70) (7,71) 22
(8,70) (8,71) 74
(9,70) (9,71) 30
(10,70) (10,71) 36
(1,71) (1,72) 111
(2,71) (2,72) 101
(3,71) (3,72) 37
(4,71) (4,72) 41
(5,71) (5,72) 101
(6,71) (6,72) 38
(7,71) (7,72) 93
(8,71) (8,72) 28
(9,71) (9,72) 112
(10,71) (10,72) 69
(1,72) (1,73) 54
(2,72) (2,73) 68
(3,72) (3,73) 63
(4,72) (4,73) 112
(5,72) (5,73) 105
(6,72) (6,73) 45
(7,72) (7,73) 103
(8,72) (8,73) 98
(9,72) (9,73) 82
(10,72) (10,73) 37
(1,73) (1,74) 86
(2,73) (2,74) 88
(3,73) (3,74) 72
(4,73) (4,74) 75
(5,73) (5,74) 87
(6,73) (6,74) 108
(7,73) (7,74) 85
(8,73) (8,74) 107
(9,73) (9,74) 33
(10,73) (10,74) 108
(1,74) (1,75) 32
(2,74) (2,75) 17
(3,74) (3,75) 69
(4,74) (4,75) 58
(5,74) (5,75) 74
(6,74) (6,75) 114
(7,74) (7,75) 64
(8,74) (8,75) 106
(9,74) (9,75) 69
(10,74) (10,75) 78
(1,75) (1,76) 62
(2,75) (2,76) 105
(3,75) (3,76) 111
(4,75) (4,76) 36
(5,75) (5,76) 58
(6,75) (6,76) 55
(7,75) (7,76) 27
(8,75) (8,76) 50
(9,75) (9,76) 96
(10,75) (10,76) 108
(1,76) (1,77) 85
(2,76) (2,77) 109
(3,76) (3,77) 86
(4,76) (4,77) 64
(5,76) (5,77) 25
(6,76) (6,77) 73
(7,76) (7,77) 70
(8,76) (8,77) 86
(9,76) (9,77) 24
(10,76) (10,77) 95
(1,77) (1,78) 51
(2,77) (2,78) 97
(3,77) (3,78) 30
(4,77) (4,78) 88
(5,77) (5,78) 38
(6,77) (6,78) 93
(7,77) (7,78) 24
(8,77) (8,78) 50
(9,77) (9,78) 108
(10,77) (10,78) 93
(1,78) (1,79) 93
(2,78) (2,79) 37
(3,78) (3,79) 23
(4,78) (4,79) 33
(5,78) (5,79) 92
(6,78) (6,79) 76
(7,78) (7,79) 84
(8,78) (8,79) 75
(9,78) (9,79) 54
(10,78) (10,79) 79
(1,79) (1,80) 101
(2,79) (2,80) 83
(3,79) (3,80) 105
(4,79) (4,80) 94
(5,79) (5,80) 15
(6,79) (6,80) 55
(7,79) (7,80) 86
(8,79) (8,80) 16
(9,79) (9,80) 86
(10,79) (10,80) 110
(1,80) (1,81) 107
(2,80) (2,81) 24
(3,80) (3,81) 60
(4,80) (4,81) 57
(5,80) (5,81) 89
(6,80) (6,81) 89
(7,80) (7,81) 40
(8,80) (8,81) 32
(9,80) (9,81) 49
(10,80) (10,81) 88
(1,81) (1,82) 45
(2,81) (2,82) 48
(3,81) (3,82) 42
(4,81) (4,82) 56
(5,81) (5,82) 40
(6,81) (6,82) 41
(7,81) (7,82) 60
(8,81) (8,82) 100
(9,81) (9,82) 95
(10,81) (10,82) 23
(1,82) (1,83) 40
(2,82) (2,83) 36
(3,82) (3,83) 42
(4,82) (4,83) 50
(5,82) (5,83) 89
(6,82) (6,83) 66
(7,82) (7,83) 112
(8,82) (8,83) 43
(9,82) (9,83) 109
(10,82) (10,83) 107
(1,83) (1,84) 104
(2,83) (2,84) 96
(3,83) (3,84) 56
(4,83) (4,84) 107
(5,83) (5,84) 66
(6,83) (6,84) 27
(7,83) (7,84) 51
(8,83) (8,84) 15
(9,83) (9,84) 49
(10,83) (10,84) 70
(1,84) (1,85) 33
(2,84) (2,85) 57
(3,84) (3,85) 34
(4,84) (4,85) 62
(5,84) (5,85) 85
(6,84) (6,85) 41
(7,84) (7,85) 59
(8,84) (8,85) 69
(9,84) (9,85) 43
(10,84) (10,85) 26
(1,85) (1,86) 35
(2,85) (2,86) 36
(3,85) (3,86) 44
(4,85) (4,86) 109
(5,85) (5,86) 52
(6,85) (6,86) 107
(7,85) (7,86) 65
(8,85) (8,86) 31
(9,85) (9,86) 35
(10,85) (10,86) 49
(1,86) (1,87) 91
(2,86) (2,87) 47
(3,86) (3,87) 62
(4,86) (4,87) 75
(5,86) (5,87) 55
(6,86) (6,87) 114
(7,86) (7,87) 70
(8,86) (8,87) 84
(9,86) (9,87) 61
(10,86) (10,87) 71
(1,87) (1,88) 84
(2,87) (2,88) 67
(3,87) (3,88) 71
(4,87) (4,88) 67
(5,87) (5,88) 92
(6,87) (6,88) 92
(7,87) (7,88) 68
(8,87) (8,88) 29
(9,87) (9,88) 70
(10,87) (10,88) 86
(1,88) (1,89) 78
(2,88) (2,89) 48
(3,88) (3,89) 58
(4,88) (4,89) 113
(5,88) (5,89) 65
(6,88) (6,89) 54
(7,88) (7,89) 85
(8,88) (8,89) 101
(9,88) (9,89) 82
(10,88) (10,89) 105
(1,89) (1,90) 69
(2,89) (2,90) 40
(3,89) (3,90) 48
(4,89) (4,90) 24
(5,89) (5,90) 78
(6,89) (6,90) 109
(7,89) (7,90) 75
(8,89) (8,90) 95
(9,89) (9,90) 51
(10,89) (10,90) 95
(1,90) (1,91) 67
(2,90) (2,91) 29
(3,90) (3,91) 102
(4,90) (4,91) 23
(5,90) (5,91) 83
(6,90) (6,91) 64
(7,90) (7,91) 95
(8,90) (8,91) 29
(9,90) (9,91) 76
(10,90) (10,91) 64
(1,91) (1,92) 100
(2,91) (2,92) 98
(3,91) (3,92) 36
(4,91) (4,92) 17
(5,91) (5,92) 29
(6,91) (6,92) 23
(7,91) (7,92) 97
(8,91) (8,92) 34
(9,91) (9,92) 107
(10,91) (10,92) 104
(1,92) (1,93) 47
(2,92) (2,93) 114
(3,92) (3,93) 45
(4,92) (4,93) 84
(5,92) (5,93) 57
(6,92) (6,93) 98
(7,92) (7,93) 19
(8,92) (8,93) 17
(9,92) (9,93) 32
(10,92) (10,93) 90
(1,93) (1,94) 95
(2,93) (2,94) 100
(3,93) (3,94) 25
(4,93) (4,94) 69
(5,93) (5,94) 93
(6,93) (6,94) 54
(7,93) (7,94) 78
(8,93) (8,94) 43
(9,93) (9,94) 58
(10,93) (10,94) 110
(1,94) (1,95) 57
(2,94) (2,95) 86
(3,94) (3,95) 109
(4,94) (4,95) 34
(5,94) (5,95) 53
(6,94) (6,95) 73
(7,94) (7,95) 51
(8,94) (8,95) 74
(9,94) (9,95) 114
(10,94) (10,95) 90
(1,95) (1,96) 37
(2,95) (2,96) 68
(3,95) (3,96) 64
(4,95) (4,96) 48
(5,95) (5,96) 88
(6,95) (6,96) 22
(7,95) (7,96) 15
(8,95) (8,96) 29
(9,95) (9,96) 97
(10,95) (10,96) 55
(1,96) (1,97) 23
(2,96) (2,97) 89
(3,96) (3,97) 103
(4,96) (4,97) 20
(5,96) (5,97) 95
(6,96) (6,97) 46
(7,96) (7,97) 102
(8,96) (8,97) 68
(9,96) (9,97) 79
(10,96) (10,97) 109
(1,97) (1,98) 70
(2,97) (2,98) 98
(3,97) (3,98) 23
(4,97) (4,98) 23
(5,97) (5,98) 105
(6,97) (6,98) 51
(7,97) (7,98) 86
(8,97) (8,98) 65
(9,97) (9,98) 90
(10,97) (10,98) 77
(1,98) (1,99) 57
(2,98) (2,99) 90
(3,98) (3,99) 35
(4,98) (4,99) 57
(5,98) (5,99) 74
(6,98) (6,99) 54
(7,98) (7,99) 30
(8,98) (8,99) 98
(9,98) (9,99) 21
(10,98) (10,99) 56
(1,99) (1,100) 24
(2,99) (2,100) 71
(3,99) (3,100) 87
(4,99) (4,100) 42
(5,99) (5,100) 27
(6,99) (6,100) 59
(7,99) (7,100) 36
(8,99) (8,100) 89
(9,99) (9,100) 82
(10,99) (10,100) 89
(1,1) (2,1) 63
(2,1) (1,1) 84
(2,1) (3,1) 91
(3,1) (2,1) 82
(3,1) (4,1) 94
(4,1) (3,1) 82
(4,1) (5,1) 25
(5,1) (4,1) 75
(5,1) (6,1) 83
(6,1) (5,1) 92
(6,1) (7,1) 31
(7,1) (6,1) 40
(7,1) (8,1) 18
(8,1) (7,1) 77
(8,1) (9,1) 25
(9,1) (8,1) 71
(9,1) (10,1) 80
(10,1) (9,1) 68
(1,2) (2,2) 63
(2,2) (1,2) 103
(2,2) (3,2) 42
(3,2) (2,2) 60
(3,2) (4,2) 77
(4,2) (3,2) 77
(4,2) (5,2) 96
(5,2) (4,2) 72
(5,2) (6,2) 78
(6,2) (5,2) 44
(6,2) (7,2) 38
(7,2) (6,2) 50
(7,2) (8,2) 92
(8,2) (7,2) 109
(8,2) (9,2) 109
(9,2) (8,2) 86
(9,2) (10,2) 56
(10,2) (9,2) 102
(1,3) (2,3) 37
(2,3) (1,3) 16
(2,3) (3,3) 111
(3,3) (2,3) 64
(3,3) (4,3) 58
(4,3) (3,3) 34
(4,3) (5,3) 66
(5,3) (4,3) 40
(5,3) (6,3) 49
(6,3) (5,3) 101
(6,3) (7,3) 48
(7,3) (6,3) 42
(7,3) (8,3) 35
(8,3) (7,3) 35
(8,3) (9,3) 46
(9,3) (8,3) 78
(9,3) (10,3) 38
(10,3) (9,3) 73
(1,4) (2,4) 90
(2,4) (1,4) 21
(2,4) (3,4) 31
(3,4) (2,4) 63
(3,4) (4,4) 93
(4,4) (3,4) 84
(4,4) (5,4) 107
(5,4) (4,4) 65
(5,4) (6,4) 108
(6,4) (5,4) 108
(6,4) (7,4) 53
(7,4) (6,4) 95
(7,4) (8,4) 114
(8,4) (7,4) 53
(8,4) (9,4) 30
(9,4) (8,4) 73
(9,4) (10,4) 109
(10,4) (9,4) 44
(1,5) (2,5) 114
(2,5) (1,5) 24
(2,5) (3,5) 62
(3,5) (2,5) 65
(3,5) (4,5) 114
(4,5) (3,5) 40
(4,5) (5,5) 50
(5,5) (4,5) 30
(5,5) (6,5) 18
(6,5) (5,5) 26
(6,5) (7,5) 15
(7,5) (6,5) 74
(7,5) (8,5) 48
(8,5) (7,5) 35
(8,5) (9,5) 49
(9,5) (8,5) 31
(9,5) (10,5) 84
(10,5) (9,5) 24
(1,6) (2,6) 83
(2,6) (1,6) 70
(2,6) (3,6) 41
(3,6) (2,6) 102
(3,6) (4,6) 54
(4,6) (3,6) 50
(4,6) (5,6) 112
(5,6) (4,6) 77
(5,6) (6,6) 89
(6,6) (5,6) 51
(6,6) (7,6) 83
(7,6) (6,6) 21
(7,6) (8,6) 77
(8,6) (7,6) 37
(8,6) (9,6) 36
(9,6) (8,6) 92
(9,6) (10,6) 88
(10,6) (9,6) 50
(1,7) (2,7) 101
(2,7) (1,7) 107
(2,7) (3,7) 53
(3,7) (2,7) 28
(3,7) (4,7) 114
(4,7) (3,7) 37
(4,7) (5,7) 36
(5,7) (4,7) 88
(5,7) (6,7) 86
(6,7) (5,7) 94
(6,7) (7,7) 113
(7,7) (6,7) 35
(7,7) (8,7) 81
(8,7) (7,7) 26
(8,7) (9,7) 82
(9,7) (8,7) 83
(9,7) (10,7) 42
(10,7) (9,7) 72
(1,8) (2,8) 106
(2,8) (1,8) 47
(2,8) (3,8) 105
(3,8) (2,8) 62
(3,8) (4,8) 44
(4,8) (3,8) 93
(4,8) (5,8) 114
(5,8) (4,8) 67
(5,8) (6,8) 57
(6,8) (5,8) 41
(6,8) (7,8) 98
(7,8) (6,8) 68
(7,8) (8,8) 79
(8,8) (7,8) 39
(8,8) (9,8) 50
(9,8) (8,8) 42
(9,8) (10,8) 60
(10,8) (9,8) 74
(1,9) (2,9) 30
(2,9) (1,9) 45
(2,9) (3,9) 55
(3,9) (2,9) 43
(3,9) (4,9) 66
(4,9) (3,9) 49
(4,9) (5,9) 34
(5,9) (4,9) 17
(5,9) (6,9) 101
(6,9) (5,9) 101
(6,9) (7,9) 39
(7,9) (6,9) 74
(7,9) (8,9) 47
(8,9) (7,9) 80
(8,9) (9,9) 73
(9,9) (8,9) 39
(9,9) (10,9) 101
(10,9) (9,9) 81
(1,10) (2,10) 72
(2,10) (1,10) 15
(2,10) (3,10) 25
(3,10) (2,10) 48
(3,10) (4,10) 37
(4,10) (3,10) 114
(4,10) (5,10) 55
(5,10) (4,10) 28
(5,10) (6,10) 48
(6,10) (5,10) 69
(6,10) (7,10) 69
(7,10) (6,10) 100
(7,10) (8,10) 99
(8,10) (7,10) 81
(8,10) (9,10) 30
(9,10) (8,10) 28
(9,10) (10,10) 57
(10,10) (9,10) 36
(1,11) (2,11) 21
(2,11) (1,11) 85
(2,11) (3,11) 68
(3,11) (2,11) 21
(3,11) (4,11) 105
(4,11) (3,11) 81
(4,11) (5,11) 37
(5,11) (4,11) 108
(5,11) (6,11) 77
(6,11) (5,11) 78
(6,11) (7,11) 33
(7,11) (6,11) 99
(7,11) (8,11) 63
(8,11) (7,11) 91
(8,11) (9,11) 84
(9,11) (8,11) 40
(9,11) (10,11) 69
(10,11) (9,11) 100
(1,12) (2,12) 63
(2,12) (1,12) 110
(2,12) (3,12) 60
(3,12) (2,12) 18
(3,12) (4,12) 31
(4,12) (3,12) 92
(4,12) (5,12) 89
(5,12) (4,12) 66
(5,12) (6,12) 38
(6,12) (5,12) 109
(6,12) (7,12) 47
(7,12) (6,12) 64
(7,12) (8,12) 113
(8,12) (7,12) 99
(8,12) (9,12) 104
(9,12) (8,12) 106
(9,12) (10,12) 71
(10,12) (9,12) 39
(1,13) (2,13) 15
(2,13) (1,13) 87
(2,13) (3,13) 102
(3,13) (2,13) 81
(3,13) (4,13) 42
(4,13) (3,13) 26
(4,13) (5,13) 16
(5,13) (4,13) 109
(5,13) (6,13) 107
(6,13) (5,13) 22
(6,13) (7,13) 69
(7,13) (6,13) 101
(7,13) (8,13) 39
(8,13) (7,13) 19
(8,13) (9,13) 76
(9,13) (8,13) 111
(9,13) (10,13) 108
(10,13) (9,13) 84
(1,14) (2,14) 84
(2,14) (1,14) 27
(2,14) (3,14) 88
(3,14) (2,14) 16
(3,14) (4,14) 50
(4,14) (3,14) 54
(4,14) (5,14) 48
(5,14) (4,14) 77
(5,14) (6,14) 96
(6,14) (5,14) 71
(6,14) (7,14) 73
(7,14) (6,14) 52
(7,14) (8,14) 32
(8,14) (7,14) 39
(8,14) (9,14) 94
(9,14) (8,14) 114
(9,14) (10,14) 63
(10,14) (9,14) 36
(1,15) (2,15) 99
(2,15) (1,15) 87
(2,15) (3,15) 25
(3,15) (2,15) 106
(3,15) (4,15) 30
(4,15) (3,15) 112
(4,15) (5,15) 59
(5,15) (4,15) 77
(5,15) (6,15) 81
(6,15) (5,15) 48
(6,15) (7,15) 17
(7,15) (6,15) 28
(7,15) (8,15) 24
(8,15) (7,15) 49
(8,15) (9,15) 70
(9,15) (8,15) 39
(9,15) (10,15) 52
(10,15) (9,15) 70
(1,16) (2,16) 45
(2,16) (1,16) 49
(2,16) (3,16) 113
(3,16) (2,16) 57
(3,16) (4,16) 18
(4,16) (3,16) 76
(4,16) (5,16) 37
(5,16) (4,16) 34
(5,16) (6,16) 58
(6,16) (5,16) 33
(6,16) (7,16) 91
(7,16) (6,16) 58
(7,16) (8,16) 47
(8,16) (7,16) 37
(8,16) (9,16) 35
(9,16) (8,16) 94
(9,16) (10,16) 68
(10,16) (9,16) 43
(1,17) (2,17) 80
(2,17) (1,17) 113
(2,17) (3,17) 114
(3,17) (2,17) 109
(3,17) (4,17) 88
(4,17) (3,17) 93
(4,17) (5,17) 69
(5,17) (4,17) 72
(5,17) (6,17) 95
(6,17) (5,17) 78
(6,17) (7,17) 90
(7,17) (6,17) 95
(7,17) (8,17) 79
(8,17) (7,17) 60
(8,17) (9,17) 109
(9,17) (8,17) 64
(9,17) (10,17) 39
(10,17) (9,17) 58
(1,18) (2,18) 38
(2,18) (1,18) 23
(2,18) (3,18) 112
(3,18) (2,18) 25
(3,18) (4,18) 92
(4,18) (3,18) 29
(4,18) (5,18) 29
(5,18) (4,18) 56
(5,18) (6,18) 87
(6,18) (5,18) 101
(6,18) (7,18) 68
(7,18) (6,18) 99
(7,18) (8,18) 69
(8,18) (7,18) 78
(8,18) (9,18) 107
(9,18) (8,18) 19
(9,18) (10,18) 101
(10,18) (9,18) 92
(1,19) (2,19) 59
(2,19) (1,19) 80
(2,19) (3,19) 23
(3,19) (2,19) 17
(3,19) (4,19) 97
(4,19) (3,19) 110
(4,19) (5,19) 55
(5,19) (4,19) 60
(5,19) (6,19) 43
(6,19) (5,19) 113
(6,19) (7,19) 41
(7,19) (6,19) 64
(7,19) (8,19) 50
(8,19) (7,19) 92
(8,19) (9,19) 17
(9,19) (8,19) 44
(9,19) (10,19) 89
(10,19) (9,19) 89
(1,20) (2,20) 16
(2,20) (1,20) 40
(2,20) (3,20) 101
(3,20) (2,20) 103
(3,20) (4,20) 27
(4,20) (3,20) 68
(4,20) (5,20) 21
(5,20) (4,20) 82
(5,20) (6,20) 37
(6,20) (5,20) 36
(6,20) (7,20) 53
(7,20) (6,20) 84
(7,20) (8,20) 21
(8,20) (7,20) 35
(8,20) (9,20) 108
(9,20) (8,20) 22
(9,20) (10,20) 22
(10,20) (9,20) 74
(1,21) (2,21) 103
(2,21) (1,21) 41
(2,21) (3,21) 110
(3,21) (2,21) 53
(3,21) (4,21) 17
(4,21) (3,21) 59
(4,21) (5,21) 17
(5,21) (4,21) 94
(5,21) (6,21) 16
(6,21) (5,21) 97
(6,21) (7,21) 111
(7,21) (6,21) 78
(7,21) (8,21) 22
(8,21) (7,21) 114
(8,21) (9,21) 101
(9,21) (8,21) 100
(9,21) (10,21) 74
(10,21) (9,21) 79
(1,22) (2,22) 95
(2,22) (1,22) 57
(2,22) (3,22) 53
(3,22) (2,22) 99
(3,22) (4,22) 82
(4,22) (3,22) 26
(4,22) (5,22) 78
(5,22) (4,22) 75
(5,22) (6,22) 45
(6,22) (5,22) 97
(6,22) (7,22) 110
(7,22) (6,22) 102
(7,22) (8,22) 31
(8,22) (7,22) 103
(8,22) (9,22) 92
(9,22) (8,22) 91
(9,22) (10,22) 83
(10,22) (9,22) 67
(1,23) (2,23) 53
(2,23) (1,23) 72
(2,23) (3,23) 97
(3,23) (2,23) 80
(3,23) (4,23) 52
(4,23) (3,23) 27
(4,23) (5,23) 23
(5,23) (4,23) 37
(5,23) (6,23) 18
(6,23) (5,23) 64
(6,23) (7,23) 100
(7,23) (6,23) 58
(7,23) (8,23) 36
(8,23) (7,23) 69
(8,23) (9,23) 66
(9,23) (8,23) 28
(9,23) (10,23) 38
(10,23) (9,23) 53
(1,24) (2,24) 66
(2,24) (1,24) 94
(2,24) (3,24) 69
(3,24) (2,24) 20
(3,24) (4,24) 74
(4,24) (3,24) 99
(4,24) (5,24) 16
(5,24) (4,24) 102
(5,24) (6,24) 83
(6,24) (5,24) 51
(6,24) (7,24) 93
(7,24) (6,24) 97
(7,24) (8,24) 45
(8,24) (7,24) 25
(8,24) (9,24) 67
(9,24) (8,24) 60
(9,24) (10,24) 53
(10,24) (9,24) 52
(1,25) (2,25) 27
(2,25) (1,25) 97
(2,25) (3,25) 106
(3,25) (2,25) 94
(3,25) (4,25) 56
(4,25) (3,25) 114
(4,25) (5,25) 67
(5,25) (4,25) 27
(5,25) (6,25) 72
(6,25) (5,25) 79
(6,25) (7,25) 109
(7,25) (6,25) 82
(7,25) (8,25) 78
(8,25) (7,25) 85
(8,25) (9,25) 64
(9,25) (8,25) 94
(9,25) (10,25) 30
(10,25) (9,25) 32
(1,26) (2,26) 96
(2,26) (1,26) 104
(2,26) (3,26) 56
(3,26) (2,26) 84
(3,26) (4,26) 67
(4,26) (3,26) 56
(4,26) (5,26) 25
(5,26) (4,26) 89
(5,26) (6,26) 105
(6,26) (5,26) 108
(6,26) (7,26) 31
(7,26) (6,26) 41
(7,26) (8,26) 93
(8,26) (7,26) 100
(8,26) (9,26) 15
(9,26) (8,26) 107
(9,26) (10,26) 59
(10,26) (9,26) 29
(1,27) (2,27) 58
(2,27) (1,27) 41
(2,27) (3,27) 36
(3,27) (2,27) 49
(3,27) (4,27) 49
(4,27) (3,27) 55
(4,27) (5,27) 95
(5,27) (4,27) 35
(5,27) (6,27) 111
(6,27) (5,27) 91
(6,27) (7,27) 112
(7,27) (6,27) 68
(7,27) (8,27) 22
(8,27) (7,27) 114
(8,27) (9,27) 15
(9,27) (8,27) 77
(9,27) (10,27) 56
(10,27) (9,27) 97
(1,28) (2,28) 17
(2,28) (1,28) 89
(2,28) (3,28) 84
(3,28) (2,28) 18
(3,28) (4,28) 55
(4,28) (3,28) 32
(4,28) (5,28) 24
(5,28) (4,28) 33
(5,28) (6,28) 54
(6,28) (5,28) 58
(6,28) (7,28) 104
(7,28) (6,28) 62
(7,28) (8,28) 24
(8,28) (7,28) 49
(8,28) (9,28) 22
(9,28) (8,28) 37
(9,28) (10,28) 70
(10,28) (9,28) 73
(1,29) (2,29) 64
(2,29) (1,29) 37
(2,29) (3,29) 109
(3,29) (2,29) 66
(3,29) (4,29) 31
(4,29) (3,29) 23
(4,29) (5,29) 102
(5,29) (4,29) 66
(5,29) (6,29) 16
(6,29) (5,29) 30
(6,29) (7,29) 46
(7,29) (6,29) 65
(7,29) (8,29) 90
(8,29) (7,29) 21
(8,29) (9,29) 103
(9,29) (8,29) 70
(9,29) (10,29) 55
(10,29) (9,29) 49
(1,30) (2,30) 91
(2,30) (1,30) 71
(2,30) (3,30) 48
(3,30) (2,30) 81
(3,30) (4,30) 107
(4,30) (3,30) 36
(4,30) (5,30) 32
(5,30) (4,30) 77
(5,30) (6,30) 83
(6,30) (5,30) 43
(6,30) (7,30) 77
(7,30) (6,30) 42
(7,30) (8,30) 65
(8,30) (7,30) 104
(8,30) (9,30) 36
(9,30) (8,30) 79
(9,30) (10,30) 31
(10,30) (9,30) 84
(1,31) (2,31) 27
(2,31) (1,31) 49
(2,31) (3,31) 30
(3,31) (2,31) 18
(3,31) (4,31) 56
(4,31) (3,31) 29
(4,31) (5,31) 101
(5,31) (4,31) 49
(5,31) (6,31) 92
(6,31) (5,31) 27
(6,31) (7,31) 36
(7,31) (6,31) 59
(7,31) (8,31) 81
(8,31) (7,31) 48
(8,31) (9,31) 96
(9,31) (8,31) 104
(9,31) (10,31) 30
(10,31) (9,31) 69
(1,32) (2,32) 96
(2,32) (1,32) 68
(2,32) (3,32) 42
(3,32) (2,32) 44
(3,32) (4,32) 56
(4,32) (3,32) 26
(4,32) (5,32) 108
(5,32) (4,32) 95
(5,32) (6,32) 85
(6,32) (5,32) 108
(6,32) (7,32) 109
(7,32) (6,32) 91
(7,32) (8,32) 92
(8,32) (7,32) 44
(8,32) (9,32) 43
(9,32) (8,32) 56
(9,32) (10,32) 37
(10,32) (9,32) 86
(1,33) (2,33) 87
(2,33) (1,33) 62
(2,33) (3,33) 70
(3,33) (2,33) 77
(3,33) (4,33) 75
(4,33) (3,33) 89
(4,33) (5,33) 108
(5,33) (4,33) 24
(5,33) (6,33) 19
(6,33) (5,33) 102
(6,33) (7,33) 62
(7,33) (6,33) 45
(7,33) (8,33) 53
(8,33) (7,33) 49
(8,33) (9,33) 81
(9,33) (8,33) 104
(9,33) (10,33) 75
(10,33) (9,33) 103
(1,34) (2,34) 53
(2,34) (1,34) 31
(2,34) (3,34) 109
(3,34) (2,34) 57
(3,34) (4,34) 42
(4,34) (3,34) 87
(4,34) (5,34) 56
(5,34) (4,34) 52
(5,34) (6,34) 77
(6,34) (5,34) 107
(6,34) (7,34) 107
(7,34) (6,34) 21
(7,34) (8,34) 86
(8,34) (7,34) 36
(8,34) (9,34) 84
(9,34) (8,34) 25
(9,34) (10,34) 23
(10,34) (9,34) 60
(1,35) (2,35) 83
(2,35) (1,35) 57
(2,35) (3,35) 52
(3,35) (2,35) 41
(3,35) (4,35) 36
(4,35) (3,35) 23
(4,35) (5,35) 51
(5,35) (4,35) 51
(5,35) (6,35) 82
(6,35) (5,35) 56
(6,35) (7,35) 82
(7,35) (6,35) 30
(7,35) (8,35) 17
(8,35) (7,35) 43
(8,35) (9,35) 107
(9,35) (8,35) 53
(9,35) (10,35) 53
(10,35) (9,35) 100
(1,36) (2,36) 68
(2,36) (1,36) 107
(2,36) (3,36) 33
(3,36) (2,36) 58
(3,36) (4,36) 98
(4,36) (3,36) 48
(4,36) (5,36) 23
(5,36) (4,36) 44
(5,36) (6,36) 104
(6,36) (5,36) 78
(6,36) (7,36) 100
(7,36) (6,36) 18
(7,36) (8,36) 69
(8,36) (7,36) 103
(8,36) (9,36) 16
(9,36) (8,36) 88
(9,36) (10,36) 86
(10,36) (9,36) 106
(1,37) (2,37) 92
(2,37) (1,37) 39
(2,37) (3,37) 89
(3,37) (2,37) 57
(3,37) (4,37) 106
(4,37) (3,37) 56
(4,37) (5,37) 43
(5,37) (4,37) 29
(5,37) (6,37) 76
(6,37) (5,37) 107
(6,37) (7,37) 81
(7,37) (6,37) 25
(7,37) (8,37) 71
(8,37) (7,37) 112
(8,37) (9,37) 68
(9,37) (8,37) 114
(9,37) (10,37) 94
(10,37) (9,37) 18
(1,38) (2,38) 38
(2,38) (1,38) 84
(2,38) (3,38) 54
(3,38) (2,38) 80
(3,38) (4,38) 105
(4,38) (3,38) 31
(4,38) (5,38) 114
(5,38) (4,38) 54
(5,38) (6,38) 83
(6,38) (5,38) 93
(6,38) (7,38) 38
(7,38) (6,38) 18
(7,38) (8,38) 80
(8,38) (7,38) 43
(8,38) (9,38) 32
(9,38) (8,38) 15
(9,38) (10,38) 80
(10,38) (9,38) 99
(1,39) (2,39) 23
(2,39) (1,39) 75
(2,39) (3,39) 101
(3,39) (2,39) 52
(3,39) (4,39) 87
(4,39) (3,39) 83
(4,39) (5,39) 53
(5,39) (4,39) 42
(5,39) (6,39) 49
(6,39) (5,39) 77
(6,39) (7,39) 16
(7,39) (6,39) 38
(7,39) (8,39) 109
(8,39) (7,39) 43
(8,39) (9,39) 54
(9,39) (8,39) 78
(9,39) (10,39) 98
(10,39) (9,39) 83
(1,40) (2,40) 72
(2,40) (1,40) 46
(2,40) (3,40) 111
(3,40) (2,40) 24
(3,40) (4,40) 86
(4,40) (3,40) 90
(4,40) (5,40) 41
(5,40) (4,40) 62
(5,40) (6,40) 108
(6,40) (5,40) 76
(6,40) (7,40) 48
(7,40) (6,40) 114
(7,40) (8,40) 46
(8,40) (7,40) 62
(8,40) (9,40) 54
(9,40) (8,40) 29
(9,40) (10,40) 98
(10,40) (9,40) 61
(1,41) (2,41) 86
(2,41) (1,41) 24
(2,41) (3,41) 24
(3,41) (2,41) 93
(3,41) (4,41) 30
(4,41) (3,41) 74
(4,41) (5,41) 106
(5,41) (4,41) 29
(5,41) (6,41) 90
(6,41) (5,41) 49
(6,41) (7,41) 30
(7,41) (6,41) 51
(7,41) (8,41) 54
(8,41) (7,41) 71
(8,41) (9,41) 66
(9,41) (8,41) 73
(9,41) (10,41) 38
(10,41) (9,41) 56
(1,42) (2,42) 94
(2,42) (1,42) 103
(2,42) (3,42) 72
(3,42) (2,42) 109
(3,42) (4,42) 16
(4,42) (3,42) 33
(4,42) (5,42) 42
(5,42) (4,42) 89
(5,42) (6,42) 49
(6,42) (5,42) 50
(6,42) (7,42) 87
(7,42) (6,42) 84
(7,42) (8,42) 40
(8,42) (7,42) 15
(8,42) (9,42) 45
(9,42) (8,42) 28
(9,42) (10,42) 90
(10,42) (9,42) 18
(1,43) (2,43) 34
(2,43) (1,43) 88
(2,43) (3,43) 69
(3,43) (2,43) 94
(3,43) (4,43) 96
(4,43) (3,43) 33
(4,43) (5,43) 81
(5,43) (4,43) 71
(5,43) (6,43) 37
(6,43) (5,43) 73
(6,43) (7,43) 57
(7,43) (6,43) 19
(7,43) (8,43) 107
(8,43) (7,43) 50
(8,43) (9,43) 26
(9,43) (8,43) 76
(9,43) (10,43) 93
(10,43) (9,43) 23
(1,44) (2,44) 75
(2,44) (1,44) 74
(2,44) (3,44) 88
(3,44) (2,44) 106
(3,44) (4,44) 29
(4,44) (3,44) 102
(4,44) (5,44) 106
(5,44) (4,44) 102
(5,44) (6,44) 18
(6,44) (5,44) 114
(6,44) (7,44) 113
(7,44) (6,44) 102
(7,44) (8,44) 106
(8,44) (7,44) 108
(8,44) (9,44) 96
(9,44) (8,44) 43
(9,44) (10,44) 93
(10,44) (9,44) 112
(1,45) (2,45) 87
(2,45) (1,45) 114
(2,45) (3,45) 80
(3,45) (2,45) 97
(3,45) (4,45) 96
(4,45) (3,45) 109
(4,45) (5,45) 75
(5,45) (4,45) 56
(5,45) (6,45) 31
(6,45) (5,45) 79
(6,45) (7,45) 79
(7,45) (6,45) 16
(7,45) (8,45) 46
(8,45) (7,45) 56
(8,45) (9,45) 66
(9,45) (8,45) 96
(9,45) (10,45) 74
(10,45) (9,45) 111
(1,46) (2,46) 28
(2,46) (1,46) 27
(2,46) (3,46) 103
(3,46) (2,46) 37
(3,46) (4,46) 76
(4,46) (3,46) 18
(4,46) (5,46) 38
(5,46) (4,46) 99
(5,46) (6,46) 65
(6,46) (5,46) 83
(6,46) (7,46) 109
(7,46) (6,46) 67
(7,46) (8,46) 87
(8,46) (7,46) 101
(8,46) (9,46) 40
(9,46) (8,46) 68
(9,46) (10,46) 59
(10,46) (9,46) 49
(1,47) (2,47) 112
(2,47) (1,47) 74
(2,47) (3,47) 86
(3,47) (2,47) 20
(3,47) (4,47) 85
(4,47) (3,47) 38
(4,47) (5,47) 101
(5,47) (4,47) 28
(5,47) (6,47) 37
(6,47) (5,47) 100
(6,47) (7,47) 79
(7,47) (6,47) 69
(7,47) (8,47) 39
(8,47) (7,47) 80
(8,47) (9,47) 48
(9,47) (8,47) 20
(9,47) (10,47) 17
(10,47) (9,47) 94
(1,48) (2,48) 59
(2,48) (1,48) 50
(2,48) (3,48) 87
(3,48) (2,48) 33
(3,48) (4,48) 94
(4,48) (3,48) 24
(4,48) (5,48) 98
(5,48) (4,48) 95
(5,48) (6,48) 77
(6,48) (5,48) 64
(6,48) (7,48) 42
(7,48) (6,48) 51
(7,48) (8,48) 113
(8,48) (7,48) 100
(8,48) (9,48) 47
(9,48) (8,48) 66
(9,48) (10,48) 28
(10,48) (9,48) 62
(1,49) (2,49) 70
(2,49) (1,49) 99
(2,49) (3,49) 43
(3,49) (2,49) 39
(3,49) (4,49) 88
(4,49) (3,49) 34
(4,49) (5,49) 100
(5,49) (4,49) 38
(5,49) (6,49) 55
(6,49) (5,49) 87
(6,49) (7,49) 61
(7,49) (6,49) 62
(7,49) (8,49) 114
(8,49) (7,49) 56
(8,49) (9,49) 53
(9,49) (8,49) 28
(9,49) (10,49) 40
(10,49) (9,49) 95
(1,50) (2,50) 46
(2,50) (1,50) 111
(2,50) (3,50) 69
(3,50) (2,50) 77
(3,50) (4,50) 93
(4,50) (3,50) 25
(4,50) (5,50) 29
(5,50) (4,50) 80
(5,50) (6,50) 103
(6,50) (5,50) 18
(6,50) (7,50) 42
(7,50) (6,50) 83
(7,50) (8,50) 36
(8,50) (7,50) 92
(8,50) (9,50) 97
(9,50) (8,50) 23
(9,50) (10,50) 114
(10,50) (9,50) 74
(1,51) (2,51) 76
(2,51) (1,51) 79
(2,51) (3,51) 27
(3,51) (2,51) 71
(3,51) (4,51) 99
(4,51) (3,51) 86
(4,51) (5,51) 56
(5,51) (4,51) 44
(5,51) (6,51) 93
(6,51) (5,51) 78
(6,51) (7,51) 36
(7,51) (6,51) 43
(7,51) (8,51) 98
(8,51) (7,51) 89
(8,51) (9,51) 37
(9,51) (8,51) 31
(9,51) (10,51) 75
(10,51) (9,51) 27
(1,52) (2,52) 102
(2,52) (1,52) 55
(2,52) (3,52) 38
(3,52) (2,52) 106
(3,52) (4,52) 20
(4,52) (3,52) 94
(4,52) (5,52) 53
(5,52) (4,52) 38
(5,52) (6,52) 70
(6,52) (5,52) 109
(6,52) (7,52) 114
(7,52) (6,52) 65
(7,52) (8,52) 102
(8,52) (7,52) 33
(8,52) (9,52) 97
(9,52) (8,52) 95
(9,52) (10,52) 54
(10,52) (9,52) 113
(1,53) (2,53) 62
(2,53) (1,53) 44
(2,53) (3,53) 41
(3,53) (2,53) 75
(3,53) (4,53) 69
(4,53) (3,53) 19
(4,53) (5,53) 47
(5,53) (4,53) 43
(5,53) (6,53) 60
(6,53) (5,53) 95
(6,53) (7,53) 38
(7,53) (6,53) 92
(7,53) (8,53) 44
(8,53) (7,53) 62
(8,53) (9,53) 20
(9,53) (8,53) 104
(9,53) (10,53) 40
(10,53) (9,53) 29
(1,54) (2,54) 106
(2,54) (1,54) 81
(2,54) (3,54) 88
(3,54) (2,54) 18
(3,54) (4,54) 79
(4,54) (3,54) 45
(4,54) (5,54) 114
(5,54) (4,54) 41
(5,54) (6,54) 42
(6,54) (5,54) 114
(6,54) (7,54) 91
(7,54) (6,54) 74
(7,54) (8,54) 92
(8,54) (7,54) 74
(8,54) (9,54) 108
(9,54) (8,54) 45
(9,54) (10,54) 72
(10,54) (9,54) 75
(1,55) (2,55) 103
(2,55) (1,55) 76
(2,55) (3,55) 54
(3,55) (2,55) 92
(3,55) (4,55) 38
(4,55) (3,55) 22
(4,55) (5,55) 67
(5,55) (4,55) 103
(5,55) (6,55) 16
(6,55) (5,55) 89
(6,55) (7,55) 79
(7,55) (6,55) 35
(7,55) (8,55) 68
(8,55) (7,55) 82
(8,55) (9,55) 27
(9,55) (8,55) 86
(9,55) (10,55) 79
(10,55) (9,55) 97
(1,56) (2,56) 25
(2,56) (1,56) 36
(2,56) (3,56) 84
(3,56) (2,56) 99
(3,56) (4,56) 75
(4,56) (3,56) 92
(4,56) (5,56) 114
(5,56) (4,56) 32
(5,56) (6,56) 109
(6,56) (5,56) 103
(6,56) (7,56) 66
(7,56) (6,56) 42
(7,56) (8,56) 88
(8,56) (7,56) 78
(8,56) (9,56) 104
(9,56) (8,56) 45
(9,56) (10,56) 81
(10,56) (9,56) 62
(1,57) (2,57) 29
(2,57) (1,57) 61
(2,57) (3,57) 69
(3,57) (2,57) 56
(3,57) (4,57) 95
(4,57) (3,57) 82
(4,57) (5,57) 71
(5,57) (4,57) 84
(5,57) (6,57) 97
(6,57) (5,57) 19
(6,57) (7,57) 99
(7,57) (6,57) 113
(7,57) (8,57) 61
(8,57) (7,57) 85
(8,57) (9,57) 86
(9,57) (8,57) 54
(9,57) (10,57) 88
(10,57) (9,57) 32
(1,58) (2,58) 92
(2,58) (1,58) 29
(2,58) (3,58) 22
(3,58) (2,58) 112
(3,58) (4,58) 110
(4,58) (3,58) 81
(4,58) (5,58) 75
(5,58) (4,58) 18
(5,58) (6,58) 34
(6,58) (5,58) 47
(6,58) (7,58) 110
(7,58) (6,58) 69
(7,58) (8,58) 108
(8,58) (7,58) 109
(8,58) (9,58) 28
(9,58) (8,58) 21
(9,58) (10,58) 67
(10,58) (9,58) 26
(1,59) (2,59) 17
(2,59) (1,59) 107
(2,59) (3,59) 36
(3,59) (2,59) 43
(3,59) (4,59) 32
(4,59) (3,59) 54
(4,59) (5,59) 31
(5,59) (4,59) 36
(5,59) (6,59) 92
(6,59) (5,59) 99
(6,59) (7,59) 29
(7,59) (6,59) 19
(7,59) (8,59) 75
(8,59) (7,59) 111
(8,59) (9,59) 99
(9,59) (8,59) 105
(9,59) (10,59) 86
(10,59) (9,59) 107
(1,60) (2,60) 21
(2,60) (1,60) 30
(2,60) (3,60) 100
(3,60) (2,60) 29
(3,60) (4,60) 26
(4,60) (3,60) 84
(4,60) (5,60) 114
(5,60) (4,60) 74
(5,60) (6,60) 103
(6,60) (5,60) 81
(6,60) (7,60) 36
(7,60) (6,60) 52
(7,60) (8,60) 87
(8,60) (7,60) 38
(8,60) (9,60) 89
(9,60) (8,60) 89
(9,60) (10,60) 99
(10,60) (9,60) 28
(1,61) (2,61) 100
(2,61) (1,61) 103
(2,61) (3,61) 111
(3,61) (2,61) 64
(3,61) (4,61) 106
(4,61) (3,61) 71
(4,61) (5,61) 50
(5,61) (4,61) 23
(5,61) (6,61) 45
(6,61) (5,61) 56
(6,61) (7,61) 98
(7,61) (6,61) 25
(7,61) (8,61) 32
(8,61) (7,61) 61
(8,61) (9,61) 92
(9,61) (8,61) 72
(9,61) (10,61) 20
(10,61) (9,61) 72
(1,62) (2,62) 55
(2,62) (1,62) 97
(2,62) (3,62) 104
(3,62) (2,62) 106
(3,62) (4,62) 99
(4,62) (3,62) 58
(4,62) (5,62) 72
(5,62) (4,62) 84
(5,62) (6,62) 102
(6,62) (5,62) 23
(6,62) (7,62) 113
(7,62) (6,62) 76
(7,62) (8,62) 27
(8,62) (7,62) 99
(8,62) (9,62) 41
(9,62) (8,62) 96
(9,62) (10,62) 51
(10,62) (9,62) 112
(1,63) (2,63) 77
(2,63) (1,63) 104
(2,63) (3,63) 89
(3,63) (2,63) 87
(3,63) (4,63) 17
(4,63) (3,63) 76
(4,63) (5,63) 29
(5,63) (4,63) 101
(5,63) (6,63) 59
(6,63) (5,63) 57
(6,63) (7,63) 22
(7,63) (6,63) 49
(7,63) (8,63) 24
(8,63) (7,63) 37
(8,63) (9,63) 58
(9,63) (8,63) 79
(9,63) (10,63) 112
(10,63) (9,63) 78
(1,64) (2,64) 35
(2,64) (1,64) 33
(2,64) (3,64) 41
(3,64) (2,64) 60
(3,64) (4,64) 15
(4,64) (3,64) 22
(4,64) (5,64) 15
(5,64) (4,64) 87
(5,64) (6,64) 96
(6,64) (5,64) 112
(6,64) (7,64) 64
(7,64) (6,64) 79
(7,64) (8,64) 98
(8,64) (7,64) 45
(8,64) (9,64) 71
(9,64) (8,64) 36
(9,64) (10,64) 18
(10,64) (9,64) 17
(1,65) (2,65) 71
(2,65) (1,65) 86
(2,65) (3,65) 17
(3,65) (2,65) 100
(3,65) (4,65) 74
(4,65) (3,65) 89
(4,65) (5,65) 63
(5,65) (4,65) 19
(5,65) (6,65) 79
(6,65) (5,65) 114
(6,65) (7,65) 38
(7,65) (6,65) 86
(7,65) (8,65) 57
(8,65) (7,65) 38
(8,65) (9,65) 102
(9,65) (8,65) 112
(9,65) (10,65) 70
(10,65) (9,65) 65
(1,66) (2,66) 99
(2,66) (1,66) 102
(2,66) (3,66) 101
(3,66) (2,66) 71
(3,66) (4,66) 38
(4,66) (3,66) 51
(4,66) (5,66) 40
(5,66) (4,66) 15
(5,66) (6,66) 81
(6,66) (5,66) 90
(6,66) (7,66) 41
(7,66) (6,66) 101
(7,66) (8,66) 98
(8,66) (7,66) 110
(8,66) (9,66) 96
(9,66) (8,66) 70
(9,66) (10,66) 90
(10,66) (9,66) 78
(1,67) (2,67) 26
(2,67) (1,67) 51
(2,67) (3,67) 71
(3,67) (2,67) 36
(3,67) (4,67) 113
(4,67) (3,67) 55
(4,67) (5,67) 80
(5,67) (4,67) 17
(5,67) (6,67) 17
(6,67) (5,67) 45
(6,67) (7,67) 15
(7,67) (6,67) 108
(7,67) (8,67) 31
(8,67) (7,67) 98
(8,67) (9,67) 26
(9,67) (8,67) 88
(9,67) (10,67) 97
(10,67) (9,67) 40
(1,68) (2,68) 81
(2,68) (1,68) 76
(2,68) (3,68) 69
(3,68) (2,68) 29
(3,68) (4,68) 87
(4,68) (3,68) 57
(4,68) (5,68) 71
(5,68) (4,68) 92
(5,68) (6,68) 43
(6,68) (5,68) 102
(6,68) (7,68) 83
(7,68) (6,68) 96
(7,68) (8,68) 96
(8,68) (7,68) 29
(8,68) (9,68) 76
(9,68) (8,68) 32
(9,68) (10,68) 94
(10,68) (9,68) 58
(1,69) (2,69) 15
(2,69) (1,69) 94
(2,69) (3,69) 112
(3,69) (2,69) 105
(3,69) (4,69) 35
(4,69) (3,69) 109
(4,69) (5,69) 107
(5,69) (4,69) 69
(5,69) (6,69) 33
(6,69) (5,69) 15
(6,69) (7,69) 107
(7,69) (6,69) 60
(7,69) (8,69) 44
(8,69) (7,69) 114
(8,69) (9,69) 81
(9,69) (8,69) 75
(9,69) (10,69) 84
(10,69) (9,69) 52
(1,70) (2,70) 21
(2,70) (1,70) 82
(2,70) (3,70) 58
(3,70) (2,70) 16
(3,70) (4,70) 99
(4,70) (3,70) 101
(4,70) (5,70) 56
(5,70) (4,70) 81
(5,70) (6,70) 102
(6,70) (5,70) 46
(6,70) (7,70) 42
(7,70) (6,70) 60
(7,70) (8,70) 36
(8,70) (7,70) 20
(8,70) (9,70) 104
(9,70) (8,70) 93
(9,70) (10,70) 42
(10,70) (9,70) 109
(1,71) (2,71) 50
(2,71) (1,71) 88
(2,71) (3,71) 79
(3,71) (2,71) 27
(3,71) (4,71) 71
(4,71) (3,71) 104
(4,71) (5,71) 75
(5,71) (4,71) 85
(5,71) (6,71) 62
(6,71) (5,71) 45
(6,71) (7,71) 35
(7,71) (6,71) 40
(7,71) (8,71) 73
(8,71) (7,71) 68
(8,71) (9,71) 83
(9,71) (8,71) 102
(9,71) (10,71) 91
(10,71) (9,71) 63
(1,72) (2,72) 33
(2,72) (1,72) 96
(2,72) (3,72) 88
(3,72) (2,72) 24
(3,72) (4,72) 37
(4,72) (3,72) 43
(4,72) (5,72) 73
(5,72) (4,72) 66
(5,72) (6,72) 58
(6,72) (5,72) 93
(6,72) (7,72) 57
(7,72) (6,72) 15
(7,72) (8,72) 25
(8,72) (7,72) 18
(8,72) (9,72) 76
(9,72) (8,72) 58
(9,72) (10,72) 64
(10,72) (9,72) 91
(1,73) (2,73) 25
(2,73) (1,73) 42
(2,73) (3,73) 66
(3,73) (2,73) 107
(3,73) (4,73) 75
(4,73) (3,73) 100
(4,73) (5,73) 89
(5,73) (4,73) 103
(5,73) (6,73) 38
(6,73) (5,73) 45
(6,73) (7,73) 57
(7,73) (6,73) 64
(7,73) (8,73) 41
(8,73) (7,73) 59
(8,73) (9,73) 45
(9,73) (8,73) 69
(9,73) (10,73) 42
(10,73) (9,73) 65
(1,74) (2,74) 48
(2,74) (1,74) 108
(2,74) (3,74) 93
(3,74) (2,74) 40
(3,74) (4,74) 31
(4,74) (3,74) 75
(4,74) (5,74) 109
(5,74) (4,74) 45
(5,74) (6,74) 22
(6,74) (5,74) 95
(6,74) (7,74) 39
(7,74) (6,74) 41
(7,74) (8,74) 32
(8,74) (7,74) 75
(8,74) (9,74) 16
(9,74) (8,74) 112
(9,74) (10,74) 99
(10,74) (9,74) 43
(1,75) (2,75) 95
(2,75) (1,75) 21
(2,75) (3,75) 49
(3,75) (2,75) 81
(3,75) (4,75) 86
(4,75) (3,75) 28
(4,75) (5,75) 82
(5,75) (4,75) 89
(5,75) (6,75) 111
(6,75) (5,75) 89
(6,75) (7,75) 23
(7,75) (6,75) 89
(7,75) (8,75) 71
(8,75) (7,75) 37
(8,75) (9,75) 89
(9,75) (8,75) 52
(9,75) (10,75) 74
(10,75) (9,75) 52
(1,76) (2,76) 51
(2,76) (1,76) 89
(2,76) (3,76) 76
(3,76) (2,76) 94
(3,76) (4,76) 56
(4,76) (3,76) 41
(4,76) (5,76) 28
(5,76) (4,76) 40
(5,76) (6,76) 41
(6,76) (5,76) 92
(6,76) (7,76) 24
(7,76) (6,76) 90
(7,76) (8,76) 19
(8,76) (7,76) 45
(8,76) (9,76) 26
(9,76) (8,76) 94
(9,76) (10,76) 58
(10,76) (9,76) 100
(1,77) (2,77) 82
(2,77) (1,77) 59
(2,77) (3,77) 111
(3,77) (2,77) 25
(3,77) (4,77) 65
(4,77) (3,77) 49
(4,77) (5,77) 32
(5,77) (4,77) 37
(5,77) (6,77) 18
(6,77) (5,77) 75
(6,77) (7,77) 85
(7,77) (6,77) 32
(7,77) (8,77) 39
(8,77) (7,77) 79
(8,77) (9,77) 98
(9,77) (8,77) 38
(9,77) (10,77) 83
(10,77) (9,77) 70
(1,78) (2,78) 64
(2,78) (1,78) 107
(2,78) (3,78) 39
(3,78) (2,78) 98
(3,78) (4,78) 94
(4,78) (3,78) 107
(4,78) (5,78) 104
(5,78) (4,78) 36
(5,78) (6,78) 18
(6,78) (5,78) 20
(6,78) (7,78) 80
(7,78) (6,78) 55
(7,78) (8,78) 84
(8,78) (7,78) 113
(8,78) (9,78) 60
(9,78) (8,78) 25
(9,78) (10,78) 47
(10,78) (9,78) 31
(1,79) (2,79) 38
(2,79) (1,79) 111
(2,79) (3,79) 62
(3,79) (2,79) 67
(3,79) (4,79) 91
(4,79) (3,79) 71
(4,79) (5,79) 51
(5,79) (4,79) 91
(5,79) (6,79) 82
(6,79) (5,79) 32
(6,79) (7,79) 56
(7,79) (6,79) 100
(7,79) (8,79) 109
(8,79) (7,79) 109
(8,79) (9,79) 78
(9,79) (8,79) 62
(9,79) (10,79) 100
(10,79) (9,79) 104
(1,80) (2,80) 107
(2,80) (1,80) 94
(2,80) (3,80) 108
(3,80) (2,80) 23
(3,80) (4,80) 23
(4,80) (3,80) 64
(4,80) (5,80) 52
(5,80) (4,80) 90
(5,80) (6,80) 36
(6,80) (5,80) 108
(6,80) (7,80) 80
(7,80) (6,80) 19
(7,80) (8,80) 51
(8,80) (7,80) 28
(8,80) (9,80) 28
(9,80) (8,80) 42
(9,80) (10,80) 71
(10,80) (9,80) 85
(1,81) (2,81) 43
(2,81) (1,81) 101
(2,81) (3,81) 29
(3,81) (2,81) 74
(3,81) (4,81) 66
(4,81) (3,81) 57
(4,81) (5,81) 29
(5,81) (4,81) 34
(5,81) (6,81) 63
(6,81) (5,81) 76
(6,81) (7,81) 77
(7,81) (6,81) 65
(7,81) (8,81) 19
(8,81) (7,81) 34
(8,81) (9,81) 100
(9,81) (8,81) 55
(9,81) (10,81) 84
(10,81) (9,81) 102
(1,82) (2,82) 67
(2,82) (1,82) 54
(2,82) (3,82) 20
(3,82) (2,82) 25
(3,82) (4,82) 64
(4,82) (3,82) 102
(4,82) (5,82) 40
(5,82) (4,82) 19
(5,82) (6,82) 55
(6,82) (5,82) 107
(6,82) (7,82) 61
(7,82) (6,82) 55
(7,82) (8,82) 62
(8,82) (7,82) 53
(8,82) (9,82) 45
(9,82) (8,82) 26
(9,82) (10,82) 80
(10,82) (9,82) 17
(1,83) (2,83) 62
(2,83) (1,83) 56
(2,83) (3,83) 54
(3,83) (2,83) 40
(3,83) (4,83) 56
(4,83) (3,83) 45
(4,83) (5,83) 94
(5,83) (4,83) 93
(5,83) (6,83) 28
(6,83) (5,83) 79
(6,83) (7,83) 114
(7,83) (6,83) 48
(7,83) (8,83) 49
(8,83) (7,83) 21
(8,83) (9,83) 82
(9,83) (8,83) 50
(9,83) (10,83) 38
(10,83) (9,83) 73
(1,84) (2,84) 34
(2,84) (1,84) 17
(2,84) (3,84) 59
(3,84) (2,84) 60
(3,84) (4,84) 18
(4,84) (3,84) 72
(4,84) (5,84) 22
(5,84) (4,84) 82
(5,84) (6,84) 19
(6,84) (5,84) 97
(6,84) (7,84) 110
(7,84) (6,84) 25
(7,84) (8,84) 47
(8,84) (7,84) 107
(8,84) (9,84) 40
(9,84) (8,84) 18
(9,84) (10,84) 38
(10,84) (9,84) 106
(1,85) (2,85) 108
(2,85) (1,85) 35
(2,85) (3,85) 57
(3,85) (2,85) 73
(3,85) (4,85) 51
(4,85) (3,85) 112
(4,85) (5,85) 75
(5,85) (4,85) 63
(5,85) (6,85) 35
(6,85) (5,85) 113
(6,85) (7,85) 67
(7,85) (6,85) 67
(7,85) (8,85) 20
(8,85) (7,85) 110
(8,85) (9,85) 84
(9,85) (8,85) 71
(9,85) (10,85) 26
(10,85) (9,85) 102
(1,86) (2,86) 53
(2,86) (1,86) 89
(2,86) (3,86) 108
(3,86) (2,86) 31
(3,86) (4,86) 90
(4,86) (3,86) 111
(4,86) (5,86) 29
(5,86) (4,86) 114
(5,86) (6,86) 15
(6,86) (5,86) 32
(6,86) (7,86) 102
(7,86) (6,86) 47
(7,86) (8,86) 112
(8,86) (7,86) 80
(8,86) (9,86) 64
(9,86) (8,86) 99
(9,86) (10,86) 33
(10,86) (9,86) 22
(1,87) (2,87) 52
(2,87) (1,87) 42
(2,87) (3,87) 89
(3,87) (2,87) 18
(3,87) (4,87) 48
(4,87) (3,87) 49
(4,87) (5,87) 75
(5,87) (4,87) 50
(5,87) (6,87) 104
(6,87) (5,87) 56
(6,87) (7,87) 84
(7,87) (6,87) 70
(7,87) (8,87) 59
(8,87) (7,87) 94
(8,87) (9,87) 52
(9,87) (8,87) 91
(9,87) (10,87) 41
(10,87) (9,87) 101
(1,88) (2,88) 59
(2,88) (1,88) 109
(2,88) (3,88) 55
(3,88) (2,88) 30
(3,88) (4,88) 60
(4,88) (3,88) 73
(4,88) (5,88) 85
(5,88) (4,88) 102
(5,88) (6,88) 34
(6,88) (5,88) 66
(6,88) (7,88) 71
(7,88) (6,88) 87
(7,88) (8,88) 104
(8,88) (7,88) 84
(8,88) (9,88) 70
(9,88) (8,88) 94
(9,88) (10,88) 111
(10,88) (9,88) 107
(1,89) (2,89) 23
(2,89) (1,89) 109
(2,89) (3,89) 33
(3,89) (2,89) 54
(3,89) (4,89) 67
(4,89) (3,89) 38
(4,89) (5,89) 89
(5,89) (4,89) 79
(5,89) (6,89) 102
(6,89) (5,89) 82
(6,89) (7,89) 66
(7,89) (6,89) 84
(7,89) (8,89) 18
(8,89) (7,89) 102
(8,89) (9,89) 111
(9,89) (8,89) 65
(9,89) (10,89) 75
(10,89) (9,89) 47
(1,90) (2,90) 65
(2,90) (1,90) 106
(2,90) (3,90) 101
(3,90) (2,90) 101
(3,90) (4,90) 52
(4,90) (3,90) 52
(4,90) (5,90) 82
(5,90) (4,90) 54
(5,90) (6,90) 103
(6,90) (5,90) 30
(6,90) (7,90) 95
(7,90) (6,90) 63
(7,90) (8,90) 57
(8,90) (7,90) 64
(8,90) (9,90) 25
(9,90) (8,90) 69
(9,90) (10,90) 31
(10,90) (9,90) 108
(1,91) (2,91) 21
(2,91) (1,91) 66
(2,91) (3,91) 100
(3,91) (2,91) 51
(3,91) (4,91) 90
(4,91) (3,91) 29
(4,91) (5,91) 48
(5,91) (4,91) 84
(5,91) (6,91) 71
(6,91) (5,91) 104
(6,91) (7,91) 60
(7,91) (6,91) 49
(7,91) (8,91) 109
(8,91) (7,91) 79
(8,91) (9,91) 63
(9,91) (8,91) 42
(9,91) (10,91) 26
(10,91) (9,91) 50
(1,92) (2,92) 88
(2,92) (1,92) 58
(2,92) (3,92) 64
(3,92) (2,92) 28
(3,92) (4,92) 65
(4,92) (3,92) 112
(4,92) (5,92) 49
(5,92) (4,92) 108
(5,92) (6,92) 103
(6,92) (5,92) 15
(6,92) (7,92) 40
(7,92) (6,92) 54
(7,92) (8,92) 31
(8,92) (7,92) 111
(8,92) (9,92) 94
(9,92) (8,92) 30
(9,92) (10,92) 63
(10,92) (9,92) 112
(1,93) (2,93) 15
(2,93) (1,93) 60
(2,93) (3,93) 86
(3,93) (2,93) 95
(3,93) (4,93) 84
(4,93) (3,93) 59
(4,93) (5,93) 52
(5,93) (4,93) 71
(5,93) (6,93) 50
(6,93) (5,93) 106
(6,93) (7,93) 62
(7,93) (6,93) 29
(7,93) (8,93) 104
(8,93) (7,93) 30
(8,93) (9,93) 31
(9,93) (8,93) 64
(9,93) (10,93) 41
(10,93) (9,93) 61
(1,94) (2,94) 112
(2,94) (1,94) 71
(2,94) (3,94) 29
(3,94) (2,94) 64
(3,94) (4,94) 106
(4,94) (3,94) 63
(4,94) (5,94) 36
(5,94) (4,94) 43
(5,94) (6,94) 113
(6,94) (5,94) 112
(6,94) (7,94) 106
(7,94) (6,94) 111
(7,94) (8,94) 23
(8,94) (7,94) 32
(8,94) (9,94) 41
(9,94) (8,94) 69
(9,94) (10,94) 63
(10,94) (9,94) 35
(1,95) (2,95) 112
(2,95) (1,95) 25
(2,95) (3,95) 86
(3,95) (2,95) 53
(3,95) (4,95) 37
(4,95) (3,95) 62
(4,95) (5,95) 114
(5,95) (4,95) 84
(5,95) (6,95) 83
(6,95) (5,95) 92
(6,95) (7,95) 22
(7,95) (6,95) 74
(7,95) (8,95) 38
(8,95) (7,95) 98
(8,95) (9,95) 84
(9,95) (8,95) 39
(9,95) (10,95) 71
(10,95) (9,95) 84
(1,96) (2,96) 64
(2,96) (1,96) 63
(2,96) (3,96) 40
(3,96) (2,96) 72
(3,96) (4,96) 38
(4,96) (3,96) 90
(4,96) (5,96) 85
(5,96) (4,96) 16
(5,96) (6,96) 29
(6,96) (5,96) 82
(6,96) (7,96) 86
(7,96) (6,96) 71
(7,96) (8,96) 56
(8,96) (7,96) 63
(8,96) (9,96) 89
(9,96) (8,96) 108
(9,96) (10,96) 110
(10,96) (9,96) 62
(1,97) (2,97) 62
(2,97) (1,97) 41
(2,97) (3,97) 66
(3,97) (2,97) 47
(3,97) (4,97) 71
(4,97) (3,97) 90
(4,97) (5,97) 88
(5,97) (4,97) 84
(5,97) (6,97) 42
(6,97) (5,97) 98
(6,97) (7,97) 107
(7,97) (6,97) 67
(7,97) (8,97) 83
(8,97) (7,97) 28
(8,97) (9,97) 23
(9,97) (8,97) 69
(9,97) (10,97) 96
(10,97) (9,97) 66
(1,98) (2,98) 30
(2,98) (1,98) 94
(2,98) (3,98) 63
(3,98) (2,98) 34
(3,98) (4,98) 80
(4,98) (3,98) 33
(4,98) (5,98) 79
(5,98) (4,98) 50
(5,98) (6,98) 93
(6,98) (5,98) 77
(6,98) (7,98) 65
(7,98) (6,98) 102
(7,98) (8,98) 77
(8,98) (7,98) 26
(8,98) (9,98) 70
(9,98) (8,98) 35
(9,98) (10,98) 106
(10,98) (9,98) 57
(1,99) (2,99) 31
(2,99) (1,99) 94
(2,99) (3,99) 45
(3,99) (2,99) 102
(3,99) (4,99) 94
(4,99) (3,99) 30
(4,99) (5,99) 67
(5,99) (4,99) 44
(5,99) (6,99) 37
(6,99) (5,99) 63
(6,99) (7,99) 90
(7,99) (6,99) 64
(7,99) (8,99) 44
(8,99) (7,99) 60
(8,99) (9,99) 93
(9,99) (8,99) 60
(9,99) (10,99) 63
(10,99) (9,99) 106
(1,100) (2,100) 60
(2,100) (1,100) 43
(2,100) (3,100) 66
(3,100) (2,100) 46
(3,100) (4,100) 77
(4,100) (3,100) 21
(4,100) (5,100) 26
(5,100) (4,100) 25
(5,100) (6,100) 49
(6,100) (5,100) 52
(6,100) (7,100) 33
(7,100) (6,100) 82
(7,100) (8,100) 92
(8,100) (7,100) 103
(8,100) (9,100) 29
(9,100) (8,100) 97
(9,100) (10,100) 37
(10,100) (9,100) 28
(1,100) t 25
(2,100) t 112
(3,100) t 108
(4,100) t 17
(5,100) t 65
(6,100) t 83
(7,100) t 53
(8,100) t 40
(9,100) t 69
(10,100) t 82
