s (1,1) 150
s (2,1) 77
s (3,1) 116
s (4,1) 116
s (5,1) 109
s (6,1) 156
s (7,1) 95
s (8,1) 125
s (9,1) 156
s (10,1) 116
(1,1) (1,2) 131
(2,1) (2,2) 111
(3,1) (3,2) 136
(4,1) (4,2) 161
(5,1) (5,2) 81
(6,1) (6,2) 133
(7,1) (7,2) 88
(8,1) (8,2) 131
(9,1) (9,2) 161
(10,1) (10,2) 163
(1,2) (1,3) 94
(2,2) (2,3) 83
(3,2) (3,3) 170
(4,2) (4,3) 155
(5,2) (5,3) 116
(6,2) (6,3) 78
(7,2) (7,3) 127
(8,2) (8,3) 166
(9,2) (9,3) 91
(10,2) (10,3) 120
(1,3) (1,4) 170
(2,3) (2,4) 151
(3,3) (3,4) 107
(4,3) (4,4) 170
(5,3) (5,4) 130
(6,3) (6,4) 101
(7,3) (7,4) 89
(8,3) (8,4) 130
(9,3) (9,4) 156
(10,3) (10,4) 172
(1,4) (1,5) 140
(2,4) (2,5) 148
(3,4) (3,5) 106
(4,4) (4,5) 138
(5,4) (5,5) 167
(6,4) (6,5) 114
(7,4) (7,5) 167
(8,4) (8,5) 166
(9,4) (9,5) 174
(10,4) (10,5) 152
(1,5) (1,6) 136
(2,5) (2,6) 77
(3,5) (3,6) 129
(4,5) (4,6) 139
(5,5) (5,6) 116
(6,5) (6,6) 142
(7,5) (7,6) 114
(8,5) (8,6) 161
(9,5) (9,6) 104
(10,5) (10,6) 89
(1,6) (1,7) 90
(2,6) (2,7) 90
(3,6) (3,7) 106
(4,6) (4,7) 124
(5,6) (5,7) 94
(6,6) (6,7) 109
(7,6) (7,7) 151
(8,6) (8,7) 118
(9,6) (9,7) 140
(10,6) (10,7) 145
(1,7) (1,8) 149
(2,7) (2,8) 96
(3,7) (3,8) 117
(4,7) (4,8) 131
(5,7) (5,8) 134
(6,7) (6,8) 110
(7,7) (7,8) 79
(8,7) (8,8) 131
(9,7) (9,8) 167
(10,7) (10,8) 103
(1,8) (1,9) 100
(2,8) (2,9) 131
(3,8) (3,9) 101
(4,8) (4,9) 105
(5,8) (5,9) 125
(6,8) (6,9) 135
(7,8) (7,9) 105
(8,8) (8,9) 140
(9,8) (9,9) 145
(10,8) (10,9) 86
(1,9) (1,10) 120
(2,9) (2,10) 115
(3,9) (3,10) 135
(4,9) (4,10) 113
(5,9) (5,10) 158
(6,9) (6,10) 98
(7,9) (7,10) 116
(8,9) (8,10) 148
(9,9) (9,10) 157
(10,9) (10,10) 110
(1,10) (1,11) 170
(2,10) (2,11) 87
(3,10) (3,11) 146
(4,10) (4,11) 166
(5,10) (5,11) 129
(6,10) (6,11) 103
(7,10) (7,11) 75
(8,10) (8,11) 94
(9,10) (9,11) 127
(10,10) (10,11) 101
(1,11) (1,12) 164
(2,11) (2,12) 99
(3,11) (3,12) 98
(4,11) (4,12) 126
(5,11) (5,12) 148
(6,11) (6,12) 103
(7,11) (7,12) 139
(8,11) (8,12) 135
(9,11) (9,12) 124
(10,11) (10,12) 83
(1,12) (1,13) 123
(2,12) (2,13) 105
(3,12) (3,13) 167
(4,12) (4,13) 138
(5,12) (5,13) 103
(6,12) (6,13) 141
(7,12) (7,13) 118
(8,12) (8,13) 132
(9,12) (9,13) 120
(10,12) (10,13) 157
(1,13) (1,14) 142
(2,13) (2,14) 86
(3,13) (3,14) 168
(4,13) (4,14) 97
(5,13) (5,14) 124
(6,13) (6,14) 149
(7,13) (7,14) 153
(8,13) (8,14) 118
(9,13) (9,14) 137
(10,13) (10,14) 139
(1,14) (1,15) 115
(2,14) (2,15) 143
(3,14) (3,15) 159
(4,14) (4,15) 93
(5,14) (5,15) 134
(6,14) (6,15) 159
(7,14) (7,15) 105
(8,14) (8,15) 93
(9,14) (9,15) 126
(10,14) (10,15) 170
(1,15) (1,16) 130
(2,15) (2,16) 117
(3,15) (3,16) 94
(4,15) (4,16) 110
(5,15) (5,16) 169
(6,15) (6,16) 109
(7,15) (7,16) 161
(8,15) (8,16) 153
(9,15) (9,16) 105
(10,15) (10,16) 164
(1,16) (1,17) 168
(2,16) (2,17) 118
(3,16) (3,17) 112
(4,16) (4,17) 173
(5,16) (5,17) 145
(6,16) (6,17) 94
(7,16) (7,17) 83
(8,16) (8,17) 91
(9,16) (9,17) 96
(10,16) (10,17) 94
(1,17) (1,18) 88
(2,17) (2,18) 167
(3,17) (3,18) 160
(4,17) (4,18) 119
(5,17) (5,18) 163
(6,17) (6,18) 87
(7,17) (7,18) 146
(8,17) (8,18) 77
(9,17) (9,18) 76
(10,17) (10,18) 162
(1,18) (1,19) 86
(2,18) (2,19) 145
(3,18) (3,19) 102
(4,18) (4,19) 103
(5,18) (5,19) 160
(6,18) (6,19) 141
(7,18) (7,19) 131
(8,18) (8,19) 133
(9,18) (9,19) 113
(10,18) (10,19) 110
(1,19) (1,20) 143
(2,19) (2,20) 148
(3,19) (3,20) 126
(4,19) (4,20) 127
(5,19) (5,20) 157
(6,19) (6,20) 115
(7,19) (7,20) 158
(8,19) (8,20) 96
(9,19) (9,20) 90
(10,19) (10,20) 107
(1,20) (1,21) 140
(2,20) (2,21) 82
(3,20) (3,21) 149
(4,20) (4,21) 97
(5,20) (5,21) 80
(6,20) (6,21) 133
(7,20) (7,21) 145
(8,20) (8,21) 75
(9,20) (9,21) 99
(10,20) (10,21) 77
(1,21) (1,22) 121
(2,21) (2,22) 119
(3,21) (3,22) 164
(4,21) (4,22) 103
(5,21) (5,22) 77
(6,21) (6,22) 101
(7,21) (7,22) 78
(8,21) (8,22) 163
(9,21) (9,22) 83
(10,21) (10,22) 120
(1,22) (1,23) 87
(2,22) (2,23) 88
(3,22) (3,23) 157
(4,22) (4,23) 173
(5,22) (5,23) 107
(6,22) (6,23) 134
(7,22) (7,23) 111
(8,22) (8,23) 161
(9,22) (9,23) 121
(10,22) (10,23) 108
(1,23) (1,24) 110
(2,23) (2,24) 109
(3,23) (3,24) 159
(4,23) (4,24) 162
(5,23) (5,24) 158
(6,23) (6,24) 127
(7,23) (7,24) 130
(8,23) (8,24) 115
(9,23) (9,24) 152
(10,23) (10,24) 86
(1,24) (1,25) 117
(2,24) (2,25) 145
(3,24) (3,25) 136
(4,24) (4,25) 110
(5,24) (5,25) 138
(6,24) (6,25) 141
(7,24) (7,25) 87
(8,24) (8,25) 111
(9,24) (9,25) 87
(10,24) (10,25) 163
(1,25) (1,26) 82
(2,25) (2,26) 114
(3,25) (3,26) 136
(4,25) (4,26) 114
(5,25) (5,26) 147
(6,25) (6,26) 159
(7,25) (7,26) 79
(8,25) (8,26) 104
(9,25) (9,26) 132
(10,25) (10,26) 138
(1,26) (1,27) 156
(2,26) (2,27) 105
(3,26) (3,27) 154
(4,26) (4,27) 172
(5,26) (5,27) 98
(6,26) (6,27) 95
(7,26) (7,27) 88
(8,26) (8,27) 93
(9,26) (9,27) 171
(10,26) (10,27) 147
(1,27) (1,28) 93
(2,27) (2,28) 156
(3,27) (3,28) 164
(4,27) (4,28) 166
(5,27) (5,28) 149
(6,27) (6,28) 78
(7,27) (7,28) 118
(8,27) (8,28) 95
(9,27) (9,28) 119
(10,27) (10,28) 101
(1,28) (1,29) 102
(2,28) (2,29) 81
(3,28) (3,29) 144
(4,28) (4,29) 146
(5,28) (5,29) 123
(6,28) (6,29) 105
(7,28) (7,29) 92
(8,28) (8,29) 135
(9,28) (9,29) 153
(10,28) (10,29) 170
(1,29) (1,30) 154
(2,29) (2,30) 130
(3,29) (3,30) 174
(4,29) (4,30) 85
(5,29) (5,30) 122
(6,29) (6,30) 125
(7,29) (7,30) 157
(8,29) (8,30) 131
(9,29) (9,30) 127
(10,29) (10,30) 167
(1,30) (1,31) 88
(2,30) (2,31) 102
(3,30) (3,31) 108
(4,30) (4,31) 141
(5,30) (5,31) 167
(6,30) (6,31) 101
(7,30) (7,31) 128
(8,30) (8,31) 136
(9,30) (9,31) 132
(10,30) (10,31) 156
(1,31) (1,32) 101
(2,31) (2,32) 83
(3,31) (3,32) 86
(4,31) (4,32) 89
(5,31) (5,32) 82
(6,31) (6,32) 96
(7,31) (7,32) 136
(8,31) (8,32) 100
(9,31) (9,32) 117
(10,31) (10,32) 114
(1,32) (1,33) 114
(2,32) (2,33) 139
(3,32) (3,33) 132
(4,32) (4,33) 82
(5,32) (5,33) 80
(6,32) (6,33) 145
(7,32) (7,33) 116
(8,32) (8,33) 77
(9,32) (9,33) 100
(10,32) (10,33) 76
(1,33) (1,34) 112
(2,33) (2,34) 150
(3,33) (3,34) 146
(4,33) (4,34) 79
(5,33) (5,34) 88
(6,33) (6,34) 169
(7,33) (7,34) 139
(8,33) (8,34) 113
(9,33) (9,34) 169
(10,33) (10,34) 95
(1,34) (1,35) 158
(2,34) (2,35) 126
(3,34) (3,35) 146
(4,34) (4,35) 141
(5,34) (5,35) 108
(6,34) (6,35) 111
(7,34) (7,35) 134
(8,34) (8,35) 77
(9,34) (9,35) 84
(10,34) (10,35) 160
(1,35) (1,36) 137
(2,35) (2,36) 151
(3,35) (3,36) 127
(4,35) (4,36) 150
(5,35) (5,36) 85
(6,35) (6,36) 114
(7,35) (7,36) 84
(8,35) (8,36) 76
(9,35) (9,36) 137
(10,35) (10,36) 78
(1,36) (1,37) 166
(2,36) (2,37) 125
(3,36) (3,37) 169
(4,36) (4,37) 162
(5,36) (5,37) 141
(6,36) (6,37) 127
(7,36) (7,37) 169
(8,36) (8,37) 76
(9,36) (9,37) 92
(10,36) (10,37) 126
(1,37) (1,38) 165
(2,37) (2,38) 124
(3,37) (3,38) 158
(4,37) (4,38) 86
(5,37) (5,38) 110
(6,37) (6,38) 83
(7,37) (7,38) 112
(8,37) (8,38) 159
(9,37) (9,38) 85
(10,37) (10,38) 144
(1,38) (1,39) 105
(2,38) (2,39) 173
(3,38) (3,39) 81
(4,38) (4,39) 157
(5,38) (5,39) 121
(6,38) (6,39) 146
(7,38) (7,39) 107
(8,38) (8,39) 101
(9,38) (9,39) 128
(10,38) (10,39) 172
(1,39) (1,40) 108
(2,39) (2,40) 109
(3,39) (3,40) 97
(4,39) (4,40) 86
(5,39) (5,40) 172
(6,39) (6,40) 141
(7,39) (7,40) 123
(8,39) (8,40) 89
(9,39) (9,40) 116
(10,39) (10,40) 82
(1,40) (1,41) 138
(2,40) (2,41) 88
(3,40) (3,41) 82
(4,40) (4,41) 158
(5,40) (5,41) 111
(6,40) (6,41) 171
(7,40) (7,41) 132
(8,40) (8,41) 108
(9,40) (9,41) 117
(10,40) (10,41) 134
(1,41) (1,42) 152
(2,41) (2,42) 161
(3,41) (3,42) 78
(4,41) (4,42) 83
(5,41) (5,42) 128
(6,41) (6,42) 96
(7,41) (7,42) 163
(8,41) (8,42) 120
(9,41) (9,42) 157
(10,41) (10,42) 75
(1,42) (1,43) 112
(2,42) (2,43) 110
(3,42) (3,43) 78
(4,42) (4,43) 98
(5,42) (5,43) 83
(6,42) (6,43) 87
(7,42) (7,43) 143
(8,42) (8,43) 125
(9,42) (9,43) 94
(10,42) (10,43) 119
(1,43) (1,44) 93
(2,43) (2,44) 110
(3,43) (3,44) 145
(4,43) (4,44) 155
(5,43) (5,44) 109
(6,43) (6,44) 109
(7,43) (7,44) 138
(8,43) (8,44) 95
(9,43) (9,44) 172
(10,43) (10,44) 114
(1,44) (1,45) 93
(2,44) (2,45) 159
(3,44) (3,45) 77
(4,44) (4,45) 137
(5,44) (5,45) 88
(6,44) (6,45) 165
(7,44) (7,45) 127
(8,44) (8,45) 127
(9,44) (9,45) 156
(10,44) (10,45) 157
(1,45) (1,46) 119
(2,45) (2,46) 96
(3,45) (3,46) 82
(4,45) (4,46) 93
(5,45) (5,46) 114
(6,45) (6,46) 89
(7,45) (7,46) 152
(8,45) (8,46) 172
(9,45) (9,46) 123
(10,45) (10,46) 90
(1,46) (1,47) 157
(2,46) (2,47) 123
(3,46) (3,47) 167
(4,46) (4,47) 146
(5,46) (5,47) 128
(6,46) (6,47) 96
(7,46) (7,47) 159
(8,46) (8,47) 78
(9,46) (9,47) 122
(10,46) (10,47) 139
(1,47) (1,48) 91
(2,47) (2,48) 139
(3,47) (3,48) 158
(4,47) (4,48) 118
(5,47) (5,48) 114
(6,47) (6,48) 151
(7,47) (7,48) 97
(8,47) (8,48) 83
(9,47) (9,48) 85
(10,47) (10,48) 84
(1,48) (1,49) 171
(2,48) (2,49) 82
(3,48) (3,49) 157
(4,48) (4,49) 125
(5,48) (5,49) 140
(6,48) (6,49) 118
(7,48) (7,49) 110
(8,48) (8,49) 162
(9,48) (9,49) 110
(10,48) (10,49) 170
(1,49) (1,50) 157
(2,49) (2,50) 83
(3,49) (3,50) 92
(4,49) (4,50) 133
(5,49) (5,50) 103
(6,49) (6,50) 168
(7,49) (7,50) 92
(8,49) (8,50) 133
(9,49) (9,50) 142
(10,49) (10,50) 124
(1,50) (1,51) 135
(2,50) (2,51) 142
(3,50) (3,51) 117
(4,50) (4,51) 160
(5,50) (5,51) 161
(6,50) (6,51) 87
(7,50) (7,51) 165
(8,50) (8,51) 120
(9,50) (9,51) 104
(10,50) (10,51) 87
(1,51) (1,52) 135
(2,51) (2,52) 125
(3,51) (3,52) 113
(4,51) (4,52) 101
(5,51) (5,52) 123
(6,51) (6,52) 78
(7,51) (7,52) 101
(8,51) (8,52) 161
(9,51) (9,52) 82
(10,51) (10,52) 121
(1,52) (1,53) 139
(2,52) (2,53) 151
(3,52) (3,53) 155
(4,52) (4,53) 160
(5,52) (5,53) 100
(6,52) (6,53) 91
(7,52) (7,53) 88
(8,52) (8,53) 142
(9,52) (9,53) 109
(10,52) (10,53) 144
(1,53) (1,54) 151
(2,53) (2,54) 92
(3,53) (3,54) 97
(4,53) (4,54) 137
(5,53) (5,54) 109
(6,53) (6,54) 133
(7,53) (7,54) 121
(8,53) (8,54) 166
(9,53) (9,54) 100
(10,53) (10,54) 131
(1,54) (1,55) 129
(2,54) (2,55) 87
(3,54) (3,55) 165
(4,54) (4,55) 168
(5,54) (5,55) 166
(6,54) (6,55) 160
(7,54) (7,55) 108
(8,54) (8,55) 94
(9,54) (9,55) 102
(10,54) (10,55) 129
(1,55) (1,56) 99
(2,55) (2,56) 125
(3,55) (3,56) 168
(4,55) (4,56) 77
(5,55) (5,56) 159
(6,55) (6,56) 110
(7,55) (7,56) 140
(8,55) (8,56) 75
(9,55) (9,56) 159
(10,55) (10,56) 134
(1,56) (1,57) 151
(2,56) (2,57) 136
(3,56) (3,57) 123
(4,56) (4,57) 133
(5,56) (5,57) 156
(6,56) (6,57) 168
(7,56) (7,57) 120
(8,56) (8,57) 75
(9,56) (9,57) 168
(10,56) (10,57) 99
(1,57) (1,58) 93
(2,57) (2,58) 145
(3,57) (3,58) 92
(4,57) (4,58) 80
(5,57) (5,58) 82
(6,57) (6,58) 87
(7,57) (7,58) 161
(8,57) (8,58) 86
(9,57) (9,58) 118
(10,57) (10,58) 113
(1,58) (1,59) 97
(2,58) (2,59) 123
(3,58) (3,59) 129
(4,58) (4,59) 96
(5,58) (5,59) 101
(6,58) (6,59) 75
(7,58) (7,59) 120
(8,58) (8,59) 88
(9,58) (9,59) 172
(10,58) (10,59) 121
(1,59) (1,60) 127
(2,59) (2,60) 165
(3,59) (3,60) 153
(4,59) (4,60) 165
(5,59) (5,60) 80
(6,59) (6,60) 143
(7,59) (7,60) 81
(8,59) (8,60) 126
(9,59) (9,60) 81
(10,59) (10,60) 136
(1,60) (1,61) 76
(2,60) (2,61) 99
(3,60) (3,61) 174
(4,60) (4,61) 92
(5,60) (5,61) 130
(6,60) (6,61) 105
(7,60) (7,61) 150
(8,60) (8,61) 99
(9,60) (9,61) 151
(10,60) (10,61) 155
(1,61) (1,62) 168
(2,61) (2,62) 131
(3,61) (3,62) 84
(4,61) (4,62) 131
(5,61) (5,62) 83
(6,61) (6,62) 160
(7,61) (7,62) 158
(8,61) (8,62) 137
(9,61) (9,62) 173
(10,61) (10,62) 135
(1,62) (1,63) 168
(2,62) (2,63) 118
(3,62) (3,63) 97
(4,62) (4,63) 119
(5,62) (5,63) 136
(6,62) (6,63) 147
(7,62) (7,63) 132
(8,62) (8,63) 143
(9,62) (9,63) 139
(10,62) (10,63) 88
(1,63) (1,64) 157
(2,63) (2,64) 80
(3,63) (3,64) 154
(4,63) (4,64) 108
(5,63) (5,64) 114
(6,63) (6,64) 95
(7,63) (7,64) 102
(8,63) (8,64) 83
(9,63) (9,64) 94
(10,63) (10,64) 168
(1,64) (1,65) 85
(2,64) (2,65) 92
(3,64) (3,65) 162
(4,64) (4,65) 110
(5,64) (5,65) 159
(6,64) (6,65) 136
(7,64) (7,65) 117
(8,64) (8,65) 115
(9,64) (9,65) 130
(10,64) (10,65) 79
(1,65) (1,66) 140
(2,65) (2,66) 106
(3,65) (3,66) 137
(4,65) (4,66) 114
(5,65) (5,66) 108
(6,65) (6,66) 168
(7,65) (7,66) 104
(8,65) (8,66) 155
(9,65) (9,66) 157
(10,65) (10,66) 121
(1,66) (1,67) 87
(2,66) (2,67) 106
(3,66) (3,67) 163
(4,66) (4,67) 153
(5,66) (5,67) 142
(6,66) (6,67) 124
(7,66) (7,67) 160
(8,66) (8,67) 87
(9,66) (9,67) 105
(10,66) (10,67) 102
(1,67) (1,68) 82
(2,67) (2,68) 90
(3,67) (3,68) 85
(4,67) (4,68) 135
(5,67) (5,68) 96
(6,67) (6,68) 107
(7,67) (7,68) 120
(8,67) (8,68) 139
(9,67) (9,68) 144
(10,67) (10,68) 103
(1,68) (1,69) 143
(2,68) (2,69) 161
(3,68) (3,69) 107
(4,68) (4,69) 89
(5,68) (5,69) 174
(6,68) (6,69) 157
(7,68) (7,69) 117
(8,68) (8,69) 104
(9,68) (9,69) 109
(10,68) (10,69) 163
(1,69) (1,70) 113
(2,69) (2,70) 75
(3,69) (3,70) 83
(4,69) (4,70) 155
(5,69) (5,70) 108
(6,69) (6,70) 142
(7,69) (7,70) 80
(8,69) (8,70) 98
(9,69) (9,70) 170
(10,69) (10,70) 155
(1,70) (1,71) 129
(2,70) (2,71) 169
(3,70) (3,71) 77
(4,70) (4,71) 145
(5,70) (5,71) 147
(6,70) (6,71) 138
(7,70) (7,71) 87
(8,70) (8,71) 88
(9,70) (9,71) 141
(10,70) (10,71) 140
(1,71) (1,72) 140
(2,71) (2,72) 121
(3,71) (3,72) 143
(4,71) (4,72) 144
(5,71) (5,72) 112
(6,71) (6,72) 81
(7,71) (7,72) 103
(8,71) (8,72) 114
(9,71) (9,72) 131
(10,71) (10,72) 143
(1,72) (1,73) 135
(2,72) (2,73) 121
(3,72) (3,73) 106
(4,72) (4,73) 159
(5,72) (5,73) 85
(6,72) (6,73) 152
(7,72) (7,73) 144
(8,72) (8,73) 127
(9,72) (9,73) 75
(10,72) (10,73) 98
(1,73) (1,74) 131
(2,73) (2,74) 84
(3,73) (3,74) 96
(4,73) (4,74) 141
(5,73) (5,74) 124
(6,73) (6,74) 96
(7,73) (7,74) 133
(8,73) (8,74) 159
(9,73) (9,74) 85
(10,73) (10,74) 76
(1,74) (1,75) 141
(2,74) (2,75) 170
(3,74) (3,75) 112
(4,74) (4,75) 173
(5,74) (5,75) 134
(6,74) (6,75) 91
(7,74) (7,75) 174
(8,74) (8,75) 94
(9,74) (9,75) 169
(10,74) (10,75) 146
(1,75) (1,76) 143
(2,75) (2,76) 84
(3,75) (3,76) 97
(4,75) (4,76) 80
(5,75) (5,76) 78
(6,75) (6,76) 141
(7,75) (7,76) 101
(8,75) (8,76) 89
(9,75) (9,76) 85
(10,75) (10,76) 91
(1,76) (1,77) 116
(2,76) (2,77) 156
(3,76) (3,77) 90
(4,76) (4,77) 108
(5,76) (5,77) 113
(6,76) (6,77) 82
(7,76) (7,77) 94
(8,76) (8,77) 133
(9,76) (9,77) 165
(10,76) (10,77) 100
(1,77) (1,78) 143
(2,77) (2,78) 144
(3,77) (3,78) 125
(4,77) (4,78) 102
(5,77) (5,78) 173
(6,77) (6,78) 91
(7,77) (7,78) 138
(8,77) (8,78) 98
(9,77) (9,78) 97
(10,77) (10,78) 82
(1,78) (1,79) 162
(2,78) (2,79) 140
(3,78) (3,79) 144
(4,78) (4,79) 89
(5,78) (5,79) 124
(6,78) (6,79) 96
(7,78) (7,79) 108
(8,78) (8,79) 148
(9,78) (9,79) 121
(10,78) (10,79) 125
(1,79) (1,80) 110
(2,79) (2,80) 120
(3,79) (3,80) 83
(4,79) (4,80) 121
(5,79) (5,80) 165
(6,79) (6,80) 138
(7,79) (7,80) 109
(8,79) (8,80) 171
(9,79) (9,80) 115
(10,79) (10,80) 119
(1,80) (1,81) 100
(2,80) (2,81) 100
(3,80) (3,81) 97
(4,80) (4,81) 159
(5,80) (5,81) 127
(6,80) (6,81) 104
(7,80) (7,81) 162
(8,80) (8,81) 99
(9,80) (9,81) 153
(10,80) (10,81) 97
(1,81) (1,82) 172
(2,81) (2,82) 91
(3,81) (3,82) 141
(4,81) (4,82) 174
(5,81) (5,82) 139
(6,81) (6,82) 120
(7,81) (7,82) 132
(8,81) (8,82) 137
(9,81) (9,82) 127
(10,81) (10,82) 140
(1,82) (1,83) 131
(2,82) (2,83) 97
(3,82) (3,83) 153
(4,82) (4,83) 128
(5,82) (5,83) 112
(6,82) (6,83) 99
(7,82) (7,83) 155
(8,82) (8,83) 79
(9,82) (9,83) 158
(10,82) (10,83) 145
(1,83) (1,84) 169
(2,83) (2,84) 149
(3,83) (3,84) 82
(4,83) (4,84) 92
(5,83) (5,84) 139
(6,83) (6,84) 97
(7,83) (7,84) 173
(8,83) (8,84) 155
(9,83) (9,84) 84
(10,83) (10,84) 101
(1,84) (1,85) 148
(2,84) (2,85) 160
(3,84) (3,85) 93
(4,84) (4,85) 85
(5,84) (5,85) 127
(6,84) (6,85) 93
(7,84) (7,85) 116
(8,84) (8,85) 151
(9,84) (9,85) 97
(10,84) (10,85) 163
(1,85) (1,86) 93
(2,85) (2,86) 114
(3,85) (3,86) 174
(4,85) (4,86) 141
(5,85) (5,86) 94
(6,85) (6,86) 108
(7,85) (7,86) 119
(8,85) (8,86) 108
(9,85) (9,86) 108
(10,85) (10,86) 126
(1,86) (1,87) 167
(2,86) (2,87) 160
(3,86) (3,87) 117
(4,86) (4,87) 144
(5,86) (5,87) 174
(6,86) (6,87) 146
(7,86) (7,87) 85
(8,86) (8,87) 79
(9,86) (9,87) 138
(10,86) (10,87) 124
(1,87) (1,88) 86
(2,87) (2,88) 105
(3,87) (3,88) 143
(4,87) (4,88) 79
(5,87) (5,88) 75
(6,87) (6,88) 143
(7,87) (7,88) 174
(8,87) (8,88) 88
(9,87) (9,88) 146
(10,87) (10,88) 120
(1,88) (1,89) 131
(2,88) (2,89) 123
(3,88) (3,89) 137
(4,88) (4,89) 121
(5,88) (5,89) 162
(6,88) (6,89) 84
(7,88) (7,89) 90
(8,88) (8,89) 160
(9,88) (9,89) 155
(10,88) (10,89) 95
(1,89) (1,90) 112
(2,89) (2,90) 156
(3,89) (3,90) 105
(4,89) (4,90) 127
(5,89) (5,90) 94
(6,89) (6,90) 161
(7,89) (7,90) 78
(8,89) (8,90) 172
(9,89) (9,90) 112
(10,89) (10,90) 116
(1,90) (1,91) 123
(2,90) (2,91) 79
(3,90) (3,91) 109
(4,90) (4,91) 134
(5,90) (5,91) 174
(6,90) (6,91) 126
(7,90) (7,91) 90
(8,90) (8,91) 165
(9,90) (9,91) 145
(10,90) (10,91) 105
(1,91) (1,92) 169
(2,91) (2,92) 80
(3,91) (3,92) 125
(4,91) (4,92) 99
(5,91) (5,92) 170
(6,91) (6,92) 149
(7,91) (7,92) 140
(8,91) (8,92) 83
(9,91) (9,92) 133
(10,91) (10,92) 109
(1,92) (1,93) 173
(2,92) (2,93) 84
(3,92) (3,93) 107
(4,92) (4,93) 92
(5,92) (5,93) 101
(6,92) (6,93) 139
(7,92) (7,93) 134
(8,92) (8,93) 130
(9,92) (9,93) 124
(10,92) (10,93) 132
(1,93) (1,94) 138
(2,93) (2,94) 173
(3,93) (3,94) 139
(4,93) (4,94) 147
(5,93) (5,94) 172
(6,93) (6,94) 110
(7,93) (7,94) 153
(8,93) (8,94) 102
(9,93) (9,94) 146
(10,93) (10,94) 139
(1,94) (1,95) 144
(2,94) (2,95) 81
(3,94) (3,95) 171
(4,94) (4,95) 120
(5,94) (5,95) 164
(6,94) (6,95) 145
(7,94) (7,95) 102
(8,94) (8,95) 91
(9,94) (9,95) 127
(10,94) (10,95) 162
(1,95) (1,96) 134
(2,95) (2,96) 133
(3,95) (3,96) 105
(4,95) (4,96) 103
(5,95) (5,96) 165
(6,95) (6,96) 114
(7,95) (7,96) 76
(8,95) (8,96) 128
(9,95) (9,96) 105
(10,95) (10,96) 128
(1,96) (1,97) 165
(2,96) (2,97) 144
(3,96) (3,97) 96
(4,96) (4,97) 157
(5,96) (5,97) 158
(6,96) (6,97) 157
(7,96) (7,97) 136
(8,96) (8,97) 127
(9,96) (9,97) 159
(10,96) (10,97) 174
(1,97) (1,98) 87
(2,97) (2,98) 79
(3,97) (3,98) 147
(4,97) (4,98) 159
(5,97) (5,98) 89
(6,97) (6,98) 94
(7,97) (7,98) 76
(8,97) (8,98) 164
(9,97) (9,98) 132
(10,97) (10,98) 126
(1,98) (1,99) 135
(2,98) (2,99) 168
(3,98) (3,99) 166
(4,98) (4,99) 124
(5,98) (5,99) 159
(6,98) (6,99) 165
(7,98) (7,99) 145
(8,98) (8,99) 103
(9,98) (9,99) 98
(10,98) (10,99) 121
(1,99) (1,100) 88
(2,99) (2,100) 123
(3,99) (3,100) 117
(4,99) (4,100) 139
(5,99) (5,100) 127
(6,99) (6,100) 153
(7,99) (7,100) 108
(8,99) (8,100) 101
(9,99) (9,100) 96
(10,99) (10,100) 103
(1,1) (2,1) 173
(2,1) (1,1) 130
(2,1) (3,1) 97
(3,1) (2,1) 82
(3,1) (4,1) 159
(4,1) (3,1) 104
(4,1) (5,1) 153
(5,1) (4,1) 79
(5,1) (6,1) 116
(6,1) (5,1) 112
(6,1) (7,1) 92
(7,1) (6,1) 159
(7,1) (8,1) 97
(8,1) (7,1) 118
(8,1) (9,1) 168
(9,1) (8,1) 152
(9,1) (10,1) 98
(10,1) (9,1) 76
(1,2) (2,2) 117
(2,2) (1,2) 110
(2,2) (3,2) 121
(3,2) (2,2) 119
(3,2) (4,2) 110
(4,2) (3,2) 75
(4,2) (5,2) 171
(5,2) (4,2) 133
(5,2) (6,2) 157
(6,2) (5,2) 156
(6,2) (7,2) 86
(7,2) (6,2) 90
(7,2) (8,2) 157
(8,2) (7,2) 108
(8,2) (9,2) 91
(9,2) (8,2) 134
(9,2) (10,2) 160
(10,2) (9,2) 126
(1,3) (2,3) 111
(2,3) (1,3) 80
(2,3) (3,3) 79
(3,3) (2,3) 110
(3,3) (4,3) 158
(4,3) (3,3) 121
(4,3) (5,3) 118
(5,3) (4,3) 149
(5,3) (6,3) 88
(6,3) (5,3) 75
(6,3) (7,3) 128
(7,3) (6,3) 164
(7,3) (8,3) 155
(8,3) (7,3) 174
(8,3) (9,3) 149
(9,3) (8,3) 124
(9,3) (10,3) 151
(10,3) (9,3) 174
(1,4) (2,4) 116
(2,4) (1,4) 108
(2,4) (3,4) 96
(3,4) (2,4) 135
(3,4) (4,4) 139
(4,4) (3,4) 134
(4,4) (5,4) 87
(5,4) (4,4) 121
(5,4) (6,4) 82
(6,4) (5,4) 99
(6,4) (7,4) 92
(7,4) (6,4) 114
(7,4) (8,4) 128
(8,4) (7,4) 162
(8,4) (9,4) 172
(9,4) (8,4) 119
(9,4) (10,4) 170
(10,4) (9,4) 137
(1,5) (2,5) 120
(2,5) (1,5) 76
(2,5) (3,5) 126
(3,5) (2,5) 117
(3,5) (4,5) 96
(4,5) (3,5) 100
(4,5) (5,5) 84
(5,5) (4,5) 132
(5,5) (6,5) 142
(6,5) (5,5) 130
(6,5) (7,5) 131
(7,5) (6,5) 124
(7,5) (8,5) 135
(8,5) (7,5) 97
(8,5) (9,5) 98
(9,5) (8,5) 153
(9,5) (10,5) 117
(10,5) (9,5) 119
(1,6) (2,6) 142
(2,6) (1,6) 144
(2,6) (3,6) 83
(3,6) (2,6) 113
(3,6) (4,6) 80
(4,6) (3,6) 104
(4,6) (5,6) 118
(5,6) (4,6) 167
(5,6) (6,6) 153
(6,6) (5,6) 163
(6,6) (7,6) 164
(7,6) (6,6) 80
(7,6) (8,6) 91
(8,6) (7,6) 127
(8,6) (9,6) 91
(9,6) (8,6) 163
(9,6) (10,6) 96
(10,6) (9,6) 82
(1,7) (2,7) 125
(2,7) (1,7) 133
(2,7) (3,7) 129
(3,7) (2,7) 107
(3,7) (4,7) 79
(4,7) (3,7) 112
(4,7) (5,7) 100
(5,7) (4,7) 150
(5,7) (6,7) 89
(6,7) (5,7) 105
(6,7) (7,7) 119
(7,7) (6,7) 168
(7,7) (8,7) 123
(8,7) (7,7) 147
(8,7) (9,7) 88
(9,7) (8,7) 129
(9,7) (10,7) 110
(10,7) (9,7) 107
(1,8) (2,8) 167
(2,8) (1,8) 103
(2,8) (3,8) 119
(3,8) (2,8) 119
(3,8) (4,8) 119
(4,8) (3,8) 112
(4,8) (5,8) 105
(5,8) (4,8) 83
(5,8) (6,8) 133
(6,8) (5,8) 143
(6,8) (7,8) 99
(7,8) (6,8) 136
(7,8) (8,8) 148
(8,8) (7,8) 112
(8,8) (9,8) 76
(9,8) (8,8) 118
(9,8) (10,8) 150
(10,8) (9,8) 142
(1,9) (2,9) 98
(2,9) (1,9) 152
(2,9) (3,9) 152
(3,9) (2,9) 135
(3,9) (4,9) 86
(4,9) (3,9) 154
(4,9) (5,9) 135
(5,9) (4,9) 88
(5,9) (6,9) 165
(6,9) (5,9) 86
(6,9) (7,9) 95
(7,9) (6,9) 165
(7,9) (8,9) 81
(8,9) (7,9) 95
(8,9) (9,9) 154
(9,9) (8,9) 108
(9,9) (10,9) 164
(10,9) (9,9) 156
(1,10) (2,10) 82
(2,10) (1,10) 142
(2,10) (3,10) 170
(3,10) (2,10) 162
(3,10) (4,10) 113
(4,10) (3,10) 135
(4,10) (5,10) 115
(5,10) (4,10) 94
(5,10) (6,10) 94
(6,10) (5,10) 88
(6,10) (7,10) 88
(7,10) (6,10) 90
(7,10) (8,10) 164
(8,10) (7,10) 94
(8,10) (9,10) 162
(9,10) (8,10) 138
(9,10) (10,10) 115
(10,10) (9,10) 150
(1,11) (2,11) 100
(2,11) (1,11) 159
(2,11) (3,11) 75
(3,11) (2,11) 144
(3,11) (4,11) 125
(4,11) (3,11) 92
(4,11) (5,11) 125
(5,11) (4,11) 149
(5,11) (6,11) 135
(6,11) (5,11) 97
(6,11) (7,11) 78
(7,11) (6,11) 91
(7,11) (8,11) 105
(8,11) (7,11) 89
(8,11) (9,11) 82
(9,11) (8,11) 167
(9,11) (10,11) 144
(10,11) (9,11) 139
(1,12) (2,12) 170
(2,12) (1,12) 85
(2,12) (3,12) 120
(3,12) (2,12) 117
(3,12) (4,12) 134
(4,12) (3,12) 153
(4,12) (5,12) 157
(5,12) (4,12) 106
(5,12) (6,12) 102
(6,12) (5,12) 129
(6,12) (7,12) 96
(7,12) (6,12) 170
(7,12) (8,12) 145
(8,12) (7,12) 96
(8,12) (9,12) 102
(9,12) (8,12) 157
(9,12) (10,12) 103
(10,12) (9,12) 121
(1,13) (2,13) 77
(2,13) (1,13) 81
(2,13) (3,13) 124
(3,13) (2,13) 117
(3,13) (4,13) 165
(4,13) (3,13) 84
(4,13) (5,13) 98
(5,13) (4,13) 123
(5,13) (6,13) 117
(6,13) (5,13) 162
(6,13) (7,13) 140
(7,13) (6,13) 138
(7,13) (8,13) 126
(8,13) (7,13) 143
(8,13) (9,13) 125
(9,13) (8,13) 131
(9,13) (10,13) 147
(10,13) (9,13) 85
(1,14) (2,14) 152
(2,14) (1,14) 83
(2,14) (3,14) 83
(3,14) (2,14) 153
(3,14) (4,14) 174
(4,14) (3,14) 172
(4,14) (5,14) 132
(5,14) (4,14) 161
(5,14) (6,14) 142
(6,14) (5,14) 80
(6,14) (7,14) 93
(7,14) (6,14) 139
(7,14) (8,14) 134
(8,14) (7,14) 172
(8,14) (9,14) 167
(9,14) (8,14) 113
(9,14) (10,14) 122
(10,14) (9,14) 171
(1,15) (2,15) 93
(2,15) (1,15) 141
(2,15) (3,15) 130
(3,15) (2,15) 82
(3,15) (4,15) 89
(4,15) (3,15) 131
(4,15) (5,15) 86
(5,15) (4,15) 93
(5,15) (6,15) 120
(6,15) (5,15) 117
(6,15) (7,15) 98
(7,15) (6,15) 87
(7,15) (8,15) 173
(8,15) (7,15) 91
(8,15) (9,15) 136
(9,15) (8,15) 99
(9,15) (10,15) 75
(10,15) (9,15) 89
(1,16) (2,16) 128
(2,16) (1,16) 147
(2,16) (3,16) 150
(3,16) (2,16) 122
(3,16) (4,16) 139
(4,16) (3,16) 118
(4,16) (5,16) 123
(5,16) (4,16) 94
(5,16) (6,16) 117
(6,16) (5,16) 131
(6,16) (7,16) 135
(7,16) (6,16) 80
(7,16) (8,16) 137
(8,16) (7,16) 138
(8,16) (9,16) 113
(9,16) (8,16) 171
(9,16) (10,16) 159
(10,16) (9,16) 146
(1,17) (2,17) 82
(2,17) (1,17) 140
(2,17) (3,17) 125
(3,17) (2,17) 120
(3,17) (4,17) 110
(4,17) (3,17) 142
(4,17) (5,17) 99
(5,17) (4,17) 94
(5,17) (6,17) 161
(6,17) (5,17) 85
(6,17) (7,17) 146
(7,17) (6,17) 93
(7,17) (8,17) 144
(8,17) (7,17) 99
(8,17) (9,17) 121
(9,17) (8,17) 162
(9,17) (10,17) 173
(10,17) (9,17) 161
(1,18) (2,18) 154
(2,18) (1,18) 95
(2,18) (3,18) 135
(3,18) (2,18) 170
(3,18) (4,18) 139
(4,18) (3,18) 75
(4,18) (5,18) 171
(5,18) (4,18) 135
(5,18) (6,18) 168
(6,18) (5,18) 119
(6,18) (7,18) 144
(7,18) (6,18) 151
(7,18) (8,18) 81
(8,18) (7,18) 117
(8,18) (9,18) 101
(9,18) (8,18) 118
(9,18) (10,18) 81
(10,18) (9,18) 115
(1,19) (2,19) 89
(2,19) (1,19) 98
(2,19) (3,19) 171
(3,19) (2,19) 168
(3,19) (4,19) 138
(4,19) (3,19) 125
(4,19) (5,19) 114
(5,19) (4,19) 104
(5,19) (6,19) 98
(6,19) (5,19) 118
(6,19) (7,19) 92
(7,19) (6,19) 97
(7,19) (8,19) 154
(8,19) (7,19) 102
(8,19) (9,19) 128
(9,19) (8,19) 78
(9,19) (10,19) 173
(10,19) (9,19) 79
(1,20) (2,20) 92
(2,20) (1,20) 100
(2,20) (3,20) 133
(3,20) (2,20) 85
(3,20) (4,20) 98
(4,20) (3,20) 84
(4,20) (5,20) 127
(5,20) (4,20) 169
(5,20) (6,20) 123
(6,20) (5,20) 81
(6,20) (7,20) 133
(7,20) (6,20) 123
(7,20) (8,20) 79
(8,20) (7,20) 115
(8,20) (9,20) 108
(9,20) (8,20) 124
(9,20) (10,20) 140
(10,20) (9,20) 125
(1,21) (2,21) 167
(2,21) (1,21) 146
(2,21) (3,21) 101
(3,21) (2,21) 136
(3,21) (4,21) 90
(4,21) (3,21) 136
(4,21) (5,21) 82
(5,21) (4,21) 124
(5,21) (6,21) 82
(6,21) (5,21) 93
(6,21) (7,21) 166
(7,21) (6,21) 144
(7,21) (8,21) 89
(8,21) (7,21) 92
(8,21) (9,21) 142
(9,21) (8,21) 122
(9,21) (10,21) 118
(10,21) (9,21) 130
(1,22) (2,22) 161
(2,22) (1,22) 153
(2,22) (3,22) 104
(3,22) (2,22) 161
(3,22) (4,22) 102
(4,22) (3,22) 143
(4,22) (5,22) 132
(5,22) (4,22) 153
(5,22) (6,22) 101
(6,22) (5,22) 172
(6,22) (7,22) 143
(7,22) (6,22) 141
(7,22) (8,22) 134
(8,22) (7,22) 161
(8,22) (9,22) 81
(9,22) (8,22) 88
(9,22) (10,22) 165
(10,22) (9,22) 165
(1,23) (2,23) 99
(2,23) (1,23) 78
(2,23) (3,23) 87
(3,23) (2,23) 82
(3,23) (4,23) 102
(4,23) (3,23) 106
(4,23) (5,23) 110
(5,23) (4,23) 80
(5,23) (6,23) 172
(6,23) (5,23) 166
(6,23) (7,23) 86
(7,23) (6,23) 160
(7,23) (8,23) 158
(8,23) (7,23) 110
(8,23) (9,23) 132
(9,23) (8,23) 80
(9,23) (10,23) 97
(10,23) (9,23) 146
(1,24) (2,24) 89
(2,24) (1,24) 155
(2,24) (3,24) 92
(3,24) (2,24) 111
(3,24) (4,24) 88
(4,24) (3,24) 128
(4,24) (5,24) 78
(5,24) (4,24) 105
(5,24) (6,24) 162
(6,24) (5,24) 151
(6,24) (7,24) 124
(7,24) (6,24) 107
(7,24) (8,24) 91
(8,24) (7,24) 104
(8,24) (9,24) 117
(9,24) (8,24) 83
(9,24) (10,24) 154
(10,24) (9,24) 93
(1,25) (2,25) 93
(2,25) (1,25) 134
(2,25) (3,25) 125
(3,25) (2,25) 111
(3,25) (4,25) 93
(4,25) (3,25) 108
(4,25) (5,25) 167
(5,25) (4,25) 140
(5,25) (6,25) 141
(6,25) (5,25) 145
(6,25) (7,25) 143
(7,25) (6,25) 120
(7,25) (8,25) 82
(8,25) (7,25) 140
(8,25) (9,25) 97
(9,25) (8,25) 165
(9,25) (10,25) 107
(10,25) (9,25) 133
(1,26) (2,26) 113
(2,26) (1,26) 129
(2,26) (3,26) 102
(3,26) (2,26) 127
(3,26) (4,26) 152
(4,26) (3,26) 157
(4,26) (5,26) 171
(5,26) (4,26) 171
(5,26) (6,26) 159
(6,26) (5,26) 157
(6,26) (7,26) 140
(7,26) (6,26) 136
(7,26) (8,26) 136
(8,26) (7,26) 123
(8,26) (9,26) 173
(9,26) (8,26) 96
(9,26) (10,26) 160
(10,26) (9,26) 83
(1,27) (2,27) 93
(2,27) (1,27) 83
(2,27) (3,27) 135
(3,27) (2,27) 133
(3,27) (4,27) 166
(4,27) (3,27) 143
(4,27) (5,27) 146
(5,27) (4,27) 78
(5,27) (6,27) 153
(6,27) (5,27) 133
(6,27) (7,27) 98
(7,27) (6,27) 157
(7,27) (8,27) 161
(8,27) (7,27) 124
(8,27) (9,27) 142
(9,27) (8,27) 99
(9,27) (10,27) 166
(10,27) (9,27) 128
(1,28) (2,28) 99
(2,28) (1,28) 97
(2,28) (3,28) 83
(3,28) (2,28) 152
(3,28) (4,28) 86
(4,28) (3,28) 114
(4,28) (5,28) 137
(5,28) (4,28) 165
(5,28) (6,28) 160
(6,28) (5,28) 86
(6,28) (7,28) 79
(7,28) (6,28) 120
(7,28) (8,28) 133
(8,28) (7,28) 115
(8,28) (9,28) 146
(9,28) (8,28) 99
(9,28) (10,28) 146
(10,28) (9,28) 154
(1,29) (2,29) 91
(2,29) (1,29) 93
(2,29) (3,29) 164
(3,29) (2,29) 124
(3,29) (4,29) 116
(4,29) (3,29) 131
(4,29) (5,29) 111
(5,29) (4,29) 115
(5,29) (6,29) 80
(6,29) (5,29) 146
(6,29) (7,29) 85
(7,29) (6,29) 149
(7,29) (8,29) 114
(8,29) (7,29) 107
(8,29) (9,29) 128
(9,29) (8,29) 89
(9,29) (10,29) 89
(10,29) (9,29) 163
(1,30) (2,30) 118
(2,30) (1,30) 102
(2,30) (3,30) 83
(3,30) (2,30) 77
(3,30) (4,30) 170
(4,30) (3,30) 96
(4,30) (5,30) 79
(5,30) (4,30) 86
(5,30) (6,30) 78
(6,30) (5,30) 144
(6,30) (7,30) 98
(7,30) (6,30) 79
(7,30) (8,30) 81
(8,30) (7,30) 100
(8,30) (9,30) 142
(9,30) (8,30) 174
(9,30) (10,30) 167
(10,30) (9,30) 130
(1,31) (2,31) 162
(2,31) (1,31) 79
(2,31) (3,31) 92
(3,31) (2,31) 79
(3,31) (4,31) 130
(4,31) (3,31) 77
(4,31) (5,31) 164
(5,31) (4,31) 147
(5,31) (6,31) 135
(6,31) (5,31) 98
(6,31) (7,31) 162
(7,31) (6,31) 99
(7,31) (8,31) 82
(8,31) (7,31) 119
(8,31) (9,31) 164
(9,31) (8,31) 82
(9,31) (10,31) 134
(10,31) (9,31) 165
(1,32) (2,32) 84
(2,32) (1,32) 154
(2,32) (3,32) 141
(3,32) (2,32) 106
(3,32) (4,32) 165
(4,32) (3,32) 149
(4,32) (5,32) 81
(5,32) (4,32) 141
(5,32) (6,32) 95
(6,32) (5,32) 168
(6,32) (7,32) 171
(7,32) (6,32) 109
(7,32) (8,32) 82
(8,32) (7,32) 106
(8,32) (9,32) 144
(9,32) (8,32) 140
(9,32) (10,32) 174
(10,32) (9,32) 121
(1,33) (2,33) 144
(2,33) (1,33) 163
(2,33) (3,33) 77
(3,33) (2,33) 78
(3,33) (4,33) 112
(4,33) (3,33) 75
(4,33) (5,33) 110
(5,33) (4,33) 100
(5,33) (6,33) 157
(6,33) (5,33) 104
(6,33) (7,33) 113
(7,33) (6,33) 116
(7,33) (8,33) 95
(8,33) (7,33) 121
(8,33) (9,33) 163
(9,33) (8,33) 108
(9,33) (10,33) 161
(10,33) (9,33) 168
(1,34) (2,34) 152
(2,34) (1,34) 119
(2,34) (3,34) 113
(3,34) (2,34) 122
(3,34) (4,34) 173
(4,34) (3,34) 76
(4,34) (5,34) 88
(5,34) (4,34) 124
(5,34) (6,34) 101
(6,34) (5,34) 171
(6,34) (7,34) 152
(7,34) (6,34) 139
(7,34) (8,34) 120
(8,34) (7,34) 172
(8,34) (9,34) 118
(9,34) (8,34) 98
(9,34) (10,34) 94
(10,34) (9,34) 97
(1,35) (2,35) 157
(2,35) (1,35) 122
(2,35) (3,35) 163
(3,35) (2,35) 161
(3,35) (4,35) 173
(4,35) (3,35) 122
(4,35) (5,35) 143
(5,35) (4,35) 80
(5,35) (6,35) 137
(6,35) (5,35) 141
(6,35) (7,35) 158
(7,35) (6,35) 110
(7,35) (8,35) 174
(8,35) (7,35) 93
(8,35) (9,35) 77
(9,35) (8,35) 96
(9,35) (10,35) 76
(10,35) (9,35) 97
(1,36) (2,36) 83
(2,36) (1,36) 137
(2,36) (3,36) 171
(3,36) (2,36) 110
(3,36) (4,36) 168
(4,36) (3,36) 130
(4,36) (5,36) 120
(5,36) (4,36) 96
(5,36) (6,36) 75
(6,36) (5,36) 102
(6,36) (7,36) 140
(7,36) (6,36) 149
(7,36) (8,36) 173
(8,36) (7,36) 149
(8,36) (9,36) 142
(9,36) (8,36) 132
(9,36) (10,36) 138
(10,36) (9,36) 116
(1,37) (2,37) 89
(2,37) (1,37) 133
(2,37) (3,37) 164
(3,37) (2,37) 173
(3,37) (4,37) 172
(4,37) (3,37) 92
(4,37) (5,37) 118
(5,37) (4,37) 120
(5,37) (6,37) 125
(6,37) (5,37) 75
(6,37) (7,37) 122
(7,37) (6,37) 171
(7,37) (8,37) 105
(8,37) (7,37) 172
(8,37) (9,37) 128
(9,37) (8,37) 139
(9,37) (10,37) 169
(10,37) (9,37) 140
(1,38) (2,38) 127
(2,38) (1,38) 125
(2,38) (3,38) 128
(3,38) (2,38) 98
(3,38) (4,38) 119
(4,38) (3,38) 169
(4,38) (5,38) 165
(5,38) (4,38) 137
(5,38) (6,38) 137
(6,38) (5,38) 105
(6,38) (7,38) 172
(7,38) (6,38) 173
(7,38) (8,38) 110
(8,38) (7,38) 94
(8,38) (9,38) 166
(9,38) (8,38) 93
(9,38) (10,38) 114
(10,38) (9,38) 91
(1,39) (2,39) 148
(2,39) (1,39) 98
(2,39) (3,39) 166
(3,39) (2,39) 162
(3,39) (4,39) 94
(4,39) (3,39) 96
(4,39) (5,39) 86
(5,39) (4,39) 137
(5,39) (6,39) 88
(6,39) (5,39) 168
(6,39) (7,39) 92
(7,39) (6,39) 122
(7,39) (8,39) 122
(8,39) (7,39) 80
(8,39) (9,39) 118
(9,39) (8,39) 92
(9,39) (10,39) 158
(10,39) (9,39) 122
(1,40) (2,40) 139
(2,40) (1,40) 166
(2,40) (3,40) 135
(3,40) (2,40) 140
(3,40) (4,40) 145
(4,40) (3,40) 138
(4,40) (5,40) 146
(5,40) (4,40) 89
(5,40) (6,40) 128
(6,40) (5,40) 167
(6,40) (7,40) 140
(7,40) (6,40) 163
(7,40) (8,40) 127
(8,40) (7,40) 111
(8,40) (9,40) 82
(9,40) (8,40) 161
(9,40) (10,40) 87
(10,40) (9,40) 156
(1,41) (2,41) 112
(2,41) (1,41) 91
(2,41) (3,41) 128
(3,41) (2,41) 157
(3,41) (4,41) 162
(4,41) (3,41) 108
(4,41) (5,41) 97
(5,41) (4,41) 146
(5,41) (6,41) 126
(6,41) (5,41) 164
(6,41) (7,41) 81
(7,41) (6,41) 150
(7,41) (8,41) 76
(8,41) (7,41) 136
(8,41) (9,41) 92
(9,41) (8,41) 122
(9,41) (10,41) 112
(10,41) (9,41) 151
(1,42) (2,42) 135
(2,42) (1,42) 150
(2,42) (3,42) 148
(3,42) (2,42) 111
(3,42) (4,42) 107
(4,42) (3,42) 142
(4,42) (5,42) 154
(5,42) (4,42) 82
(5,42) (6,42) 150
(6,42) (5,42) 152
(6,42) (7,42) 141
(7,42) (6,42) 147
(7,42) (8,42) 152
(8,42) (7,42) 114
(8,42) (9,42) 81
(9,42) (8,42) 156
(9,42) (10,42) 158
(10,42) (9,42) 148
(1,43) (2,43) 106
(2,43) (1,43) 105
(2,43) (3,43) 144
(3,43) (2,43) 79
(3,43) (4,43) 165
(4,43) (3,43) 159
(4,43) (5,43) 92
(5,43) (4,43) 135
(5,43) (6,43) 113
(6,43) (5,43) 115
(6,43) (7,43) 125
(7,43) (6,43) 123
(7,43) (8,43) 124
(8,43) (7,43) 131
(8,43) (9,43) 170
(9,43) (8,43) 92
(9,43) (10,43) 111
(10,43) (9,43) 112
(1,44) (2,44) 80
(2,44) (1,44) 149
(2,44) (3,44) 78
(3,44) (2,44) 157
(3,44) (4,44) 102
(4,44) (3,44) 174
(4,44) (5,44) 117
(5,44) (4,44) 80
(5,44) (6,44) 135
(6,44) (5,44) 123
(6,44) (7,44) 99
(7,44) (6,44) 123
(7,44) (8,44) 95
(8,44) (7,44) 161
(8,44) (9,44) 156
(9,44) (8,44) 79
(9,44) (10,44) 111
(10,44) (9,44) 172
(1,45) (2,45) 90
(2,45) (1,45) 145
(2,45) (3,45) 139
(3,45) (2,45) 128
(3,45) (4,45) 110
(4,45) (3,45) 80
(4,45) (5,45) 110
(5,45) (4,45) 134
(5,45) (6,45) 141
(6,45) (5,45) 139
(6,45) (7,45) 134
(7,45) (6,45) 93
(7,45) (8,45) 126
(8,45) (7,45) 163
(8,45) (9,45) 158
(9,45) (8,45) 155
(9,45) (10,45) 78
(10,45) (9,45) 166
(1,46) (2,46) 113
(2,46) (1,46) 114
(2,46) (3,46) 111
(3,46) (2,46) 142
(3,46) (4,46) 112
(4,46) (3,46) 121
(4,46) (5,46) 123
(5,46) (4,46) 141
(5,46) (6,46) 115
(6,46) (5,46) 84
(6,46) (7,46) 100
(7,46) (6,46) 125
(7,46) (8,46) 98
(8,46) (7,46) 147
(8,46) (9,46) 170
(9,46) (8,46) 90
(9,46) (10,46) 147
(10,46) (9,46) 172
(1,47) (2,47) 109
(2,47) (1,47) 143
(2,47) (3,47) 125
(3,47) (2,47) 167
(3,47) (4,47) 77
(4,47) (3,47) 115
(4,47) (5,47) 154
(5,47) (4,47) 115
(5,47) (6,47) 85
(6,47) (5,47) 142
(6,47) (7,47) 154
(7,47) (6,47) 79
(7,47) (8,47) 167
(8,47) (7,47) 77
(8,47) (9,47) 157
(9,47) (8,47) 163
(9,47) (10,47) 146
(10,47) (9,47) 114
(1,48) (2,48) 76
(2,48) (1,48) 170
(2,48) (3,48) 101
(3,48) (2,48) 100
(3,48) (4,48) 97
(4,48) (3,48) 150
(4,48) (5,48) 151
(5,48) (4,48) 100
(5,48) (6,48) 120
(6,48) (5,48) 114
(6,48) (7,48) 121
(7,48) (6,48) 130
(7,48) (8,48) 114
(8,48) (7,48) 131
(8,48) (9,48) 84
(9,48) (8,48) 139
(9,48) (10,48) 131
(10,48) (9,48) 129
(1,49) (2,49) 98
(2,49) (1,49) 111
(2,49) (3,49) 116
(3,49) (2,49) 142
(3,49) (4,49) 88
(4,49) (3,49) 126
(4,49) (5,49) 160
(5,49) (4,49) 131
(5,49) (6,49) 168
(6,49) (5,49) 80
(6,49) (7,49) 132
(7,49) (6,49) 126
(7,49) (8,49) 150
(8,49) (7,49) 103
(8,49) (9,49) 119
(9,49) (8,49) 123
(9,49) (10,49) 84
(10,49) (9,49) 162
(1,50) (2,50) 103
(2,50) (1,50) 154
(2,50) (3,50) 96
(3,50) (2,50) 112
(3,50) (4,50) 150
(4,50) (3,50) 163
(4,50) (5,50) 82
(5,50) (4,50) 145
(5,50) (6,50) 93
(6,50) (5,50) 138
(6,50) (7,50) 146
(7,50) (6,50) 149
(7,50) (8,50) 135
(8,50) (7,50) 158
(8,50) (9,50) 154
(9,50) (8,50) 155
(9,50) (10,50) 143
(10,50) (9,50) 165
(1,51) (2,51) 148
(2,51) (1,51) 118
(2,51) (3,51) 95
(3,51) (2,51) 161
(3,51) (4,51) 103
(4,51) (3,51) 88
(4,51) (5,51) 161
(5,51) (4,51) 170
(5,51) (6,51) 103
(6,51) (5,51) 135
(6,51) (7,51) 172
(7,51) (6,51) 84
(7,51) (8,51) 102
(8,51) (7,51) 170
(8,51) (9,51) 80
(9,51) (8,51) 84
(9,51) (10,51) 132
(10,51) (9,51) 128
(1,52) (2,52) 107
(2,52) (1,52) 100
(2,52) (3,52) 155
(3,52) (2,52) 156
(3,52) (4,52) 172
(4,52) (3,52) 92
(4,52) (5,52) 84
(5,52) (4,52) 133
(5,52) (6,52) 114
(6,52) (5,52) 173
(6,52) (7,52) 105
(7,52) (6,52) 140
(7,52) (8,52) 171
(8,52) (7,52) 132
(8,52) (9,52) 140
(9,52) (8,52) 172
(9,52) (10,52) 167
(10,52) (9,52) 118
(1,53) (2,53) 94
(2,53) (1,53) 150
(2,53) (3,53) 100
(3,53) (2,53) 119
(3,53) (4,53) 78
(4,53) (3,53) 147
(4,53) (5,53) 131
(5,53) (4,53) 121
(5,53) (6,53) 133
(6,53) (5,53) 116
(6,53) (7,53) 164
(7,53) (6,53) 117
(7,53) (8,53) 161
(8,53) (7,53) 101
(8,53) (9,53) 100
(9,53) (8,53) 170
(9,53) (10,53) 82
(10,53) (9,53) 146
(1,54) (2,54) 168
(2,54) (1,54) 86
(2,54) (3,54) 97
(3,54) (2,54) 174
(3,54) (4,54) 87
(4,54) (3,54) 129
(4,54) (5,54) 137
(5,54) (4,54) 153
(5,54) (6,54) 160
(6,54) (5,54) 168
(6,54) (7,54) 144
(7,54) (6,54) 121
(7,54) (8,54) 82
(8,54) (7,54) 174
(8,54) (9,54) 130
(9,54) (8,54) 129
(9,54) (10,54) 172
(10,54) (9,54) 170
(1,55) (2,55) 118
(2,55) (1,55) 91
(2,55) (3,55) 133
(3,55) (2,55) 158
(3,55) (4,55) 174
(4,55) (3,55) 108
(4,55) (5,55) 139
(5,55) (4,55) 105
(5,55) (6,55) 93
(6,55) (5,55) 139
(6,55) (7,55) 160
(7,55) (6,55) 105
(7,55) (8,55) 160
(8,55) (7,55) 114
(8,55) (9,55) 151
(9,55) (8,55) 87
(9,55) (10,55) 153
(10,55) (9,55) 105
(1,56) (2,56) 112
(2,56) (1,56) 92
(2,56) (3,56) 156
(3,56) (2,56) 149
(3,56) (4,56) 82
(4,56) (3,56) 172
(4,56) (5,56) 109
(5,56) (4,56) 112
(5,56) (6,56) 169
(6,56) (5,56) 125
(6,56) (7,56) 123
(7,56) (6,56) 145
(7,56) (8,56) 159
(8,56) (7,56) 155
(8,56) (9,56) 131
(9,56) (8,56) 130
(9,56) (10,56) 158
(10,56) (9,56) 79
(1,57) (2,57) 120
(2,57) (1,57) 75
(2,57) (3,57) 77
(3,57) (2,57) 147
(3,57) (4,57) 147
(4,57) (3,57) 153
(4,57) (5,57) 80
(5,57) (4,57) 153
(5,57) (6,57) 81
(6,57) (5,57) 158
(6,57) (7,57) 106
(7,57) (6,57) 104
(7,57) (8,57) 92
(8,57) (7,57) 89
(8,57) (9,57) 93
(9,57) (8,57) 148
(9,57) (10,57) 79
(10,57) (9,57) 86
(1,58) (2,58) 137
(2,58) (1,58) 140
(2,58) (3,58) 85
(3,58) (2,58) 122
(3,58) (4,58) 130
(4,58) (3,58) 75
(4,58) (5,58) 149
(5,58) (4,58) 138
(5,58) (6,58) 156
(6,58) (5,58) 144
(6,58) (7,58) 113
(7,58) (6,58) 117
(7,58) (8,58) 149
(8,58) (7,58) 116
(8,58) (9,58) 81
(9,58) (8,58) 159
(9,58) (10,58) 130
(10,58) (9,58) 155
(1,59) (2,59) 96
(2,59) (1,59) 168
(2,59) (3,59) 156
(3,59) (2,59) 166
(3,59) (4,59) 156
(4,59) (3,59) 174
(4,59) (5,59) 150
(5,59) (4,59) 135
(5,59) (6,59) 155
(6,59) (5,59) 128
(6,59) (7,59) 115
(7,59) (6,59) 86
(7,59) (8,59) 158
(8,59) (7,59) 155
(8,59) (9,59) 169
(9,59) (8,59) 97
(9,59) (10,59) 83
(10,59) (9,59) 147
(1,60) (2,60) 81
(2,60) (1,60) 164
(2,60) (3,60) 147
(3,60) (2,60) 88
(3,60) (4,60) 139
(4,60) (3,60) 139
(4,60) (5,60) 125
(5,60) (4,60) 144
(5,60) (6,60) 91
(6,60) (5,60) 85
(6,60) (7,60) 99
(7,60) (6,60) 138
(7,60) (8,60) 118
(8,60) (7,60) 141
(8,60) (9,60) 94
(9,60) (8,60) 75
(9,60) (10,60) 103
(10,60) (9,60) 136
(1,61) (2,61) 170
(2,61) (1,61) 148
(2,61) (3,61) 141
(3,61) (2,61) 143
(3,61) (4,61) 97
(4,61) (3,61) 135
(4,61) (5,61) 93
(5,61) (4,61) 138
(5,61) (6,61) 96
(6,61) (5,61) 105
(6,61) (7,61) 142
(7,61) (6,61) 126
(7,61) (8,61) 168
(8,61) (7,61) 159
(8,61) (9,61) 117
(9,61) (8,61) 144
(9,61) (10,61) 154
(10,61) (9,61) 108
(1,62) (2,62) 100
(2,62) (1,62) 172
(2,62) (3,62) 174
(3,62) (2,62) 82
(3,62) (4,62) 167
(4,62) (3,62) 113
(4,62) (5,62) 83
(5,62) (4,62) 107
(5,62) (6,62) 161
(6,62) (5,62) 150
(6,62) (7,62) 171
(7,62) (6,62) 124
(7,62) (8,62) 109
(8,62) (7,62) 91
(8,62) (9,62) 111
(9,62) (8,62) 109
(9,62) (10,62) 120
(10,62) (9,62) 162
(1,63) (2,63) 90
(2,63) (1,63) 129
(2,63) (3,63) 172
(3,63) (2,63) 120
(3,63) (4,63) 143
(4,63) (3,63) 126
(4,63) (5,63) 120
(5,63) (4,63) 136
(5,63) (6,63) 150
(6,63) (5,63) 149
(6,63) (7,63) 135
(7,63) (6,63) 122
(7,63) (8,63) 126
(8,63) (7,63) 136
(8,63) (9,63) 103
(9,63) (8,63) 102
(9,63) (10,63) 76
(10,63) (9,63) 92
(1,64) (2,64) 130
(2,64) (1,64) 122
(2,64) (3,64) 169
(3,64) (2,64) 170
(3,64) (4,64) 115
(4,64) (3,64) 170
(4,64) (5,64) 163
(5,64) (4,64) 153
(5,64) (6,64) 103
(6,64) (5,64) 130
(6,64) (7,64) 147
(7,64) (6,64) 86
(7,64) (8,64) 156
(8,64) (7,64) 164
(8,64) (9,64) 114
(9,64) (8,64) 140
(9,64) (10,64) 136
(10,64) (9,64) 80
(1,65) (2,65) 89
(2,65) (1,65) 144
(2,65) (3,65) 167
(3,65) (2,65) 146
(3,65) (4,65) 79
(4,65) (3,65) 142
(4,65) (5,65) 114
(5,65) (4,65) 168
(5,65) (6,65) 75
(6,65) (5,65) 78
(6,65) (7,65) 144
(7,65) (6,65) 89
(7,65) (8,65) 128
(8,65) (7,65) 81
(8,65) (9,65) 87
(9,65) (8,65) 86
(9,65) (10,65) 104
(10,65) (9,65) 91
(1,66) (2,66) 132
(2,66) (1,66) 136
(2,66) (3,66) 160
(3,66) (2,66) 98
(3,66) (4,66) 137
(4,66) (3,66) 163
(4,66) (5,66) 170
(5,66) (4,66) 102
(5,66) (6,66) 139
(6,66) (5,66) 161
(6,66) (7,66) 118
(7,66) (6,66) 137
(7,66) (8,66) 160
(8,66) (7,66) 158
(8,66) (9,66) 139
(9,66) (8,66) 81
(9,66) (10,66) 91
(10,66) (9,66) 93
(1,67) (2,67) 110
(2,67) (1,67) 125
(2,67) (3,67) 111
(3,67) (2,67) 81
(3,67) (4,67) 125
(4,67) (3,67) 165
(4,67) (5,67) 119
(5,67) (4,67) 82
(5,67) (6,67) 121
(6,67) (5,67) 166
(6,67) (7,67) 103
(7,67) (6,67) 107
(7,67) (8,67) 114
(8,67) (7,67) 118
(8,67) (9,67) 88
(9,67) (8,67) 160
(9,67) (10,67) 104
(10,67) (9,67) 104
(1,68) (2,68) 114
(2,68) (1,68) 108
(2,68) (3,68) 127
(3,68) (2,68) 141
(3,68) (4,68) 95
(4,68) (3,68) 138
(4,68) (5,68) 133
(5,68) (4,68) 76
(5,68) (6,68) 92
(6,68) (5,68) 154
(6,68) (7,68) 77
(7,68) (6,68) 151
(7,68) (8,68) 148
(8,68) (7,68) 108
(8,68) (9,68) 108
(9,68) (8,68) 115
(9,68) (10,68) 121
(10,68) (9,68) 172
(1,69) (2,69) 83
(2,69) (1,69) 121
(2,69) (3,69) 80
(3,69) (2,69) 160
(3,69) (4,69) 115
(4,69) (3,69) 95
(4,69) (5,69) 125
(5,69) (4,69) 119
(5,69) (6,69) 125
(6,69) (5,69) 167
(6,69) (7,69) 152
(7,69) (6,69) 162
(7,69) (8,69) 142
(8,69) (7,69) 151
(8,69) (9,69) 170
(9,69) (8,69) 82
(9,69) (10,69) 128
(10,69) (9,69) 151
(1,70) (2,70) 171
(2,70) (1,70) 95
(2,70) (3,70) 156
(3,70) (2,70) 168
(3,70) (4,70) 114
(4,70) (3,70) 88
(4,70) (5,70) 162
(5,70) (4,70) 101
(5,70) (6,70) 119
(6,70) (5,70) 135
(6,70) (7,70) 123
(7,70) (6,70) 140
(7,70) (8,70) 137
(8,70) (7,70) 118
(8,70) (9,70) 134
(9,70) (8,70) 114
(9,70) (10,70) 83
(10,70) (9,70) 128
(1,71) (2,71) 127
(2,71) (1,71) 132
(2,71) (3,71) 170
(3,71) (2,71) 139
(3,71) (4,71) 138
(4,71) (3,71) 111
(4,71) (5,71) 134
(5,71) (4,71) 159
(5,71) (6,71) 171
(6,71) (5,71) 143
(6,71) (7,71) 142
(7,71) (6,71) 138
(7,71) (8,71) 147
(8,71) (7,71) 160
(8,71) (9,71) 102
(9,71) (8,71) 158
(9,71) (10,71) 173
(10,71) (9,71) 154
(1,72) (2,72) 119
(2,72) (1,72) 99
(2,72) (3,72) 84
(3,72) (2,72) 167
(3,72) (4,72) 122
(4,72) (3,72) 135
(4,72) (5,72) 170
(5,72) (4,72) 151
(5,72) (6,72) 135
(6,72) (5,72) 163
(6,72) (7,72) 106
(7,72) (6,72) 104
(7,72) (8,72) 160
(8,72) (7,72) 109
(8,72) (9,72) 155
(9,72) (8,72) 120
(9,72) (10,72) 129
(10,72) (9,72) 75
(1,73) (2,73) 160
(2,73) (1,73) 85
(2,73) (3,73) 151
(3,73) (2,73) 127
(3,73) (4,73) 97
(4,73) (3,73) 155
(4,73) (5,73) 102
(5,73) (4,73) 174
(5,73) (6,73) 140
(6,73) (5,73) 93
(6,73) (7,73) 110
(7,73) (6,73) 173
(7,73) (8,73) 122
(8,73) (7,73) 109
(8,73) (9,73) 137
(9,73) (8,73) 165
(9,73) (10,73) 113
(10,73) (9,73) 138
(1,74) (2,74) 150
(2,74) (1,74) 159
(2,74) (3,74) 121
(3,74) (2,74) 101
(3,74) (4,74) 158
(4,74) (3,74) 147
(4,74) (5,74) 146
(5,74) (4,74) 112
(5,74) (6,74) 103
(6,74) (5,74) 159
(6,74) (7,74) 81
(7,74) (6,74) 140
(7,74) (8,74) 99
(8,74) (7,74) 159
(8,74) (9,74) 117
(9,74) (8,74) 173
(9,74) (10,74) 75
(10,74) (9,74) 105
(1,75) (2,75) 106
(2,75) (1,75) 148
(2,75) (3,75) 113
(3,75) (2,75) 167
(3,75) (4,75) 157
(4,75) (3,75) 128
(4,75) (5,75) 161
(5,75) (4,75) 128
(5,75) (6,75) 138
(6,75) (5,75) 110
(6,75) (7,75) 92
(7,75) (6,75) 104
(7,75) (8,75) 94
(8,75) (7,75) 76
(8,75) (9,75) 159
(9,75) (8,75) 147
(9,75) (10,75) 85
(10,75) (9,75) 162
(1,76) (2,76) 166
(2,76) (1,76) 142
(2,76) (3,76) 168
(3,76) (2,76) 100
(3,76) (4,76) 165
(4,76) (3,76) 111
(4,76) (5,76) 109
(5,76) (4,76) 139
(5,76) (6,76) 168
(6,76) (5,76) 139
(6,76) (7,76) 83
(7,76) (6,76) 119
(7,76) (8,76) 131
(8,76) (7,76) 77
(8,76) (9,76) 162
(9,76) (8,76) 93
(9,76) (10,76) 172
(10,76) (9,76) 77
(1,77) (2,77) 120
(2,77) (1,77) 135
(2,77) (3,77) 129
(3,77) (2,77) 134
(3,77) (4,77) 118
(4,77) (3,77) 173
(4,77) (5,77) 159
(5,77) (4,77) 126
(5,77) (6,77) 126
(6,77) (5,77) 147
(6,77) (7,77) 118
(7,77) (6,77) 96
(7,77) (8,77) 169
(8,77) (7,77) 101
(8,77) (9,77) 104
(9,77) (8,77) 152
(9,77) (10,77) 134
(10,77) (9,77) 86
(1,78) (2,78) 168
(2,78) (1,78) 96
(2,78) (3,78) 125
(3,78) (2,78) 142
(3,78) (4,78) 119
(4,78) (3,78) 119
(4,78) (5,78) 159
(5,78) (4,78) 139
(5,78) (6,78) 133
(6,78) (5,78) 108
(6,78) (7,78) 131
(7,78) (6,78) 155
(7,78) (8,78) 166
(8,78) (7,78) 88
(8,78) (9,78) 102
(9,78) (8,78) 129
(9,78) (10,78) 149
(10,78) (9,78) 91
(1,79) (2,79) 96
(2,79) (1,79) 113
(2,79) (3,79) 95
(3,79) (2,79) 85
(3,79) (4,79) 119
(4,79) (3,79) 166
(4,79) (5,79) 113
(5,79) (4,79) 162
(5,79) (6,79) 145
(6,79) (5,79) 135
(6,79) (7,79) 167
(7,79) (6,79) 125
(7,79) (8,79) 173
(8,79) (7,79) 137
(8,79) (9,79) 137
(9,79) (8,79) 155
(9,79) (10,79) 143
(10,79) (9,79) 89
(1,80) (2,80) 120
(2,80) (1,80) 170
(2,80) (3,80) 89
(3,80) (2,80) 133
(3,80) (4,80) 86
(4,80) (3,80) 125
(4,80) (5,80) 159
(5,80) (4,80) 142
(5,80) (6,80) 92
(6,80) (5,80) 115
(6,80) (7,80) 119
(7,80) (6,80) 158
(7,80) (8,80) 85
(8,80) (7,80) 148
(8,80) (9,80) 86
(9,80) (8,80) 108
(9,80) (10,80) 155
(10,80) (9,80) 102
(1,81) (2,81) 111
(2,81) (1,81) 85
(2,81) (3,81) 109
(3,81) (2,81) 155
(3,81) (4,81) 142
(4,81) (3,81) 124
(4,81) (5,81) 89
(5,81) (4,81) 137
(5,81) (6,81) 109
(6,81) (5,81) 165
(6,81) (7,81) 84
(7,81) (6,81) 99
(7,81) (8,81) 82
(8,81) (7,81) 115
(8,81) (9,81) 156
(9,81) (8,81) 174
(9,81) (10,81) 137
(10,81) (9,81) 90
(1,82) (2,82) 103
(2,82) (1,82) 144
(2,82) (3,82) 173
(3,82) (2,82) 158
(3,82) (4,82) 129
(4,82) (3,82) 148
(4,82) (5,82) 75
(5,82) (4,82) 174
(5,82) (6,82) 96
(6,82) (5,82) 148
(6,82) (7,82) 164
(7,82) (6,82) 143
(7,82) (8,82) 84
(8,82) (7,82) 89
(8,82) (9,82) 83
(9,82) (8,82) 108
(9,82) (10,82) 75
(10,82) (9,82) 106
(1,83) (2,83) 98
(2,83) (1,83) 115
(2,83) (3,83) 79
(3,83) (2,83) 124
(3,83) (4,83) 165
(4,83) (3,83) 115
(4,83) (5,83) 174
(5,83) (4,83) 152
(5,83) (6,83) 75
(6,83) (5,83) 154
(6,83) (7,83) 91
(7,83) (6,83) 169
(7,83) (8,83) 170
(8,83) (7,83) 85
(8,83) (9,83) 146
(9,83) (8,83) 170
(9,83) (10,83) 137
(10,83) (9,83) 86
(1,84) (2,84) 154
(2,84) (1,84) 158
(2,84) (3,84) 105
(3,84) (2,84) 170
(3,84) (4,84) 148
(4,84) (3,84) 168
(4,84) (5,84) 172
(5,84) (4,84) 129
(5,84) (6,84) 89
(6,84) (5,84) 114
(6,84) (7,84) 123
(7,84) (6,84) 103
(7,84) (8,84) 157
(8,84) (7,84) 152
(8,84) (9,84) 127
(9,84) (8,84) 129
(9,84) (10,84) 147
(10,84) (9,84) 97
(1,85) (2,85) 79
(2,85) (1,85) 121
(2,85) (3,85) 133
(3,85) (2,85) 159
(3,85) (4,85) 93
(4,85) (3,85) 111
(4,85) (5,85) 156
(5,85) (4,85) 129
(5,85) (6,85) 121
(6,85) (5,85) 142
(6,85) (7,85) 145
(7,85) (6,85) 126
(7,85) (8,85) 108
(8,85) (7,85) 159
(8,85) (9,85) 151
(9,85) (8,85) 140
(9,85) (10,85) 87
(10,85) (9,85) 100
(1,86) (2,86) 84
(2,86) (1,86) 159
(2,86) (3,86) 144
(3,86) (2,86) 164
(3,86) (4,86) 91
(4,86) (3,86) 109
(4,86) (5,86) 154
(5,86) (4,86) 83
(5,86) (6,86) 133
(6,86) (5,86) 143
(6,86) (7,86) 153
(7,86) (6,86) 162
(7,86) (8,86) 93
(8,86) (7,86) 102
(8,86) (9,86) 149
(9,86) (8,86) 89
(9,86) (10,86) 142
(10,86) (9,86) 83
(1,87) (2,87) 128
(2,87) (1,87) 145
(2,87) (3,87) 80
(3,87) (2,87) 108
(3,87) (4,87) 126
(4,87) (3,87) 161
(4,87) (5,87) 166
(5,87) (4,87) 145
(5,87) (6,87) 129
(6,87) (5,87) 120
(6,87) (7,87) 75
(7,87) (6,87) 80
(7,87) (8,87) 163
(8,87) (7,87) 130
(8,87) (9,87) 88
(9,87) (8,87) 113
(9,87) (10,87) 111
(10,87) (9,87) 145
(1,88) (2,88) 162
(2,88) (1,88) 149
(2,88) (3,88) 169
(3,88) (2,88) 78
(3,88) (4,88) 85
(4,88) (3,88) 126
(4,88) (5,88) 118
(5,88) (4,88) 169
(5,88) (6,88) 112
(6,88) (5,88) 101
(6,88) (7,88) 128
(7,88) (6,88) 130
(7,88) (8,88) 82
(8,88) (7,88) 125
(8,88) (9,88) 132
(9,88) (8,88) 150
(9,88) (10,88) 166
(10,88) (9,88) 99
(1,89) (2,89) 85
(2,89) (1,89) 118
(2,89) (3,89) 135
(3,89) (2,89) 110
(3,89) (4,89) 168
(4,89) (3,89) 158
(4,89) (5,89) 174
(5,89) (4,89) 140
(5,89) (6,89) 89
(6,89) (5,89) 163
(6,89) (7,89) 168
(7,89) (6,89) 83
(7,89) (8,89) 98
(8,89) (7,89) 119
(8,89) (9,89) 125
(9,89) (8,89) 164
(9,89) (10,89) 153
(10,89) (9,89) 138
(1,90) (2,90) 123
(2,90) (1,90) 150
(2,90) (3,90) 88
(3,90) (2,90) 115
(3,90) (4,90) 113
(4,90) (3,90) 123
(4,90) (5,90) 116
(5,90) (4,90) 115
(5,90) (6,90) 143
(6,90) (5,90) 128
(6,90) (7,90) 85
(7,90) (6,90) 138
(7,90) (8,90) 163
(8,90) (7,90) 174
(8,90) (9,90) 105
(9,90) (8,90) 105
(9,90) (10,90) 86
(10,90) (9,90) 166
(1,91) (2,91) 154
(2,91) (1,91) 153
(2,91) (3,91) 141
(3,91) (2,91) 133
(3,91) (4,91) 143
(4,91) (3,91) 87
(4,91) (5,91) 116
(5,91) (4,91) 88
(5,91) (6,91) 155
(6,91) (5,91) 127
(6,91) (7,91) 116
(7,91) (6,91) 137
(7,91) (8,91) 119
(8,91) (7,91) 130
(8,91) (9,91) 129
(9,91) (8,91) 150
(9,91) (10,91) 94
(10,91) (9,91) 99
(1,92) (2,92) 131
(2,92) (1,92) 168
(2,92) (3,92) 140
(3,92) (2,92) 103
(3,92) (4,92) 159
(4,92) (3,92) 164
(4,92) (5,92) 76
(5,92) (4,92) 147
(5,92) (6,92) 118
(6,92) (5,92) 129
(6,92) (7,92) 164
(7,92) (6,92) 107
(7,92) (8,92) 133
(8,92) (7,92) 135
(8,92) (9,92) 170
(9,92) (8,92) 80
(9,92) (10,92) 115
(10,92) (9,92) 163
(1,93) (2,93) 119
(2,93) (1,93) 110
(2,93) (3,93) 144
(3,93) (2,93) 165
(3,93) (4,93) 112
(4,93) (3,93) 145
(4,93) (5,93) 136
(5,93) (4,93) 79
(5,93) (6,93) 122
(6,93) (5,93) 98
(6,93) (7,93) 149
(7,93) (6,93) 83
(7,93) (8,93) 125
(8,93) (7,93) 119
(8,93) (9,93) 139
(9,93) (8,93) 128
(9,93) (10,93) 89
(10,93) (9,93) 159
(1,94) (2,94) 92
(2,94) (1,94) 134
(2,94) (3,94) 120
(3,94) (2,94) 171
(3,94) (4,94) 88
(4,94) (3,94) 120
(4,94) (5,94) 140
(5,94) (4,94) 82
(5,94) (6,94) 106
(6,94) (5,94) 96
(6,94) (7,94) 152
(7,94) (6,94) 76
(7,94) (8,94) 113
(8,94) (7,94) 90
(8,94) (9,94) 154
(9,94) (8,94) 168
(9,94) (10,94) 152
(10,94) (9,94) 153
(1,95) (2,95) 93
(2,95) (1,95) 156
(2,95) (3,95) 173
(3,95) (2,95) 151
(3,95) (4,95) 173
(4,95) (3,95) 126
(4,95) (5,95) 150
(5,95) (4,95) 120
(5,95) (6,95) 91
(6,95) (5,95) 128
(6,95) (7,95) 160
(7,95) (6,95) 131
(7,95) (8,95) 119
(8,95) (7,95) 172
(8,95) (9,95) 96
(9,95) (8,95) 165
(9,95) (10,95) 130
(10,95) (9,95) 135
(1,96) (2,96) 128
(2,96) (1,96) 139
(2,96) (3,96) 137
(3,96) (2,96) 96
(3,96) (4,96) 115
(4,96) (3,96) 119
(4,96) (5,96) 140
(5,96) (4,96) 77
(5,96) (6,96) 111
(6,96) (5,96) 134
(6,96) (7,96) 96
(7,96) (6,96) 157
(7,96) (8,96) 112
(8,96) (7,96) 137
(8,96) (9,96) 132
(9,96) (8,96) 85
(9,96) (10,96) 158
(10,96) (9,96) 146
(1,97) (2,97) 107
(2,97) (1,97) 78
(2,97) (3,97) 163
(3,97) (2,97) 122
(3,97) (4,97) 162
(4,97) (3,97) 113
(4,97) (5,97) 115
(5,97) (4,97) 173
(5,97) (6,97) 134
(6,97) (5,97) 159
(6,97) (7,97) 125
(7,97) (6,97) 78
(7,97) (8,97) 132
(8,97) (7,97) 146
(8,97) (9,97) 87
(9,97) (8,97) 90
(9,97) (10,97) 117
(10,97) (9,97) 84
(1,98) (2,98) 171
(2,98) (1,98) 120
(2,98) (3,98) 127
(3,98) (2,98) 147
(3,98) (4,98) 164
(4,98) (3,98) 135
(4,98) (5,98) 173
(5,98) (4,98) 98
(5,98) (6,98) 96
(6,98) (5,98) 107
(6,98) (7,98) 103
(7,98) (6,98) 160
(7,98) (8,98) 107
(8,98) (7,98) 114
(8,98) (9,98) 149
(9,98) (8,98) 75
(9,98) (10,98) 82
(10,98) (9,98) 131
(1,99) (2,99) 150
(2,99) (1,99) 92
(2,99) (3,99) 159
(3,99) (2,99) 150
(3,99) (4,99) 82
(4,99) (3,99) 142
(4,99) (5,99) 129
(5,99) (4,99) 80
(5,99) (6,99) 128
(6,99) (5,99) 113
(6,99) (7,99) 124
(7,99) (6,99) 109
(7,99) (8,99) 163
(8,99) (7,99) 78
(8,99) (9,99) 102
(9,99) (8,99) 115
(9,99) (10,99) 168
(10,99) (9,99) 93
(1,100) (2,100) 153
(2,100) (1,100) 117
(2,100) (3,100) 92
(3,100) (2,100) 78
(3,100) (4,100) 156
(4,100) (3,100) 142
(4,100) (5,100) 109
(5,100) (4,100) 76
(5,100) (6,100) 86
(6,100) (5,100) 128
(6,100) (7,100) 91
(7,100) (6,100) 140
(7,100) (8,100) 162
(8,100) (7,100) 150
(8,100) (9,100) 129
(9,100) (8,100) 138
(9,100) (10,100) 89
(10,100) (9,100) 166
(1,100) t 170
(2,100) t 107
(3,100) t 94
(4,100) t 99
(5,100) t 154
(6,100) t 116
(7,100) t 144
(8,100) t 83
(9,100) t 126
(10,100) t 110
