s (1,1) 117
s (2,1) 155
s (3,1) 110
s (4,1) 99
s (5,1) 168
s (6,1) 133
s (7,1) 124
s (8,1) 173
s (9,1) 100
s (10,1) 175
s (11,1) 124
s (12,1) 152
s (13,1) 174
s (14,1) 139
s (15,1) 107
s (16,1) 122
s (17,1) 178
s (18,1) 143
s (19,1) 158
s (20,1) 146
s (21,1) 131
s (22,1) 94
s (23,1) 115
s (24,1) 95
s (25,1) 176
s (26,1) 139
s (27,1) 167
s (28,1) 114
s (29,1) 137
s (30,1) 128
s (31,1) 115
s (32,1) 123
s (33,1) 101
s (34,1) 166
s (35,1) 121
s (36,1) 181
s (37,1) 131
s (38,1) 99
s (39,1) 119
s (40,1) 104
s (41,1) 116
s (42,1) 141
s (43,1) 183
s (44,1) 97
s (45,1) 151
s (46,1) 93
s (47,1) 94
s (48,1) 141
s (49,1) 128
s (50,1) 180
s (51,1) 167
s (52,1) 134
s (53,1) 151
s (54,1) 176
s (55,1) 137
s (56,1) 131
s (57,1) 98
s (58,1) 146
s (59,1) 169
s (60,1) 167
s (61,1) 174
s (62,1) 145
s (63,1) 109
s (64,1) 170
s (65,1) 95
s (66,1) 181
s (67,1) 93
s (68,1) 172
s (69,1) 96
s (70,1) 101
s (71,1) 133
s (72,1) 151
s (73,1) 177
s (74,1) 149
s (75,1) 85
s (76,1) 148
s (77,1) 159
s (78,1) 108
s (79,1) 121
s (80,1) 105
s (81,1) 113
s (82,1) 96
s (83,1) 144
s (84,1) 182
s (85,1) 110
s (86,1) 171
s (87,1) 87
s (88,1) 98
s (89,1) 92
s (90,1) 184
s (91,1) 96
s (92,1) 113
s (93,1) 113
s (94,1) 151
s (95,1) 158
s (96,1) 181
s (97,1) 89
s (98,1) 150
s (99,1) 184
s (100,1) 141
(1,1) (1,2) 106
(2,1) (2,2) 175
(3,1) (3,2) 129
(4,1) (4,2) 90
(5,1) (5,2) 159
(6,1) (6,2) 151
(7,1) (7,2) 90
(8,1) (8,2) 137
(9,1) (9,2) 101
(10,1) (10,2) 108
(11,1) (11,2) 87
(12,1) (12,2) 94
(13,1) (13,2) 181
(14,1) (14,2) 143
(15,1) (15,2) 158
(16,1) (16,2) 85
(17,1) (17,2) 120
(18,1) (18,2) 180
(19,1) (19,2) 138
(20,1) (20,2) 182
(21,1) (21,2) 169
(22,1) (22,2) 91
(23,1) (23,2) 136
(24,1) (24,2) 99
(25,1) (25,2) 159
(26,1) (26,2) 89
(27,1) (27,2) 143
(28,1) (28,2) 98
(29,1) (29,2) 111
(30,1) (30,2) 104
(31,1) (31,2) 181
(32,1) (32,2) 120
(33,1) (33,2) 129
(34,1) (34,2) 128
(35,1) (35,2) 87
(36,1) (36,2) 165
(37,1) (37,2) 168
(38,1) (38,2) 183
(39,1) (39,2) 174
(40,1) (40,2) 145
(41,1) (41,2) 89
(42,1) (42,2) 156
(43,1) (43,2) 169
(44,1) (44,2) 124
(45,1) (45,2) 140
(46,1) (46,2) 177
(47,1) (47,2) 111
(48,1) (48,2) 92
(49,1) (49,2) 85
(50,1) (50,2) 122
(51,1) (51,2) 121
(52,1) (52,2) 177
(53,1) (53,2) 146
(54,1) (54,2) 98
(55,1) (55,2) 125
(56,1) (56,2) 138
(57,1) (57,2) 170
(58,1) (58,2) 137
(59,1) (59,2) 118
(60,1) (60,2) 170
(61,1) (61,2) 183
(62,1) (62,2) 171
(63,1) (63,2) 160
(64,1) (64,2) 115
(65,1) (65,2) 149
(66,1) (66,2) 109
(67,1) (67,2) 97
(68,1) (68,2) 164
(69,1) (69,2) 119
(70,1) (70,2) 118
(71,1) (71,2) 105
(72,1) (72,2) 147
(73,1) (73,2) 175
(74,1) (74,2) 121
(75,1) (75,2) 135
(76,1) (76,2) 119
(77,1) (77,2) 129
(78,1) (78,2) 142
(79,1) (79,2) 100
(80,1) (80,2) 90
(81,1) (81,2) 162
(82,1) (82,2) 123
(83,1) (83,2) 141
(84,1) (84,2) 133
(85,1) (85,2) 107
(86,1) (86,2) 149
(87,1) (87,2) 103
(88,1) (88,2) 173
(89,1) (89,2) 129
(90,1) (90,2) 156
(91,1) (91,2) 99
(92,1) (92,2) 96
(93,1) (93,2) 123
(94,1) (94,2) 123
(95,1) (95,2) 173
(96,1) (96,2) 121
(97,1) (97,2) 103
(98,1) (98,2) 94
(99,1) (99,2) 180
(100,1) (100,2) 87
(1,2) (1,3) 131
(2,2) (2,3) 90
(3,2) (3,3) 171
(4,2) (4,3) 92
(5,2) (5,3) 168
(6,2) (6,3) 159
(7,2) (7,3) 168
(8,2) (8,3) 183
(9,2) (9,3) 102
(10,2) (10,3) 154
(11,2) (11,3) 166
(12,2) (12,3) 103
(13,2) (13,3) 122
(14,2) (14,3) 124
(15,2) (15,3) 166
(16,2) (16,3) 103
(17,2) (17,3) 99
(18,2) (18,3) 152
(19,2) (19,3) 118
(20,2) (20,3) 104
(21,2) (21,3) 145
(22,2) (22,3) 121
(23,2) (23,3) 109
(24,2) (24,3) 106
(25,2) (25,3) 101
(26,2) (26,3) 173
(27,2) (27,3) 140
(28,2) (28,3) 127
(29,2) (29,3) 118
(30,2) (30,3) 118
(31,2) (31,3) 138
(32,2) (32,3) 121
(33,2) (33,3) 153
(34,2) (34,3) 89
(35,2) (35,3) 148
(36,2) (36,3) 175
(37,2) (37,3) 103
(38,2) (38,3) 101
(39,2) (39,3) 96
(40,2) (40,3) 140
(41,2) (41,3) 105
(42,2) (42,3) 86
(43,2) (43,3) 107
(44,2) (44,3) 164
(45,2) (45,3) 181
(46,2) (46,3) 124
(47,2) (47,3) 111
(48,2) (48,3) 107
(49,2) (49,3) 124
(50,2) (50,3) 164
(51,2) (51,3) 158
(52,2) (52,3) 136
(53,2) (53,3) 176
(54,2) (54,3) 165
(55,2) (55,3) 93
(56,2) (56,3) 175
(57,2) (57,3) 123
(58,2) (58,3) 183
(59,2) (59,3) 125
(60,2) (60,3) 175
(61,2) (61,3) 99
(62,2) (62,3) 118
(63,2) (63,3) 103
(64,2) (64,3) 148
(65,2) (65,3) 157
(66,2) (66,3) 90
(67,2) (67,3) 120
(68,2) (68,3) 184
(69,2) (69,3) 172
(70,2) (70,3) 160
(71,2) (71,3) 144
(72,2) (72,3) 141
(73,2) (73,3) 127
(74,2) (74,3) 112
(75,2) (75,3) 181
(76,2) (76,3) 140
(77,2) (77,3) 131
(78,2) (78,3) 161
(79,2) (79,3) 96
(80,2) (80,3) 173
(81,2) (81,3) 168
(82,2) (82,3) 159
(83,2) (83,3) 123
(84,2) (84,3) 152
(85,2) (85,3) 164
(86,2) (86,3) 108
(87,2) (87,3) 126
(88,2) (88,3) 130
(89,2) (89,3) 117
(90,2) (90,3) 111
(91,2) (91,3) 184
(92,2) (92,3) 100
(93,2) (93,3) 148
(94,2) (94,3) 177
(95,2) (95,3) 114
(96,2) (96,3) 102
(97,2) (97,3) 110
(98,2) (98,3) 173
(99,2) (99,3) 135
(100,2) (100,3) 92
(1,3) (1,4) 160
(2,3) (2,4) 136
(3,3) (3,4) 168
(4,3) (4,4) 168
(5,3) (5,4) 143
(6,3) (6,4) 98
(7,3) (7,4) 174
(8,3) (8,4) 143
(9,3) (9,4) 93
(10,3) (10,4) 88
(11,3) (11,4) 126
(12,3) (12,4) 137
(13,3) (13,4) 104
(14,3) (14,4) 135
(15,3) (15,4) 169
(16,3) (16,4) 108
(17,3) (17,4) 120
(18,3) (18,4) 101
(19,3) (19,4) 117
(20,3) (20,4) 149
(21,3) (21,4) 181
(22,3) (22,4) 96
(23,3) (23,4) 93
(24,3) (24,4) 131
(25,3) (25,4) 119
(26,3) (26,4) 132
(27,3) (27,4) 108
(28,3) (28,4) 128
(29,3) (29,4) 134
(30,3) (30,4) 103
(31,3) (31,4) 118
(32,3) (32,4) 174
(33,3) (33,4) 170
(34,3) (34,4) 156
(35,3) (35,4) 107
(36,3) (36,4) 135
(37,3) (37,4) 127
(38,3) (38,4) 87
(39,3) (39,4) 152
(40,3) (40,4) 182
(41,3) (41,4) 158
(42,3) (42,4) 149
(43,3) (43,4) 113
(44,3) (44,4) 143
(45,3) (45,4) 160
(46,3) (46,4) 147
(47,3) (47,4) 93
(48,3) (48,4) 149
(49,3) (49,4) 101
(50,3) (50,4) 105
(51,3) (51,4) 181
(52,3) (52,4) 182
(53,3) (53,4) 177
(54,3) (54,4) 170
(55,3) (55,4) 112
(56,3) (56,4) 135
(57,3) (57,4) 103
(58,3) (58,4) 127
(59,3) (59,4) 181
(60,3) (60,4) 119
(61,3) (61,4) 163
(62,3) (62,4) 94
(63,3) (63,4) 163
(64,3) (64,4) 171
(65,3) (65,4) 114
(66,3) (66,4) 105
(67,3) (67,4) 105
(68,3) (68,4) 100
(69,3) (69,4) 153
(70,3) (70,4) 115
(71,3) (71,4) 93
(72,3) (72,4) 113
(73,3) (73,4) 115
(74,3) (74,4) 87
(75,3) (75,4) 116
(76,3) (76,4) 151
(77,3) (77,4) 139
(78,3) (78,4) 127
(79,3) (79,4) 97
(80,3) (80,4) 162
(81,3) (81,4) 182
(82,3) (82,4) 184
(83,3) (83,4) 107
(84,3) (84,4) 146
(85,3) (85,4) 178
(86,3) (86,4) 97
(87,3) (87,4) 137
(88,3) (88,4) 89
(89,3) (89,4) 93
(90,3) (90,4) 182
(91,3) (91,4) 163
(92,3) (92,4) 161
(93,3) (93,4) 102
(94,3) (94,4) 128
(95,3) (95,4) 95
(96,3) (96,4) 178
(97,3) (97,4) 164
(98,3) (98,4) 126
(99,3) (99,4) 175
(100,3) (100,4) 113
(1,4) (1,5) 122
(2,4) (2,5) 142
(3,4) (3,5) 135
(4,4) (4,5) 174
(5,4) (5,5) 166
(6,4) (6,5) 163
(7,4) (7,5) 124
(8,4) (8,5) 108
(9,4) (9,5) 162
(10,4) (10,5) 91
(11,4) (11,5) 90
(12,4) (12,5) 172
(13,4) (13,5) 159
(14,4) (14,5) 129
(15,4) (15,5) 167
(16,4) (16,5) 158
(17,4) (17,5) 104
(18,4) (18,5) 94
(19,4) (19,5) 112
(20,4) (20,5) 124
(21,4) (21,5) 164
(22,4) (22,5) 152
(23,4) (23,5) 117
(24,4) (24,5) 171
(25,4) (25,5) 98
(26,4) (26,5) 119
(27,4) (27,5) 150
(28,4) (28,5) 123
(29,4) (29,5) 129
(30,4) (30,5) 184
(31,4) (31,5) 105
(32,4) (32,5) 179
(33,4) (33,5) 130
(34,4) (34,5) 121
(35,4) (35,5) 105
(36,4) (36,5) 163
(37,4) (37,5) 169
(38,4) (38,5) 140
(39,4) (39,5) 156
(40,4) (40,5) 116
(41,4) (41,5) 126
(42,4) (42,5) 179
(43,4) (43,5) 116
(44,4) (44,5) 94
(45,4) (45,5) 152
(46,4) (46,5) 153
(47,4) (47,5) 144
(48,4) (48,5) 152
(49,4) (49,5) 155
(50,4) (50,5) 159
(51,4) (51,5) 85
(52,4) (52,5) 112
(53,4) (53,5) 176
(54,4) (54,5) 170
(55,4) (55,5) 141
(56,4) (56,5) 181
(57,4) (57,5) 89
(58,4) (58,5) 117
(59,4) (59,5) 125
(60,4) (60,5) 139
(61,4) (61,5) 116
(62,4) (62,5) 143
(63,4) (63,5) 170
(64,4) (64,5) 170
(65,4) (65,5) 108
(66,4) (66,5) 86
(67,4) (67,5) 130
(68,4) (68,5) 160
(69,4) (69,5) 167
(70,4) (70,5) 91
(71,4) (71,5) 152
(72,4) (72,5) 169
(73,4) (73,5) 148
(74,4) (74,5) 168
(75,4) (75,5) 176
(76,4) (76,5) 133
(77,4) (77,5) 90
(78,4) (78,5) 168
(79,4) (79,5) 174
(80,4) (80,5) 157
(81,4) (81,5) 86
(82,4) (82,5) 126
(83,4) (83,5) 164
(84,4) (84,5) 110
(85,4) (85,5) 101
(86,4) (86,5) 107
(87,4) (87,5) 103
(88,4) (88,5) 155
(89,4) (89,5) 129
(90,4) (90,5) 161
(91,4) (91,5) 154
(92,4) (92,5) 101
(93,4) (93,5) 173
(94,4) (94,5) 143
(95,4) (95,5) 99
(96,4) (96,5) 122
(97,4) (97,5) 146
(98,4) (98,5) 179
(99,4) (99,5) 128
(100,4) (100,5) 88
(1,5) (1,6) 153
(2,5) (2,6) 176
(3,5) (3,6) 134
(4,5) (4,6) 140
(5,5) (5,6) 175
(6,5) (6,6) 141
(7,5) (7,6) 160
(8,5) (8,6) 128
(9,5) (9,6) 151
(10,5) (10,6) 165
(11,5) (11,6) 86
(12,5) (12,6) 133
(13,5) (13,6) 118
(14,5) (14,6) 165
(15,5) (15,6) 101
(16,5) (16,6) 109
(17,5) (17,6) 167
(18,5) (18,6) 128
(19,5) (19,6) 144
(20,5) (20,6) 112
(21,5) (21,6) 135
(22,5) (22,6) 88
(23,5) (23,6) 90
(24,5) (24,6) 170
(25,5) (25,6) 153
(26,5) (26,6) 111
(27,5) (27,6) 119
(28,5) (28,6) 163
(29,5) (29,6) 102
(30,5) (30,6) 135
(31,5) (31,6) 150
(32,5) (32,6) 171
(33,5) (33,6) 121
(34,5) (34,6) 182
(35,5) (35,6) 107
(36,5) (36,6) 126
(37,5) (37,6) 89
(38,5) (38,6) 113
(39,5) (39,6) 101
(40,5) (40,6) 139
(41,5) (41,6) 170
(42,5) (42,6) 109
(43,5) (43,6) 123
(44,5) (44,6) 168
(45,5) (45,6) 167
(46,5) (46,6) 126
(47,5) (47,6) 121
(48,5) (48,6) 138
(49,5) (49,6) 91
(50,5) (50,6) 173
(51,5) (51,6) 124
(52,5) (52,6) 150
(53,5) (53,6) 115
(54,5) (54,6) 164
(55,5) (55,6) 134
(56,5) (56,6) 161
(57,5) (57,6) 107
(58,5) (58,6) 112
(59,5) (59,6) 175
(60,5) (60,6) 105
(61,5) (61,6) 89
(62,5) (62,6) 122
(63,5) (63,6) 135
(64,5) (64,6) 118
(65,5) (65,6) 158
(66,5) (66,6) 182
(67,5) (67,6) 178
(68,5) (68,6) 101
(69,5) (69,6) 92
(70,5) (70,6) 114
(71,5) (71,6) 116
(72,5) (72,6) 151
(73,5) (73,6) 116
(74,5) (74,6) 104
(75,5) (75,6) 107
(76,5) (76,6) 149
(77,5) (77,6) 181
(78,5) (78,6) 105
(79,5) (79,6) 138
(80,5) (80,6) 116
(81,5) (81,6) 148
(82,5) (82,6) 153
(83,5) (83,6) 122
(84,5) (84,6) 144
(85,5) (85,6) 164
(86,5) (86,6) 103
(87,5) (87,6) 104
(88,5) (88,6) 147
(89,5) (89,6) 155
(90,5) (90,6) 125
(91,5) (91,6) 170
(92,5) (92,6) 175
(93,5) (93,6) 142
(94,5) (94,6) 184
(95,5) (95,6) 169
(96,5) (96,6) 128
(97,5) (97,6) 145
(98,5) (98,6) 120
(99,5) (99,6) 117
(100,5) (100,6) 178
(1,6) (1,7) 90
(2,6) (2,7) 143
(3,6) (3,7) 119
(4,6) (4,7) 95
(5,6) (5,7) 179
(6,6) (6,7) 85
(7,6) (7,7) 115
(8,6) (8,7) 90
(9,6) (9,7) 160
(10,6) (10,7) 128
(11,6) (11,7) 105
(12,6) (12,7) 171
(13,6) (13,7) 115
(14,6) (14,7) 113
(15,6) (15,7) 118
(16,6) (16,7) 105
(17,6) (17,7) 144
(18,6) (18,7) 127
(19,6) (19,7) 145
(20,6) (20,7) 147
(21,6) (21,7) 105
(22,6) (22,7) 171
(23,6) (23,7) 137
(24,6) (24,7) 163
(25,6) (25,7) 179
(26,6) (26,7) 122
(27,6) (27,7) 123
(28,6) (28,7) 102
(29,6) (29,7) 123
(30,6) (30,7) 152
(31,6) (31,7) 184
(32,6) (32,7) 173
(33,6) (33,7) 151
(34,6) (34,7) 157
(35,6) (35,7) 88
(36,6) (36,7) 156
(37,6) (37,7) 134
(38,6) (38,7) 145
(39,6) (39,7) 89
(40,6) (40,7) 169
(41,6) (41,7) 179
(42,6) (42,7) 156
(43,6) (43,7) 123
(44,6) (44,7) 148
(45,6) (45,7) 123
(46,6) (46,7) 133
(47,6) (47,7) 126
(48,6) (48,7) 131
(49,6) (49,7) 125
(50,6) (50,7) 126
(51,6) (51,7) 106
(52,6) (52,7) 109
(53,6) (53,7) 106
(54,6) (54,7) 170
(55,6) (55,7) 124
(56,6) (56,7) 100
(57,6) (57,7) 114
(58,6) (58,7) 106
(59,6) (59,7) 121
(60,6) (60,7) 119
(61,6) (61,7) 85
(62,6) (62,7) 161
(63,6) (63,7) 108
(64,6) (64,7) 133
(65,6) (65,7) 125
(66,6) (66,7) 146
(67,6) (67,7) 141
(68,6) (68,7) 85
(69,6) (69,7) 105
(70,6) (70,7) 120
(71,6) (71,7) 173
(72,6) (72,7) 140
(73,6) (73,7) 151
(74,6) (74,7) 130
(75,6) (75,7) 110
(76,6) (76,7) 130
(77,6) (77,7) 148
(78,6) (78,7) 149
(79,6) (79,7) 107
(80,6) (80,7) 148
(81,6) (81,7) 120
(82,6) (82,7) 175
(83,6) (83,7) 129
(84,6) (84,7) 170
(85,6) (85,7) 129
(86,6) (86,7) 86
(87,6) (87,7) 153
(88,6) (88,7) 105
(89,6) (89,7) 136
(90,6) (90,7) 154
(91,6) (91,7) 91
(92,6) (92,7) 147
(93,6) (93,7) 182
(94,6) (94,7) 143
(95,6) (95,7) 168
(96,6) (96,7) 172
(97,6) (97,7) 158
(98,6) (98,7) 148
(99,6) (99,7) 120
(100,6) (100,7) 98
(1,7) (1,8) 157
(2,7) (2,8) 101
(3,7) (3,8) 146
(4,7) (4,8) 145
(5,7) (5,8) 140
(6,7) (6,8) 165
(7,7) (7,8) 87
(8,7) (8,8) 114
(9,7) (9,8) 118
(10,7) (10,8) 168
(11,7) (11,8) 91
(12,7) (12,8) 153
(13,7) (13,8) 85
(14,7) (14,8) 170
(15,7) (15,8) 168
(16,7) (16,8) 145
(17,7) (17,8) 90
(18,7) (18,8) 158
(19,7) (19,8) 171
(20,7) (20,8) 127
(21,7) (21,8) 157
(22,7) (22,8) 153
(23,7) (23,8) 129
(24,7) (24,8) 107
(25,7) (25,8) 147
(26,7) (26,8) 164
(27,7) (27,8) 177
(28,7) (28,8) 149
(29,7) (29,8) 99
(30,7) (30,8) 182
(31,7) (31,8) 179
(32,7) (32,8) 100
(33,7) (33,8) 101
(34,7) (34,8) 141
(35,7) (35,8) 133
(36,7) (36,8) 101
(37,7) (37,8) 98
(38,7) (38,8) 181
(39,7) (39,8) 131
(40,7) (40,8) 183
(41,7) (41,8) 182
(42,7) (42,8) 94
(43,7) (43,8) 126
(44,7) (44,8) 142
(45,7) (45,8) 135
(46,7) (46,8) 104
(47,7) (47,8) 173
(48,7) (48,8) 170
(49,7) (49,8) 177
(50,7) (50,8) 118
(51,7) (51,8) 144
(52,7) (52,8) 134
(53,7) (53,8) 168
(54,7) (54,8) 87
(55,7) (55,8) 151
(56,7) (56,8) 94
(57,7) (57,8) 127
(58,7) (58,8) 166
(59,7) (59,8) 183
(60,7) (60,8) 119
(61,7) (61,8) 92
(62,7) (62,8) 175
(63,7) (63,8) 140
(64,7) (64,8) 114
(65,7) (65,8) 113
(66,7) (66,8) 108
(67,7) (67,8) 149
(68,7) (68,8) 153
(69,7) (69,8) 128
(70,7) (70,8) 166
(71,7) (71,8) 136
(72,7) (72,8) 89
(73,7) (73,8) 166
(74,7) (74,8) 121
(75,7) (75,8) 127
(76,7) (76,8) 95
(77,7) (77,8) 107
(78,7) (78,8) 179
(79,7) (79,8) 150
(80,7) (80,8) 162
(81,7) (81,8) 127
(82,7) (82,8) 152
(83,7) (83,8) 152
(84,7) (84,8) 107
(85,7) (85,8) 175
(86,7) (86,8) 168
(87,7) (87,8) 113
(88,7) (88,8) 141
(89,7) (89,8) 109
(90,7) (90,8) 114
(91,7) (91,8) 153
(92,7) (92,8) 148
(93,7) (93,8) 157
(94,7) (94,8) 182
(95,7) (95,8) 89
(96,7) (96,8) 101
(97,7) (97,8) 117
(98,7) (98,8) 173
(99,7) (99,8) 103
(100,7) (100,8) 159
(1,8) (1,9) 160
(2,8) (2,9) 144
(3,8) (3,9) 92
(4,8) (4,9) 97
(5,8) (5,9) 144
(6,8) (6,9) 151
(7,8) (7,9) 119
(8,8) (8,9) 88
(9,8) (9,9) 125
(10,8) (10,9) 181
(11,8) (11,9) 138
(12,8) (12,9) 176
(13,8) (13,9) 167
(14,8) (14,9) 138
(15,8) (15,9) 92
(16,8) (16,9) 88
(17,8) (17,9) 160
(18,8) (18,9) 172
(19,8) (19,9) 175
(20,8) (20,9) 127
(21,8) (21,9) 88
(22,8) (22,9) 103
(23,8) (23,9) 87
(24,8) (24,9) 154
(25,8) (25,9) 97
(26,8) (26,9) 116
(27,8) (27,9) 152
(28,8) (28,9) 144
(29,8) (29,9) 90
(30,8) (30,9) 85
(31,8) (31,9) 154
(32,8) (32,9) 96
(33,8) (33,9) 140
(34,8) (34,9) 167
(35,8) (35,9) 181
(36,8) (36,9) 110
(37,8) (37,9) 128
(38,8) (38,9) 108
(39,8) (39,9) 113
(40,8) (40,9) 125
(41,8) (41,9) 165
(42,8) (42,9) 93
(43,8) (43,9) 144
(44,8) (44,9) 89
(45,8) (45,9) 94
(46,8) (46,9) 177
(47,8) (47,9) 116
(48,8) (48,9) 117
(49,8) (49,9) 128
(50,8) (50,9) 120
(51,8) (51,9) 113
(52,8) (52,9) 153
(53,8) (53,9) 157
(54,8) (54,9) 182
(55,8) (55,9) 170
(56,8) (56,9) 95
(57,8) (57,9) 118
(58,8) (58,9) 86
(59,8) (59,9) 168
(60,8) (60,9) 163
(61,8) (61,9) 127
(62,8) (62,9) 103
(63,8) (63,9) 179
(64,8) (64,9) 168
(65,8) (65,9) 104
(66,8) (66,9) 112
(67,8) (67,9) 137
(68,8) (68,9) 173
(69,8) (69,9) 137
(70,8) (70,9) 174
(71,8) (71,9) 146
(72,8) (72,9) 86
(73,8) (73,9) 163
(74,8) (74,9) 103
(75,8) (75,9) 182
(76,8) (76,9) 132
(77,8) (77,9) 122
(78,8) (78,9) 160
(79,8) (79,9) 123
(80,8) (80,9) 88
(81,8) (81,9) 86
(82,8) (82,9) 166
(83,8) (83,9) 135
(84,8) (84,9) 109
(85,8) (85,9) 134
(86,8) (86,9) 135
(87,8) (87,9) 134
(88,8) (88,9) 173
(89,8) (89,9) 106
(90,8) (90,9) 153
(91,8) (91,9) 160
(92,8) (92,9) 135
(93,8) (93,9) 176
(94,8) (94,9) 113
(95,8) (95,9) 113
(96,8) (96,9) 174
(97,8) (97,9) 162
(98,8) (98,9) 102
(99,8) (99,9) 158
(100,8) (100,9) 165
(1,9) (1,10) 135
(2,9) (2,10) 91
(3,9) (3,10) 126
(4,9) (4,10) 94
(5,9) (5,10) 86
(6,9) (6,10) 163
(7,9) (7,10) 95
(8,9) (8,10) 138
(9,9) (9,10) 125
(10,9) (10,10) 172
(11,9) (11,10) 158
(12,9) (12,10) 140
(13,9) (13,10) 152
(14,9) (14,10) 88
(15,9) (15,10) 157
(16,9) (16,10) 170
(17,9) (17,10) 182
(18,9) (18,10) 109
(19,9) (19,10) 174
(20,9) (20,10) 89
(21,9) (21,10) 117
(22,9) (22,10) 175
(23,9) (23,10) 134
(24,9) (24,10) 163
(25,9) (25,10) 182
(26,9) (26,10) 108
(27,9) (27,10) 137
(28,9) (28,10) 164
(29,9) (29,10) 88
(30,9) (30,10) 88
(31,9) (31,10) 150
(32,9) (32,10) 110
(33,9) (33,10) 90
(34,9) (34,10) 135
(35,9) (35,10) 112
(36,9) (36,10) 167
(37,9) (37,10) 96
(38,9) (38,10) 85
(39,9) (39,10) 122
(40,9) (40,10) 94
(41,9) (41,10) 130
(42,9) (42,10) 85
(43,9) (43,10) 136
(44,9) (44,10) 105
(45,9) (45,10) 140
(46,9) (46,10) 89
(47,9) (47,10) 171
(48,9) (48,10) 141
(49,9) (49,10) 110
(50,9) (50,10) 129
(51,9) (51,10) 123
(52,9) (52,10) 115
(53,9) (53,10) 93
(54,9) (54,10) 138
(55,9) (55,10) 177
(56,9) (56,10) 92
(57,9) (57,10) 112
(58,9) (58,10) 111
(59,9) (59,10) 87
(60,9) (60,10) 161
(61,9) (61,10) 108
(62,9) (62,10) 92
(63,9) (63,10) 172
(64,9) (64,10) 117
(65,9) (65,10) 154
(66,9) (66,10) 172
(67,9) (67,10) 152
(68,9) (68,10) 155
(69,9) (69,10) 155
(70,9) (70,10) 149
(71,9) (71,10) 121
(72,9) (72,10) 164
(73,9) (73,10) 122
(74,9) (74,10) 178
(75,9) (75,10) 102
(76,9) (76,10) 110
(77,9) (77,10) 135
(78,9) (78,10) 125
(79,9) (79,10) 117
(80,9) (80,10) 148
(81,9) (81,10) 96
(82,9) (82,10) 155
(83,9) (83,10) 120
(84,9) (84,10) 155
(85,9) (85,10) 160
(86,9) (86,10) 113
(87,9) (87,10) 153
(88,9) (88,10) 113
(89,9) (89,10) 122
(90,9) (90,10) 104
(91,9) (91,10) 110
(92,9) (92,10) 112
(93,9) (93,10) 123
(94,9) (94,10) 130
(95,9) (95,10) 159
(96,9) (96,10) 110
(97,9) (97,10) 172
(98,9) (98,10) 124
(99,9) (99,10) 139
(100,9) (100,10) 140
(1,1) (2,1) 103
(2,1) (1,1) 88
(2,1) (3,1) 179
(3,1) (2,1) 117
(3,1) (4,1) 148
(4,1) (3,1) 156
(4,1) (5,1) 99
(5,1) (4,1) 177
(5,1) (6,1) 153
(6,1) (5,1) 120
(6,1) (7,1) 107
(7,1) (6,1) 159
(7,1) (8,1) 114
(8,1) (7,1) 134
(8,1) (9,1) 154
(9,1) (8,1) 85
(9,1) (10,1) 132
(10,1) (9,1) 116
(10,1) (11,1) 173
(11,1) (10,1) 90
(11,1) (12,1) 116
(12,1) (11,1) 88
(12,1) (13,1) 162
(13,1) (12,1) 87
(13,1) (14,1) 88
(14,1) (13,1) 176
(14,1) (15,1) 89
(15,1) (14,1) 123
(15,1) (16,1) 151
(16,1) (15,1) 163
(16,1) (17,1) 140
(17,1) (16,1) 120
(17,1) (18,1) 118
(18,1) (17,1) 141
(18,1) (19,1) 120
(19,1) (18,1) 112
(19,1) (20,1) 120
(20,1) (19,1) 107
(20,1) (21,1) 116
(21,1) (20,1) 120
(21,1) (22,1) 110
(22,1) (21,1) 107
(22,1) (23,1) 105
(23,1) (22,1) 161
(23,1) (24,1) 91
(24,1) (23,1) 99
(24,1) (25,1) 88
(25,1) (24,1) 176
(25,1) (26,1) 135
(26,1) (25,1) 120
(26,1) (27,1) 175
(27,1) (26,1) 104
(27,1) (28,1) 151
(28,1) (27,1) 127
(28,1) (29,1) 120
(29,1) (28,1) 140
(29,1) (30,1) 174
(30,1) (29,1) 111
(30,1) (31,1) 85
(31,1) (30,1) 182
(31,1) (32,1) 164
(32,1) (31,1) 179
(32,1) (33,1) 124
(33,1) (32,1) 88
(33,1) (34,1) 174
(34,1) (33,1) 176
(34,1) (35,1) 160
(35,1) (34,1) 141
(35,1) (36,1) 134
(36,1) (35,1) 126
(36,1) (37,1) 112
(37,1) (36,1) 152
(37,1) (38,1) 153
(38,1) (37,1) 136
(38,1) (39,1) 100
(39,1) (38,1) 162
(39,1) (40,1) 128
(40,1) (39,1) 105
(40,1) (41,1) 159
(41,1) (40,1) 106
(41,1) (42,1) 121
(42,1) (41,1) 179
(42,1) (43,1) 130
(43,1) (42,1) 166
(43,1) (44,1) 162
(44,1) (43,1) 96
(44,1) (45,1) 152
(45,1) (44,1) 100
(45,1) (46,1) 128
(46,1) (45,1) 136
(46,1) (47,1) 119
(47,1) (46,1) 123
(47,1) (48,1) 121
(48,1) (47,1) 126
(48,1) (49,1) 95
(49,1) (48,1) 112
(49,1) (50,1) 120
(50,1) (49,1) 141
(50,1) (51,1) 103
(51,1) (50,1) 149
(51,1) (52,1) 127
(52,1) (51,1) 106
(52,1) (53,1) 112
(53,1) (52,1) 86
(53,1) (54,1) 99
(54,1) (53,1) 177
(54,1) (55,1) 90
(55,1) (54,1) 103
(55,1) (56,1) 88
(56,1) (55,1) 166
(56,1) (57,1) 170
(57,1) (56,1) 93
(57,1) (58,1) 144
(58,1) (57,1) 179
(58,1) (59,1) 154
(59,1) (58,1) 173
(59,1) (60,1) 117
(60,1) (59,1) 175
(60,1) (61,1) 165
(61,1) (60,1) 107
(61,1) (62,1) 123
(62,1) (61,1) 182
(62,1) (63,1) 178
(63,1) (62,1) 165
(63,1) (64,1) 152
(64,1) (63,1) 160
(64,1) (65,1) 140
(65,1) (64,1) 96
(65,1) (66,1) 184
(66,1) (65,1) 180
(66,1) (67,1) 85
(67,1) (66,1) 148
(67,1) (68,1) 93
(68,1) (67,1) 87
(68,1) (69,1) 179
(69,1) (68,1) 88
(69,1) (70,1) 120
(70,1) (69,1) 129
(70,1) (71,1) 112
(71,1) (70,1) 95
(71,1) (72,1) 95
(72,1) (71,1) 168
(72,1) (73,1) 90
(73,1) (72,1) 119
(73,1) (74,1) 174
(74,1) (73,1) 111
(74,1) (75,1) 139
(75,1) (74,1) 104
(75,1) (76,1) 165
(76,1) (75,1) 154
(76,1) (77,1) 135
(77,1) (76,1) 177
(77,1) (78,1) 115
(78,1) (77,1) 113
(78,1) (79,1) 164
(79,1) (78,1) 144
(79,1) (80,1) 88
(80,1) (79,1) 98
(80,1) (81,1) 100
(81,1) (80,1) 104
(81,1) (82,1) 142
(82,1) (81,1) 117
(82,1) (83,1) 174
(83,1) (82,1) 89
(83,1) (84,1) 163
(84,1) (83,1) 164
(84,1) (85,1) 146
(85,1) (84,1) 183
(85,1) (86,1) 92
(86,1) (85,1) 180
(86,1) (87,1) 131
(87,1) (86,1) 110
(87,1) (88,1) 177
(88,1) (87,1) 103
(88,1) (89,1) 158
(89,1) (88,1) 174
(89,1) (90,1) 104
(90,1) (89,1) 90
(90,1) (91,1) 161
(91,1) (90,1) 124
(91,1) (92,1) 168
(92,1) (91,1) 163
(92,1) (93,1) 135
(93,1) (92,1) 166
(93,1) (94,1) 175
(94,1) (93,1) 109
(94,1) (95,1) 128
(95,1) (94,1) 153
(95,1) (96,1) 126
(96,1) (95,1) 116
(96,1) (97,1) 106
(97,1) (96,1) 168
(97,1) (98,1) 89
(98,1) (97,1) 125
(98,1) (99,1) 142
(99,1) (98,1) 164
(99,1) (100,1) 118
(100,1) (99,1) 166
(1,2) (2,2) 96
(2,2) (1,2) 110
(2,2) (3,2) 154
(3,2) (2,2) 122
(3,2) (4,2) 161
(4,2) (3,2) 153
(4,2) (5,2) 139
(5,2) (4,2) 172
(5,2) (6,2) 155
(6,2) (5,2) 111
(6,2) (7,2) 154
(7,2) (6,2) 159
(7,2) (8,2) 88
(8,2) (7,2) 88
(8,2) (9,2) 144
(9,2) (8,2) 135
(9,2) (10,2) 181
(10,2) (9,2) 158
(10,2) (11,2) 181
(11,2) (10,2) 158
(11,2) (12,2) 142
(12,2) (11,2) 163
(12,2) (13,2) 157
(13,2) (12,2) 110
(13,2) (14,2) 135
(14,2) (13,2) 184
(14,2) (15,2) 94
(15,2) (14,2) 150
(15,2) (16,2) 153
(16,2) (15,2) 97
(16,2) (17,2) 124
(17,2) (16,2) 184
(17,2) (18,2) 138
(18,2) (17,2) 183
(18,2) (19,2) 112
(19,2) (18,2) 163
(19,2) (20,2) 119
(20,2) (19,2) 136
(20,2) (21,2) 176
(21,2) (20,2) 183
(21,2) (22,2) 105
(22,2) (21,2) 139
(22,2) (23,2) 135
(23,2) (22,2) 159
(23,2) (24,2) 108
(24,2) (23,2) 120
(24,2) (25,2) 165
(25,2) (24,2) 133
(25,2) (26,2) 132
(26,2) (25,2) 161
(26,2) (27,2) 99
(27,2) (26,2) 164
(27,2) (28,2) 130
(28,2) (27,2) 90
(28,2) (29,2) 137
(29,2) (28,2) 167
(29,2) (30,2) 178
(30,2) (29,2) 175
(30,2) (31,2) 133
(31,2) (30,2) 118
(31,2) (32,2) 87
(32,2) (31,2) 157
(32,2) (33,2) 160
(33,2) (32,2) 128
(33,2) (34,2) 140
(34,2) (33,2) 145
(34,2) (35,2) 164
(35,2) (34,2) 104
(35,2) (36,2) 102
(36,2) (35,2) 181
(36,2) (37,2) 168
(37,2) (36,2) 168
(37,2) (38,2) 103
(38,2) (37,2) 88
(38,2) (39,2) 145
(39,2) (38,2) 163
(39,2) (40,2) 97
(40,2) (39,2) 125
(40,2) (41,2) 89
(41,2) (40,2) 110
(41,2) (42,2) 165
(42,2) (41,2) 126
(42,2) (43,2) 142
(43,2) (42,2) 164
(43,2) (44,2) 152
(44,2) (43,2) 123
(44,2) (45,2) 138
(45,2) (44,2) 140
(45,2) (46,2) 176
(46,2) (45,2) 175
(46,2) (47,2) 138
(47,2) (46,2) 160
(47,2) (48,2) 168
(48,2) (47,2) 132
(48,2) (49,2) 150
(49,2) (48,2) 124
(49,2) (50,2) 93
(50,2) (49,2) 172
(50,2) (51,2) 115
(51,2) (50,2) 148
(51,2) (52,2) 132
(52,2) (51,2) 87
(52,2) (53,2) 160
(53,2) (52,2) 102
(53,2) (54,2) 85
(54,2) (53,2) 91
(54,2) (55,2) 94
(55,2) (54,2) 160
(55,2) (56,2) 107
(56,2) (55,2) 122
(56,2) (57,2) 94
(57,2) (56,2) 134
(57,2) (58,2) 143
(58,2) (57,2) 159
(58,2) (59,2) 114
(59,2) (58,2) 129
(59,2) (60,2) 124
(60,2) (59,2) 138
(60,2) (61,2) 129
(61,2) (60,2) 112
(61,2) (62,2) 88
(62,2) (61,2) 166
(62,2) (63,2) 125
(63,2) (62,2) 152
(63,2) (64,2) 124
(64,2) (63,2) 153
(64,2) (65,2) 155
(65,2) (64,2) 96
(65,2) (66,2) 141
(66,2) (65,2) 143
(66,2) (67,2) 112
(67,2) (66,2) 182
(67,2) (68,2) 99
(68,2) (67,2) 155
(68,2) (69,2) 166
(69,2) (68,2) 102
(69,2) (70,2) 172
(70,2) (69,2) 87
(70,2) (71,2) 127
(71,2) (70,2) 152
(71,2) (72,2) 110
(72,2) (71,2) 179
(72,2) (73,2) 136
(73,2) (72,2) 152
(73,2) (74,2) 111
(74,2) (73,2) 122
(74,2) (75,2) 90
(75,2) (74,2) 151
(75,2) (76,2) 174
(76,2) (75,2) 137
(76,2) (77,2) 121
(77,2) (76,2) 153
(77,2) (78,2) 143
(78,2) (77,2) 169
(78,2) (79,2) 157
(79,2) (78,2) 139
(79,2) (80,2) 155
(80,2) (79,2) 144
(80,2) (81,2) 158
(81,2) (80,2) 93
(81,2) (82,2) 105
(82,2) (81,2) 100
(82,2) (83,2) 85
(83,2) (82,2) 152
(83,2) (84,2) 149
(84,2) (83,2) 139
(84,2) (85,2) 184
(85,2) (84,2) 99
(85,2) (86,2) 132
(86,2) (85,2) 130
(86,2) (87,2) 88
(87,2) (86,2) 161
(87,2) (88,2) 159
(88,2) (87,2) 109
(88,2) (89,2) 113
(89,2) (88,2) 161
(89,2) (90,2) 140
(90,2) (89,2) 125
(90,2) (91,2) 100
(91,2) (90,2) 174
(91,2) (92,2) 90
(92,2) (91,2) 130
(92,2) (93,2) 178
(93,2) (92,2) 132
(93,2) (94,2) 156
(94,2) (93,2) 121
(94,2) (95,2) 111
(95,2) (94,2) 119
(95,2) (96,2) 137
(96,2) (95,2) 161
(96,2) (97,2) 163
(97,2) (96,2) 135
(97,2) (98,2) 149
(98,2) (97,2) 97
(98,2) (99,2) 176
(99,2) (98,2) 89
(99,2) (100,2) 140
(100,2) (99,2) 162
(1,3) (2,3) 118
(2,3) (1,3) 159
(2,3) (3,3) 96
(3,3) (2,3) 111
(3,3) (4,3) 152
(4,3) (3,3) 142
(4,3) (5,3) 124
(5,3) (4,3) 151
(5,3) (6,3) 163
(6,3) (5,3) 117
(6,3) (7,3) 143
(7,3) (6,3) 150
(7,3) (8,3) 106
(8,3) (7,3) 114
(8,3) (9,3) 112
(9,3) (8,3) 177
(9,3) (10,3) 172
(10,3) (9,3) 88
(10,3) (11,3) 112
(11,3) (10,3) 140
(11,3) (12,3) 147
(12,3) (11,3) 98
(12,3) (13,3) 182
(13,3) (12,3) 126
(13,3) (14,3) 86
(14,3) (13,3) 170
(14,3) (15,3) 96
(15,3) (14,3) 131
(15,3) (16,3) 154
(16,3) (15,3) 138
(16,3) (17,3) 183
(17,3) (16,3) 93
(17,3) (18,3) 146
(18,3) (17,3) 147
(18,3) (19,3) 176
(19,3) (18,3) 114
(19,3) (20,3) 177
(20,3) (19,3) 108
(20,3) (21,3) 86
(21,3) (20,3) 154
(21,3) (22,3) 101
(22,3) (21,3) 160
(22,3) (23,3) 140
(23,3) (22,3) 122
(23,3) (24,3) 165
(24,3) (23,3) 123
(24,3) (25,3) 152
(25,3) (24,3) 169
(25,3) (26,3) 136
(26,3) (25,3) 163
(26,3) (27,3) 110
(27,3) (26,3) 95
(27,3) (28,3) 177
(28,3) (27,3) 182
(28,3) (29,3) 183
(29,3) (28,3) 168
(29,3) (30,3) 116
(30,3) (29,3) 89
(30,3) (31,3) 163
(31,3) (30,3) 90
(31,3) (32,3) 163
(32,3) (31,3) 149
(32,3) (33,3) 137
(33,3) (32,3) 99
(33,3) (34,3) 126
(34,3) (33,3) 86
(34,3) (35,3) 94
(35,3) (34,3) 170
(35,3) (36,3) 101
(36,3) (35,3) 157
(36,3) (37,3) 93
(37,3) (36,3) 101
(37,3) (38,3) 99
(38,3) (37,3) 169
(38,3) (39,3) 98
(39,3) (38,3) 161
(39,3) (40,3) 144
(40,3) (39,3) 90
(40,3) (41,3) 162
(41,3) (40,3) 90
(41,3) (42,3) 101
(42,3) (41,3) 114
(42,3) (43,3) 147
(43,3) (42,3) 130
(43,3) (44,3) 172
(44,3) (43,3) 169
(44,3) (45,3) 162
(45,3) (44,3) 137
(45,3) (46,3) 108
(46,3) (45,3) 165
(46,3) (47,3) 153
(47,3) (46,3) 126
(47,3) (48,3) 130
(48,3) (47,3) 108
(48,3) (49,3) 172
(49,3) (48,3) 157
(49,3) (50,3) 181
(50,3) (49,3) 146
(50,3) (51,3) 155
(51,3) (50,3) 124
(51,3) (52,3) 125
(52,3) (51,3) 170
(52,3) (53,3) 158
(53,3) (52,3) 149
(53,3) (54,3) 162
(54,3) (53,3) 88
(54,3) (55,3) 169
(55,3) (54,3) 175
(55,3) (56,3) 173
(56,3) (55,3) 169
(56,3) (57,3) 94
(57,3) (56,3) 153
(57,3) (58,3) 151
(58,3) (57,3) 180
(58,3) (59,3) 127
(59,3) (58,3) 101
(59,3) (60,3) 150
(60,3) (59,3) 178
(60,3) (61,3) 108
(61,3) (60,3) 180
(61,3) (62,3) 94
(62,3) (61,3) 137
(62,3) (63,3) 91
(63,3) (62,3) 123
(63,3) (64,3) 148
(64,3) (63,3) 173
(64,3) (65,3) 107
(65,3) (64,3) 134
(65,3) (66,3) 172
(66,3) (65,3) 156
(66,3) (67,3) 134
(67,3) (66,3) 97
(67,3) (68,3) 136
(68,3) (67,3) 108
(68,3) (69,3) 135
(69,3) (68,3) 149
(69,3) (70,3) 133
(70,3) (69,3) 131
(70,3) (71,3) 102
(71,3) (70,3) 92
(71,3) (72,3) 106
(72,3) (71,3) 130
(72,3) (73,3) 141
(73,3) (72,3) 173
(73,3) (74,3) 111
(74,3) (73,3) 95
(74,3) (75,3) 89
(75,3) (74,3) 143
(75,3) (76,3) 173
(76,3) (75,3) 134
(76,3) (77,3) 166
(77,3) (76,3) 146
(77,3) (78,3) 95
(78,3) (77,3) 170
(78,3) (79,3) 176
(79,3) (78,3) 105
(79,3) (80,3) 86
(80,3) (79,3) 174
(80,3) (81,3) 181
(81,3) (80,3) 138
(81,3) (82,3) 98
(82,3) (81,3) 171
(82,3) (83,3) 124
(83,3) (82,3) 119
(83,3) (84,3) 116
(84,3) (83,3) 166
(84,3) (85,3) 133
(85,3) (84,3) 117
(85,3) (86,3) 104
(86,3) (85,3) 100
(86,3) (87,3) 101
(87,3) (86,3) 136
(87,3) (88,3) 144
(88,3) (87,3) 112
(88,3) (89,3) 109
(89,3) (88,3) 151
(89,3) (90,3) 136
(90,3) (89,3) 156
(90,3) (91,3) 109
(91,3) (90,3) 162
(91,3) (92,3) 177
(92,3) (91,3) 151
(92,3) (93,3) 162
(93,3) (92,3) 150
(93,3) (94,3) 137
(94,3) (93,3) 168
(94,3) (95,3) 101
(95,3) (94,3) 160
(95,3) (96,3) 177
(96,3) (95,3) 150
(96,3) (97,3) 96
(97,3) (96,3) 126
(97,3) (98,3) 91
(98,3) (97,3) 116
(98,3) (99,3) 112
(99,3) (98,3) 159
(99,3) (100,3) 135
(100,3) (99,3) 92
(1,4) (2,4) 169
(2,4) (1,4) 166
(2,4) (3,4) 151
(3,4) (2,4) 143
(3,4) (4,4) 109
(4,4) (3,4) 171
(4,4) (5,4) 151
(5,4) (4,4) 143
(5,4) (6,4) 167
(6,4) (5,4) 166
(6,4) (7,4) 146
(7,4) (6,4) 166
(7,4) (8,4) 156
(8,4) (7,4) 125
(8,4) (9,4) 88
(9,4) (8,4) 151
(9,4) (10,4) 145
(10,4) (9,4) 156
(10,4) (11,4) 110
(11,4) (10,4) 151
(11,4) (12,4) 157
(12,4) (11,4) 108
(12,4) (13,4) 160
(13,4) (12,4) 142
(13,4) (14,4) 179
(14,4) (13,4) 93
(14,4) (15,4) 147
(15,4) (14,4) 99
(15,4) (16,4) 147
(16,4) (15,4) 173
(16,4) (17,4) 86
(17,4) (16,4) 166
(17,4) (18,4) 125
(18,4) (17,4) 115
(18,4) (19,4) 127
(19,4) (18,4) 126
(19,4) (20,4) 94
(20,4) (19,4) 169
(20,4) (21,4) 154
(21,4) (20,4) 88
(21,4) (22,4) 128
(22,4) (21,4) 110
(22,4) (23,4) 109
(23,4) (22,4) 155
(23,4) (24,4) 170
(24,4) (23,4) 91
(24,4) (25,4) 96
(25,4) (24,4) 184
(25,4) (26,4) 92
(26,4) (25,4) 149
(26,4) (27,4) 146
(27,4) (26,4) 154
(27,4) (28,4) 149
(28,4) (27,4) 168
(28,4) (29,4) 166
(29,4) (28,4) 104
(29,4) (30,4) 146
(30,4) (29,4) 164
(30,4) (31,4) 122
(31,4) (30,4) 136
(31,4) (32,4) 180
(32,4) (31,4) 145
(32,4) (33,4) 165
(33,4) (32,4) 132
(33,4) (34,4) 134
(34,4) (33,4) 165
(34,4) (35,4) 127
(35,4) (34,4) 182
(35,4) (36,4) 149
(36,4) (35,4) 177
(36,4) (37,4) 151
(37,4) (36,4) 85
(37,4) (38,4) 174
(38,4) (37,4) 144
(38,4) (39,4) 126
(39,4) (38,4) 132
(39,4) (40,4) 162
(40,4) (39,4) 105
(40,4) (41,4) 111
(41,4) (40,4) 152
(41,4) (42,4) 85
(42,4) (41,4) 136
(42,4) (43,4) 92
(43,4) (42,4) 162
(43,4) (44,4) 100
(44,4) (43,4) 134
(44,4) (45,4) 126
(45,4) (44,4) 89
(45,4) (46,4) 157
(46,4) (45,4) 106
(46,4) (47,4) 89
(47,4) (46,4) 146
(47,4) (48,4) 133
(48,4) (47,4) 151
(48,4) (49,4) 111
(49,4) (48,4) 143
(49,4) (50,4) 105
(50,4) (49,4) 111
(50,4) (51,4) 167
(51,4) (50,4) 86
(51,4) (52,4) 102
(52,4) (51,4) 153
(52,4) (53,4) 104
(53,4) (52,4) 92
(53,4) (54,4) 130
(54,4) (53,4) 91
(54,4) (55,4) 100
(55,4) (54,4) 120
(55,4) (56,4) 181
(56,4) (55,4) 160
(56,4) (57,4) 143
(57,4) (56,4) 114
(57,4) (58,4) 126
(58,4) (57,4) 154
(58,4) (59,4) 179
(59,4) (58,4) 146
(59,4) (60,4) 111
(60,4) (59,4) 136
(60,4) (61,4) 173
(61,4) (60,4) 170
(61,4) (62,4) 183
(62,4) (61,4) 111
(62,4) (63,4) 155
(63,4) (62,4) 117
(63,4) (64,4) 102
(64,4) (63,4) 163
(64,4) (65,4) 133
(65,4) (64,4) 109
(65,4) (66,4) 160
(66,4) (65,4) 105
(66,4) (67,4) 128
(67,4) (66,4) 100
(67,4) (68,4) 140
(68,4) (67,4) 171
(68,4) (69,4) 122
(69,4) (68,4) 131
(69,4) (70,4) 113
(70,4) (69,4) 140
(70,4) (71,4) 163
(71,4) (70,4) 168
(71,4) (72,4) 138
(72,4) (71,4) 170
(72,4) (73,4) 116
(73,4) (72,4) 154
(73,4) (74,4) 145
(74,4) (73,4) 178
(74,4) (75,4) 170
(75,4) (74,4) 119
(75,4) (76,4) 114
(76,4) (75,4) 127
(76,4) (77,4) 115
(77,4) (76,4) 178
(77,4) (78,4) 174
(78,4) (77,4) 144
(78,4) (79,4) 85
(79,4) (78,4) 99
(79,4) (80,4) 140
(80,4) (79,4) 128
(80,4) (81,4) 116
(81,4) (80,4) 168
(81,4) (82,4) 145
(82,4) (81,4) 172
(82,4) (83,4) 161
(83,4) (82,4) 149
(83,4) (84,4) 144
(84,4) (83,4) 132
(84,4) (85,4) 152
(85,4) (84,4) 132
(85,4) (86,4) 177
(86,4) (85,4) 162
(86,4) (87,4) 152
(87,4) (86,4) 100
(87,4) (88,4) 169
(88,4) (87,4) 88
(88,4) (89,4) 96
(89,4) (88,4) 177
(89,4) (90,4) 100
(90,4) (89,4) 153
(90,4) (91,4) 170
(91,4) (90,4) 85
(91,4) (92,4) 179
(92,4) (91,4) 96
(92,4) (93,4) 91
(93,4) (92,4) 129
(93,4) (94,4) 117
(94,4) (93,4) 112
(94,4) (95,4) 94
(95,4) (94,4) 130
(95,4) (96,4) 110
(96,4) (95,4) 140
(96,4) (97,4) 109
(97,4) (96,4) 139
(97,4) (98,4) 115
(98,4) (97,4) 111
(98,4) (99,4) 126
(99,4) (98,4) 165
(99,4) (100,4) 125
(100,4) (99,4) 92
(1,5) (2,5) 152
(2,5) (1,5) 150
(2,5) (3,5) 91
(3,5) (2,5) 161
(3,5) (4,5) 118
(4,5) (3,5) 135
(4,5) (5,5) 132
(5,5) (4,5) 170
(5,5) (6,5) 145
(6,5) (5,5) 173
(6,5) (7,5) 182
(7,5) (6,5) 178
(7,5) (8,5) 85
(8,5) (7,5) 135
(8,5) (9,5) 165
(9,5) (8,5) 141
(9,5) (10,5) 162
(10,5) (9,5) 119
(10,5) (11,5) 116
(11,5) (10,5) 128
(11,5) (12,5) 130
(12,5) (11,5) 182
(12,5) (13,5) 146
(13,5) (12,5) 181
(13,5) (14,5) 183
(14,5) (13,5) 170
(14,5) (15,5) 113
(15,5) (14,5) 159
(15,5) (16,5) 119
(16,5) (15,5) 159
(16,5) (17,5) 88
(17,5) (16,5) 99
(17,5) (18,5) 160
(18,5) (17,5) 134
(18,5) (19,5) 176
(19,5) (18,5) 158
(19,5) (20,5) 153
(20,5) (19,5) 102
(20,5) (21,5) 112
(21,5) (20,5) 112
(21,5) (22,5) 160
(22,5) (21,5) 156
(22,5) (23,5) 162
(23,5) (22,5) 157
(23,5) (24,5) 98
(24,5) (23,5) 110
(24,5) (25,5) 178
(25,5) (24,5) 159
(25,5) (26,5) 137
(26,5) (25,5) 104
(26,5) (27,5) 151
(27,5) (26,5) 175
(27,5) (28,5) 93
(28,5) (27,5) 133
(28,5) (29,5) 141
(29,5) (28,5) 153
(29,5) (30,5) 181
(30,5) (29,5) 109
(30,5) (31,5) 137
(31,5) (30,5) 147
(31,5) (32,5) 141
(32,5) (31,5) 120
(32,5) (33,5) 144
(33,5) (32,5) 101
(33,5) (34,5) 109
(34,5) (33,5) 86
(34,5) (35,5) 146
(35,5) (34,5) 88
(35,5) (36,5) 93
(36,5) (35,5) 113
(36,5) (37,5) 100
(37,5) (36,5) 170
(37,5) (38,5) 173
(38,5) (37,5) 165
(38,5) (39,5) 178
(39,5) (38,5) 147
(39,5) (40,5) 121
(40,5) (39,5) 174
(40,5) (41,5) 155
(41,5) (40,5) 102
(41,5) (42,5) 158
(42,5) (41,5) 153
(42,5) (43,5) 110
(43,5) (42,5) 161
(43,5) (44,5) 183
(44,5) (43,5) 129
(44,5) (45,5) 129
(45,5) (44,5) 138
(45,5) (46,5) 146
(46,5) (45,5) 109
(46,5) (47,5) 170
(47,5) (46,5) 95
(47,5) (48,5) 111
(48,5) (47,5) 180
(48,5) (49,5) 142
(49,5) (48,5) 162
(49,5) (50,5) 91
(50,5) (49,5) 152
(50,5) (51,5) 87
(51,5) (50,5) 148
(51,5) (52,5) 131
(52,5) (51,5) 147
(52,5) (53,5) 138
(53,5) (52,5) 88
(53,5) (54,5) 88
(54,5) (53,5) 100
(54,5) (55,5) 168
(55,5) (54,5) 183
(55,5) (56,5) 87
(56,5) (55,5) 151
(56,5) (57,5) 131
(57,5) (56,5) 173
(57,5) (58,5) 109
(58,5) (57,5) 172
(58,5) (59,5) 153
(59,5) (58,5) 99
(59,5) (60,5) 93
(60,5) (59,5) 98
(60,5) (61,5) 102
(61,5) (60,5) 149
(61,5) (62,5) 103
(62,5) (61,5) 184
(62,5) (63,5) 163
(63,5) (62,5) 120
(63,5) (64,5) 169
(64,5) (63,5) 110
(64,5) (65,5) 149
(65,5) (64,5) 150
(65,5) (66,5) 149
(66,5) (65,5) 162
(66,5) (67,5) 166
(67,5) (66,5) 109
(67,5) (68,5) 170
(68,5) (67,5) 85
(68,5) (69,5) 178
(69,5) (68,5) 93
(69,5) (70,5) 140
(70,5) (69,5) 113
(70,5) (71,5) 122
(71,5) (70,5) 153
(71,5) (72,5) 151
(72,5) (71,5) 112
(72,5) (73,5) 178
(73,5) (72,5) 90
(73,5) (74,5) 108
(74,5) (73,5) 179
(74,5) (75,5) 100
(75,5) (74,5) 157
(75,5) (76,5) 170
(76,5) (75,5) 106
(76,5) (77,5) 167
(77,5) (76,5) 146
(77,5) (78,5) 164
(78,5) (77,5) 116
(78,5) (79,5) 94
(79,5) (78,5) 181
(79,5) (80,5) 116
(80,5) (79,5) 143
(80,5) (81,5) 162
(81,5) (80,5) 113
(81,5) (82,5) 137
(82,5) (81,5) 106
(82,5) (83,5) 134
(83,5) (82,5) 116
(83,5) (84,5) 86
(84,5) (83,5) 99
(84,5) (85,5) 109
(85,5) (84,5) 127
(85,5) (86,5) 178
(86,5) (85,5) 144
(86,5) (87,5) 179
(87,5) (86,5) 86
(87,5) (88,5) 101
(88,5) (87,5) 153
(88,5) (89,5) 101
(89,5) (88,5) 128
(89,5) (90,5) 169
(90,5) (89,5) 177
(90,5) (91,5) 96
(91,5) (90,5) 121
(91,5) (92,5) 179
(92,5) (91,5) 103
(92,5) (93,5) 141
(93,5) (92,5) 101
(93,5) (94,5) 136
(94,5) (93,5) 180
(94,5) (95,5) 102
(95,5) (94,5) 179
(95,5) (96,5) 99
(96,5) (95,5) 162
(96,5) (97,5) 109
(97,5) (96,5) 110
(97,5) (98,5) 145
(98,5) (97,5) 99
(98,5) (99,5) 133
(99,5) (98,5) 104
(99,5) (100,5) 120
(100,5) (99,5) 152
(1,6) (2,6) 158
(2,6) (1,6) 176
(2,6) (3,6) 118
(3,6) (2,6) 145
(3,6) (4,6) 179
(4,6) (3,6) 102
(4,6) (5,6) 98
(5,6) (4,6) 104
(5,6) (6,6) 184
(6,6) (5,6) 86
(6,6) (7,6) 117
(7,6) (6,6) 126
(7,6) (8,6) 147
(8,6) (7,6) 121
(8,6) (9,6) 86
(9,6) (8,6) 161
(9,6) (10,6) 175
(10,6) (9,6) 90
(10,6) (11,6) 141
(11,6) (10,6) 184
(11,6) (12,6) 114
(12,6) (11,6) 141
(12,6) (13,6) 134
(13,6) (12,6) 168
(13,6) (14,6) 173
(14,6) (13,6) 167
(14,6) (15,6) 146
(15,6) (14,6) 181
(15,6) (16,6) 114
(16,6) (15,6) 157
(16,6) (17,6) 175
(17,6) (16,6) 145
(17,6) (18,6) 94
(18,6) (17,6) 138
(18,6) (19,6) 136
(19,6) (18,6) 109
(19,6) (20,6) 162
(20,6) (19,6) 167
(20,6) (21,6) 108
(21,6) (20,6) 159
(21,6) (22,6) 134
(22,6) (21,6) 182
(22,6) (23,6) 112
(23,6) (22,6) 179
(23,6) (24,6) 102
(24,6) (23,6) 181
(24,6) (25,6) 141
(25,6) (24,6) 170
(25,6) (26,6) 97
(26,6) (25,6) 113
(26,6) (27,6) 113
(27,6) (26,6) 140
(27,6) (28,6) 112
(28,6) (27,6) 179
(28,6) (29,6) 173
(29,6) (28,6) 129
(29,6) (30,6) 86
(30,6) (29,6) 166
(30,6) (31,6) 168
(31,6) (30,6) 129
(31,6) (32,6) 168
(32,6) (31,6) 95
(32,6) (33,6) 119
(33,6) (32,6) 86
(33,6) (34,6) 125
(34,6) (33,6) 99
(34,6) (35,6) 115
(35,6) (34,6) 95
(35,6) (36,6) 143
(36,6) (35,6) 119
(36,6) (37,6) 149
(37,6) (36,6) 130
(37,6) (38,6) 120
(38,6) (37,6) 122
(38,6) (39,6) 125
(39,6) (38,6) 106
(39,6) (40,6) 129
(40,6) (39,6) 180
(40,6) (41,6) 124
(41,6) (40,6) 140
(41,6) (42,6) 145
(42,6) (41,6) 94
(42,6) (43,6) 85
(43,6) (42,6) 136
(43,6) (44,6) 151
(44,6) (43,6) 114
(44,6) (45,6) 109
(45,6) (44,6) 137
(45,6) (46,6) 153
(46,6) (45,6) 145
(46,6) (47,6) 114
(47,6) (46,6) 173
(47,6) (48,6) 85
(48,6) (47,6) 184
(48,6) (49,6) 120
(49,6) (48,6) 94
(49,6) (50,6) 174
(50,6) (49,6) 132
(50,6) (51,6) 141
(51,6) (50,6) 91
(51,6) (52,6) 116
(52,6) (51,6) 86
(52,6) (53,6) 165
(53,6) (52,6) 151
(53,6) (54,6) 169
(54,6) (53,6) 99
(54,6) (55,6) 126
(55,6) (54,6) 136
(55,6) (56,6) 156
(56,6) (55,6) 138
(56,6) (57,6) 153
(57,6) (56,6) 147
(57,6) (58,6) 177
(58,6) (57,6) 132
(58,6) (59,6) 112
(59,6) (58,6) 177
(59,6) (60,6) 159
(60,6) (59,6) 121
(60,6) (61,6) 121
(61,6) (60,6) 155
(61,6) (62,6) 130
(62,6) (61,6) 110
(62,6) (63,6) 137
(63,6) (62,6) 91
(63,6) (64,6) 156
(64,6) (63,6) 165
(64,6) (65,6) 135
(65,6) (64,6) 174
(65,6) (66,6) 165
(66,6) (65,6) 117
(66,6) (67,6) 152
(67,6) (66,6) 89
(67,6) (68,6) 168
(68,6) (67,6) 91
(68,6) (69,6) 94
(69,6) (68,6) 144
(69,6) (70,6) 150
(70,6) (69,6) 158
(70,6) (71,6) 165
(71,6) (70,6) 142
(71,6) (72,6) 108
(72,6) (71,6) 100
(72,6) (73,6) 154
(73,6) (72,6) 85
(73,6) (74,6) 161
(74,6) (73,6) 157
(74,6) (75,6) 88
(75,6) (74,6) 153
(75,6) (76,6) 172
(76,6) (75,6) 117
(76,6) (77,6) 113
(77,6) (76,6) 180
(77,6) (78,6) 120
(78,6) (77,6) 158
(78,6) (79,6) 141
(79,6) (78,6) 113
(79,6) (80,6) 165
(80,6) (79,6) 96
(80,6) (81,6) 103
(81,6) (80,6) 90
(81,6) (82,6) 91
(82,6) (81,6) 86
(82,6) (83,6) 129
(83,6) (82,6) 137
(83,6) (84,6) 115
(84,6) (83,6) 138
(84,6) (85,6) 146
(85,6) (84,6) 101
(85,6) (86,6) 167
(86,6) (85,6) 149
(86,6) (87,6) 139
(87,6) (86,6) 179
(87,6) (88,6) 135
(88,6) (87,6) 113
(88,6) (89,6) 122
(89,6) (88,6) 119
(89,6) (90,6) 94
(90,6) (89,6) 143
(90,6) (91,6) 139
(91,6) (90,6) 122
(91,6) (92,6) 182
(92,6) (91,6) 89
(92,6) (93,6) 146
(93,6) (92,6) 139
(93,6) (94,6) 171
(94,6) (93,6) 169
(94,6) (95,6) 90
(95,6) (94,6) 133
(95,6) (96,6) 111
(96,6) (95,6) 180
(96,6) (97,6) 116
(97,6) (96,6) 149
(97,6) (98,6) 124
(98,6) (97,6) 115
(98,6) (99,6) 151
(99,6) (98,6) 147
(99,6) (100,6) 161
(100,6) (99,6) 132
(1,7) (2,7) 172
(2,7) (1,7) 179
(2,7) (3,7) 134
(3,7) (2,7) 153
(3,7) (4,7) 124
(4,7) (3,7) 123
(4,7) (5,7) 110
(5,7) (4,7) 93
(5,7) (6,7) 173
(6,7) (5,7) 140
(6,7) (7,7) 99
(7,7) (6,7) 132
(7,7) (8,7) 170
(8,7) (7,7) 143
(8,7) (9,7) 109
(9,7) (8,7) 126
(9,7) (10,7) 103
(10,7) (9,7) 89
(10,7) (11,7) 96
(11,7) (10,7) 151
(11,7) (12,7) 152
(12,7) (11,7) 151
(12,7) (13,7) 184
(13,7) (12,7) 162
(13,7) (14,7) 114
(14,7) (13,7) 184
(14,7) (15,7) 127
(15,7) (14,7) 176
(15,7) (16,7) 184
(16,7) (15,7) 160
(16,7) (17,7) 138
(17,7) (16,7) 92
(17,7) (18,7) 153
(18,7) (17,7) 154
(18,7) (19,7) 134
(19,7) (18,7) 174
(19,7) (20,7) 103
(20,7) (19,7) 170
(20,7) (21,7) 126
(21,7) (20,7) 129
(21,7) (22,7) 128
(22,7) (21,7) 106
(22,7) (23,7) 109
(23,7) (22,7) 158
(23,7) (24,7) 129
(24,7) (23,7) 160
(24,7) (25,7) 157
(25,7) (24,7) 151
(25,7) (26,7) 144
(26,7) (25,7) 126
(26,7) (27,7) 91
(27,7) (26,7) 168
(27,7) (28,7) 146
(28,7) (27,7) 117
(28,7) (29,7) 175
(29,7) (28,7) 169
(29,7) (30,7) 102
(30,7) (29,7) 98
(30,7) (31,7) 93
(31,7) (30,7) 160
(31,7) (32,7) 90
(32,7) (31,7) 134
(32,7) (33,7) 86
(33,7) (32,7) 95
(33,7) (34,7) 176
(34,7) (33,7) 182
(34,7) (35,7) 173
(35,7) (34,7) 167
(35,7) (36,7) 169
(36,7) (35,7) 85
(36,7) (37,7) 173
(37,7) (36,7) 96
(37,7) (38,7) 122
(38,7) (37,7) 130
(38,7) (39,7) 127
(39,7) (38,7) 90
(39,7) (40,7) 180
(40,7) (39,7) 161
(40,7) (41,7) 98
(41,7) (40,7) 100
(41,7) (42,7) 169
(42,7) (41,7) 125
(42,7) (43,7) 179
(43,7) (42,7) 159
(43,7) (44,7) 125
(44,7) (43,7) 144
(44,7) (45,7) 112
(45,7) (44,7) 162
(45,7) (46,7) 123
(46,7) (45,7) 164
(46,7) (47,7) 137
(47,7) (46,7) 117
(47,7) (48,7) 106
(48,7) (47,7) 143
(48,7) (49,7) 141
(49,7) (48,7) 148
(49,7) (50,7) 177
(50,7) (49,7) 134
(50,7) (51,7) 135
(51,7) (50,7) 150
(51,7) (52,7) 167
(52,7) (51,7) 146
(52,7) (53,7) 97
(53,7) (52,7) 127
(53,7) (54,7) 155
(54,7) (53,7) 104
(54,7) (55,7) 158
(55,7) (54,7) 120
(55,7) (56,7) 150
(56,7) (55,7) 139
(56,7) (57,7) 148
(57,7) (56,7) 90
(57,7) (58,7) 151
(58,7) (57,7) 147
(58,7) (59,7) 93
(59,7) (58,7) 86
(59,7) (60,7) 105
(60,7) (59,7) 97
(60,7) (61,7) 159
(61,7) (60,7) 144
(61,7) (62,7) 90
(62,7) (61,7) 178
(62,7) (63,7) 136
(63,7) (62,7) 130
(63,7) (64,7) 164
(64,7) (63,7) 178
(64,7) (65,7) 171
(65,7) (64,7) 111
(65,7) (66,7) 124
(66,7) (65,7) 135
(66,7) (67,7) 153
(67,7) (66,7) 118
(67,7) (68,7) 146
(68,7) (67,7) 99
(68,7) (69,7) 88
(69,7) (68,7) 169
(69,7) (70,7) 92
(70,7) (69,7) 175
(70,7) (71,7) 86
(71,7) (70,7) 168
(71,7) (72,7) 168
(72,7) (71,7) 104
(72,7) (73,7) 163
(73,7) (72,7) 144
(73,7) (74,7) 173
(74,7) (73,7) 92
(74,7) (75,7) 112
(75,7) (74,7) 136
(75,7) (76,7) 90
(76,7) (75,7) 170
(76,7) (77,7) 132
(77,7) (76,7) 99
(77,7) (78,7) 93
(78,7) (77,7) 116
(78,7) (79,7) 141
(79,7) (78,7) 122
(79,7) (80,7) 119
(80,7) (79,7) 175
(80,7) (81,7) 132
(81,7) (80,7) 145
(81,7) (82,7) 173
(82,7) (81,7) 165
(82,7) (83,7) 91
(83,7) (82,7) 146
(83,7) (84,7) 177
(84,7) (83,7) 111
(84,7) (85,7) 140
(85,7) (84,7) 135
(85,7) (86,7) 159
(86,7) (85,7) 164
(86,7) (87,7) 162
(87,7) (86,7) 134
(87,7) (88,7) 86
(88,7) (87,7) 122
(88,7) (89,7) 91
(89,7) (88,7) 166
(89,7) (90,7) 95
(90,7) (89,7) 136
(90,7) (91,7) 93
(91,7) (90,7) 96
(91,7) (92,7) 136
(92,7) (91,7) 113
(92,7) (93,7) 171
(93,7) (92,7) 136
(93,7) (94,7) 170
(94,7) (93,7) 149
(94,7) (95,7) 153
(95,7) (94,7) 94
(95,7) (96,7) 113
(96,7) (95,7) 111
(96,7) (97,7) 153
(97,7) (96,7) 141
(97,7) (98,7) 97
(98,7) (97,7) 171
(98,7) (99,7) 172
(99,7) (98,7) 88
(99,7) (100,7) 122
(100,7) (99,7) 181
(1,8) (2,8) 135
(2,8) (1,8) 140
(2,8) (3,8) 174
(3,8) (2,8) 110
(3,8) (4,8) 151
(4,8) (3,8) 166
(4,8) (5,8) 108
(5,8) (4,8) 140
(5,8) (6,8) 128
(6,8) (5,8) 157
(6,8) (7,8) 125
(7,8) (6,8) 90
(7,8) (8,8) 91
(8,8) (7,8) 184
(8,8) (9,8) 174
(9,8) (8,8) 141
(9,8) (10,8) 92
(10,8) (9,8) 114
(10,8) (11,8) 172
(11,8) (10,8) 118
(11,8) (12,8) 183
(12,8) (11,8) 111
(12,8) (13,8) 160
(13,8) (12,8) 176
(13,8) (14,8) 140
(14,8) (13,8) 96
(14,8) (15,8) 155
(15,8) (14,8) 150
(15,8) (16,8) 156
(16,8) (15,8) 154
(16,8) (17,8) 95
(17,8) (16,8) 100
(17,8) (18,8) 107
(18,8) (17,8) 100
(18,8) (19,8) 113
(19,8) (18,8) 94
(19,8) (20,8) 168
(20,8) (19,8) 135
(20,8) (21,8) 169
(21,8) (20,8) 94
(21,8) (22,8) 179
(22,8) (21,8) 180
(22,8) (23,8) 120
(23,8) (22,8) 90
(23,8) (24,8) 119
(24,8) (23,8) 94
(24,8) (25,8) 97
(25,8) (24,8) 135
(25,8) (26,8) 127
(26,8) (25,8) 101
(26,8) (27,8) 116
(27,8) (26,8) 106
(27,8) (28,8) 144
(28,8) (27,8) 171
(28,8) (29,8) 157
(29,8) (28,8) 112
(29,8) (30,8) 146
(30,8) (29,8) 117
(30,8) (31,8) 180
(31,8) (30,8) 129
(31,8) (32,8) 113
(32,8) (31,8) 117
(32,8) (33,8) 110
(33,8) (32,8) 101
(33,8) (34,8) 142
(34,8) (33,8) 180
(34,8) (35,8) 98
(35,8) (34,8) 164
(35,8) (36,8) 137
(36,8) (35,8) 111
(36,8) (37,8) 147
(37,8) (36,8) 100
(37,8) (38,8) 134
(38,8) (37,8) 172
(38,8) (39,8) 183
(39,8) (38,8) 102
(39,8) (40,8) 121
(40,8) (39,8) 103
(40,8) (41,8) 181
(41,8) (40,8) 137
(41,8) (42,8) 160
(42,8) (41,8) 166
(42,8) (43,8) 97
(43,8) (42,8) 122
(43,8) (44,8) 156
(44,8) (43,8) 95
(44,8) (45,8) 172
(45,8) (44,8) 173
(45,8) (46,8) 123
(46,8) (45,8) 116
(46,8) (47,8) 147
(47,8) (46,8) 170
(47,8) (48,8) 152
(48,8) (47,8) 157
(48,8) (49,8) 99
(49,8) (48,8) 145
(49,8) (50,8) 138
(50,8) (49,8) 143
(50,8) (51,8) 155
(51,8) (50,8) 132
(51,8) (52,8) 99
(52,8) (51,8) 148
(52,8) (53,8) 120
(53,8) (52,8) 126
(53,8) (54,8) 158
(54,8) (53,8) 160
(54,8) (55,8) 102
(55,8) (54,8) 112
(55,8) (56,8) 124
(56,8) (55,8) 159
(56,8) (57,8) 106
(57,8) (56,8) 124
(57,8) (58,8) 103
(58,8) (57,8) 133
(58,8) (59,8) 91
(59,8) (58,8) 142
(59,8) (60,8) 177
(60,8) (59,8) 179
(60,8) (61,8) 104
(61,8) (60,8) 161
(61,8) (62,8) 119
(62,8) (61,8) 182
(62,8) (63,8) 120
(63,8) (62,8) 178
(63,8) (64,8) 87
(64,8) (63,8) 98
(64,8) (65,8) 184
(65,8) (64,8) 169
(65,8) (66,8) 150
(66,8) (65,8) 126
(66,8) (67,8) 99
(67,8) (66,8) 105
(67,8) (68,8) 110
(68,8) (67,8) 184
(68,8) (69,8) 101
(69,8) (68,8) 165
(69,8) (70,8) 119
(70,8) (69,8) 173
(70,8) (71,8) 170
(71,8) (70,8) 172
(71,8) (72,8) 176
(72,8) (71,8) 146
(72,8) (73,8) 115
(73,8) (72,8) 145
(73,8) (74,8) 101
(74,8) (73,8) 184
(74,8) (75,8) 154
(75,8) (74,8) 94
(75,8) (76,8) 86
(76,8) (75,8) 171
(76,8) (77,8) 114
(77,8) (76,8) 131
(77,8) (78,8) 131
(78,8) (77,8) 91
(78,8) (79,8) 87
(79,8) (78,8) 128
(79,8) (80,8) 170
(80,8) (79,8) 112
(80,8) (81,8) 91
(81,8) (80,8) 168
(81,8) (82,8) 161
(82,8) (81,8) 116
(82,8) (83,8) 119
(83,8) (82,8) 160
(83,8) (84,8) 169
(84,8) (83,8) 85
(84,8) (85,8) 169
(85,8) (84,8) 156
(85,8) (86,8) 94
(86,8) (85,8) 142
(86,8) (87,8) 114
(87,8) (86,8) 152
(87,8) (88,8) 166
(88,8) (87,8) 160
(88,8) (89,8) 129
(89,8) (88,8) 115
(89,8) (90,8) 128
(90,8) (89,8) 182
(90,8) (91,8) 170
(91,8) (90,8) 165
(91,8) (92,8) 93
(92,8) (91,8) 166
(92,8) (93,8) 102
(93,8) (92,8) 164
(93,8) (94,8) 93
(94,8) (93,8) 161
(94,8) (95,8) 100
(95,8) (94,8) 150
(95,8) (96,8) 92
(96,8) (95,8) 167
(96,8) (97,8) 89
(97,8) (96,8) 110
(97,8) (98,8) 93
(98,8) (97,8) 121
(98,8) (99,8) 134
(99,8) (98,8) 152
(99,8) (100,8) 85
(100,8) (99,8) 160
(1,9) (2,9) 130
(2,9) (1,9) 138
(2,9) (3,9) 117
(3,9) (2,9) 111
(3,9) (4,9) 94
(4,9) (3,9) 178
(4,9) (5,9) 138
(5,9) (4,9) 97
(5,9) (6,9) 132
(6,9) (5,9) 178
(6,9) (7,9) 145
(7,9) (6,9) 172
(7,9) (8,9) 152
(8,9) (7,9) 100
(8,9) (9,9) 118
(9,9) (8,9) 122
(9,9) (10,9) 176
(10,9) (9,9) 118
(10,9) (11,9) 166
(11,9) (10,9) 126
(11,9) (12,9) 168
(12,9) (11,9) 129
(12,9) (13,9) 174
(13,9) (12,9) 127
(13,9) (14,9) 126
(14,9) (13,9) 119
(14,9) (15,9) 109
(15,9) (14,9) 170
(15,9) (16,9) 144
(16,9) (15,9) 142
(16,9) (17,9) 101
(17,9) (16,9) 170
(17,9) (18,9) 174
(18,9) (17,9) 181
(18,9) (19,9) 150
(19,9) (18,9) 141
(19,9) (20,9) 107
(20,9) (19,9) 122
(20,9) (21,9) 139
(21,9) (20,9) 153
(21,9) (22,9) 132
(22,9) (21,9) 94
(22,9) (23,9) 108
(23,9) (22,9) 104
(23,9) (24,9) 176
(24,9) (23,9) 166
(24,9) (25,9) 91
(25,9) (24,9) 94
(25,9) (26,9) 132
(26,9) (25,9) 87
(26,9) (27,9) 123
(27,9) (26,9) 162
(27,9) (28,9) 118
(28,9) (27,9) 152
(28,9) (29,9) 168
(29,9) (28,9) 92
(29,9) (30,9) 122
(30,9) (29,9) 143
(30,9) (31,9) 89
(31,9) (30,9) 122
(31,9) (32,9) 113
(32,9) (31,9) 138
(32,9) (33,9) 174
(33,9) (32,9) 157
(33,9) (34,9) 162
(34,9) (33,9) 160
(34,9) (35,9) 155
(35,9) (34,9) 107
(35,9) (36,9) 179
(36,9) (35,9) 166
(36,9) (37,9) 93
(37,9) (36,9) 147
(37,9) (38,9) 85
(38,9) (37,9) 179
(38,9) (39,9) 150
(39,9) (38,9) 166
(39,9) (40,9) 120
(40,9) (39,9) 172
(40,9) (41,9) 93
(41,9) (40,9) 137
(41,9) (42,9) 169
(42,9) (41,9) 105
(42,9) (43,9) 126
(43,9) (42,9) 184
(43,9) (44,9) 175
(44,9) (43,9) 153
(44,9) (45,9) 128
(45,9) (44,9) 113
(45,9) (46,9) 176
(46,9) (45,9) 142
(46,9) (47,9) 184
(47,9) (46,9) 98
(47,9) (48,9) 129
(48,9) (47,9) 143
(48,9) (49,9) 168
(49,9) (48,9) 169
(49,9) (50,9) 110
(50,9) (49,9) 160
(50,9) (51,9) 165
(51,9) (50,9) 102
(51,9) (52,9) 96
(52,9) (51,9) 164
(52,9) (53,9) 181
(53,9) (52,9) 93
(53,9) (54,9) 90
(54,9) (53,9) 162
(54,9) (55,9) 133
(55,9) (54,9) 148
(55,9) (56,9) 158
(56,9) (55,9) 130
(56,9) (57,9) 158
(57,9) (56,9) 132
(57,9) (58,9) 128
(58,9) (57,9) 94
(58,9) (59,9) 97
(59,9) (58,9) 184
(59,9) (60,9) 137
(60,9) (59,9) 165
(60,9) (61,9) 133
(61,9) (60,9) 184
(61,9) (62,9) 166
(62,9) (61,9) 117
(62,9) (63,9) 100
(63,9) (62,9) 169
(63,9) (64,9) 161
(64,9) (63,9) 98
(64,9) (65,9) 177
(65,9) (64,9) 104
(65,9) (66,9) 89
(66,9) (65,9) 155
(66,9) (67,9) 133
(67,9) (66,9) 177
(67,9) (68,9) 178
(68,9) (67,9) 112
(68,9) (69,9) 135
(69,9) (68,9) 149
(69,9) (70,9) 148
(70,9) (69,9) 113
(70,9) (71,9) 98
(71,9) (70,9) 85
(71,9) (72,9) 141
(72,9) (71,9) 87
(72,9) (73,9) 102
(73,9) (72,9) 184
(73,9) (74,9) 109
(74,9) (73,9) 105
(74,9) (75,9) 146
(75,9) (74,9) 115
(75,9) (76,9) 174
(76,9) (75,9) 99
(76,9) (77,9) 85
(77,9) (76,9) 103
(77,9) (78,9) 110
(78,9) (77,9) 146
(78,9) (79,9) 100
(79,9) (78,9) 175
(79,9) (80,9) 184
(80,9) (79,9) 119
(80,9) (81,9) 92
(81,9) (80,9) 93
(81,9) (82,9) 105
(82,9) (81,9) 87
(82,9) (83,9) 117
(83,9) (82,9) 148
(83,9) (84,9) 179
(84,9) (83,9) 127
(84,9) (85,9) 134
(85,9) (84,9) 117
(85,9) (86,9) 107
(86,9) (85,9) 134
(86,9) (87,9) 146
(87,9) (86,9) 182
(87,9) (88,9) 117
(88,9) (87,9) 168
(88,9) (89,9) 140
(89,9) (88,9) 127
(89,9) (90,9) 148
(90,9) (89,9) 114
(90,9) (91,9) 131
(91,9) (90,9) 136
(91,9) (92,9) 145
(92,9) (91,9) 173
(92,9) (93,9) 128
(93,9) (92,9) 112
(93,9) (94,9) 148
(94,9) (93,9) 171
(94,9) (95,9) 140
(95,9) (94,9) 153
(95,9) (96,9) 163
(96,9) (95,9) 162
(96,9) (97,9) 179
(97,9) (96,9) 112
(97,9) (98,9) 164
(98,9) (97,9) 167
(98,9) (99,9) 95
(99,9) (98,9) 124
(99,9) (100,9) 117
(100,9) (99,9) 137
(1,10) (2,10) 183
(2,10) (1,10) 171
(2,10) (3,10) 99
(3,10) (2,10) 156
(3,10) (4,10) 119
(4,10) (3,10) 113
(4,10) (5,10) 179
(5,10) (4,10) 145
(5,10) (6,10) 125
(6,10) (5,10) 114
(6,10) (7,10) 88
(7,10) (6,10) 154
(7,10) (8,10) 114
(8,10) (7,10) 171
(8,10) (9,10) 99
(9,10) (8,10) 100
(9,10) (10,10) 119
(10,10) (9,10) 169
(10,10) (11,10) 114
(11,10) (10,10) 139
(11,10) (12,10) 128
(12,10) (11,10) 174
(12,10) (13,10) 93
(13,10) (12,10) 158
(13,10) (14,10) 150
(14,10) (13,10) 140
(14,10) (15,10) 171
(15,10) (14,10) 114
(15,10) (16,10) 118
(16,10) (15,10) 156
(16,10) (17,10) 139
(17,10) (16,10) 174
(17,10) (18,10) 169
(18,10) (17,10) 180
(18,10) (19,10) 119
(19,10) (18,10) 171
(19,10) (20,10) 163
(20,10) (19,10) 158
(20,10) (21,10) 113
(21,10) (20,10) 101
(21,10) (22,10) 180
(22,10) (21,10) 117
(22,10) (23,10) 167
(23,10) (22,10) 107
(23,10) (24,10) 133
(24,10) (23,10) 125
(24,10) (25,10) 167
(25,10) (24,10) 103
(25,10) (26,10) 118
(26,10) (25,10) 91
(26,10) (27,10) 106
(27,10) (26,10) 94
(27,10) (28,10) 116
(28,10) (27,10) 167
(28,10) (29,10) 94
(29,10) (28,10) 159
(29,10) (30,10) 170
(30,10) (29,10) 119
(30,10) (31,10) 177
(31,10) (30,10) 178
(31,10) (32,10) 133
(32,10) (31,10) 177
(32,10) (33,10) 134
(33,10) (32,10) 121
(33,10) (34,10) 121
(34,10) (33,10) 172
(34,10) (35,10) 160
(35,10) (34,10) 103
(35,10) (36,10) 128
(36,10) (35,10) 108
(36,10) (37,10) 149
(37,10) (36,10) 166
(37,10) (38,10) 130
(38,10) (37,10) 156
(38,10) (39,10) 131
(39,10) (38,10) 119
(39,10) (40,10) 87
(40,10) (39,10) 161
(40,10) (41,10) 157
(41,10) (40,10) 175
(41,10) (42,10) 160
(42,10) (41,10) 114
(42,10) (43,10) 98
(43,10) (42,10) 173
(43,10) (44,10) 160
(44,10) (43,10) 135
(44,10) (45,10) 86
(45,10) (44,10) 163
(45,10) (46,10) 163
(46,10) (45,10) 179
(46,10) (47,10) 108
(47,10) (46,10) 99
(47,10) (48,10) 110
(48,10) (47,10) 182
(48,10) (49,10) 136
(49,10) (48,10) 139
(49,10) (50,10) 178
(50,10) (49,10) 167
(50,10) (51,10) 178
(51,10) (50,10) 121
(51,10) (52,10) 116
(52,10) (51,10) 159
(52,10) (53,10) 151
(53,10) (52,10) 181
(53,10) (54,10) 122
(54,10) (53,10) 127
(54,10) (55,10) 121
(55,10) (54,10) 97
(55,10) (56,10) 143
(56,10) (55,10) 144
(56,10) (57,10) 153
(57,10) (56,10) 120
(57,10) (58,10) 101
(58,10) (57,10) 106
(58,10) (59,10) 163
(59,10) (58,10) 102
(59,10) (60,10) 160
(60,10) (59,10) 106
(60,10) (61,10) 149
(61,10) (60,10) 92
(61,10) (62,10) 88
(62,10) (61,10) 181
(62,10) (63,10) 130
(63,10) (62,10) 87
(63,10) (64,10) 131
(64,10) (63,10) 163
(64,10) (65,10) 107
(65,10) (64,10) 164
(65,10) (66,10) 133
(66,10) (65,10) 133
(66,10) (67,10) 105
(67,10) (66,10) 87
(67,10) (68,10) 109
(68,10) (67,10) 175
(68,10) (69,10) 158
(69,10) (68,10) 105
(69,10) (70,10) 181
(70,10) (69,10) 133
(70,10) (71,10) 88
(71,10) (70,10) 109
(71,10) (72,10) 127
(72,10) (71,10) 133
(72,10) (73,10) 128
(73,10) (72,10) 125
(73,10) (74,10) 90
(74,10) (73,10) 119
(74,10) (75,10) 148
(75,10) (74,10) 155
(75,10) (76,10) 128
(76,10) (75,10) 97
(76,10) (77,10) 152
(77,10) (76,10) 106
(77,10) (78,10) 114
(78,10) (77,10) 134
(78,10) (79,10) 152
(79,10) (78,10) 108
(79,10) (80,10) 130
(80,10) (79,10) 97
(80,10) (81,10) 139
(81,10) (80,10) 91
(81,10) (82,10) 121
(82,10) (81,10) 94
(82,10) (83,10) 117
(83,10) (82,10) 159
(83,10) (84,10) 149
(84,10) (83,10) 93
(84,10) (85,10) 174
(85,10) (84,10) 132
(85,10) (86,10) 178
(86,10) (85,10) 104
(86,10) (87,10) 134
(87,10) (86,10) 119
(87,10) (88,10) 110
(88,10) (87,10) 141
(88,10) (89,10) 181
(89,10) (88,10) 139
(89,10) (90,10) 99
(90,10) (89,10) 100
(90,10) (91,10) 112
(91,10) (90,10) 90
(91,10) (92,10) 140
(92,10) (91,10) 183
(92,10) (93,10) 146
(93,10) (92,10) 167
(93,10) (94,10) 144
(94,10) (93,10) 104
(94,10) (95,10) 126
(95,10) (94,10) 132
(95,10) (96,10) 98
(96,10) (95,10) 171
(96,10) (97,10) 106
(97,10) (96,10) 169
(97,10) (98,10) 171
(98,10) (97,10) 105
(98,10) (99,10) 177
(99,10) (98,10) 112
(99,10) (100,10) 86
(100,10) (99,10) 93
(1,10) t 99
(2,10) t 170
(3,10) t 110
(4,10) t 103
(5,10) t 125
(6,10) t 147
(7,10) t 147
(8,10) t 107
(9,10) t 168
(10,10) t 166
(11,10) t 99
(12,10) t 107
(13,10) t 106
(14,10) t 121
(15,10) t 96
(16,10) t 105
(17,10) t 168
(18,10) t 89
(19,10) t 158
(20,10) t 112
(21,10) t 115
(22,10) t 133
(23,10) t 87
(24,10) t 162
(25,10) t 94
(26,10) t 125
(27,10) t 139
(28,10) t 148
(29,10) t 134
(30,10) t 114
(31,10) t 90
(32,10) t 110
(33,10) t 117
(34,10) t 160
(35,10) t 105
(36,10) t 93
(37,10) t 126
(38,10) t 177
(39,10) t 152
(40,10) t 179
(41,10) t 101
(42,10) t 109
(43,10) t 143
(44,10) t 111
(45,10) t 135
(46,10) t 120
(47,10) t 172
(48,10) t 162
(49,10) t 184
(50,10) t 88
(51,10) t 90
(52,10) t 150
(53,10) t 177
(54,10) t 154
(55,10) t 184
(56,10) t 153
(57,10) t 150
(58,10) t 168
(59,10) t 164
(60,10) t 121
(61,10) t 116
(62,10) t 93
(63,10) t 184
(64,10) t 112
(65,10) t 121
(66,10) t 166
(67,10) t 142
(68,10) t 135
(69,10) t 129
(70,10) t 122
(71,10) t 124
(72,10) t 90
(73,10) t 173
(74,10) t 141
(75,10) t 174
(76,10) t 167
(77,10) t 143
(78,10) t 173
(79,10) t 153
(80,10) t 111
(81,10) t 176
(82,10) t 170
(83,10) t 133
(84,10) t 181
(85,10) t 102
(86,10) t 175
(87,10) t 139
(88,10) t 172
(89,10) t 183
(90,10) t 106
(91,10) t 182
(92,10) t 122
(93,10) t 115
(94,10) t 181
(95,10) t 175
(96,10) t 176
(97,10) t 138
(98,10) t 164
(99,10) t 89
(100,10) t 146
